{
  "className": "composit",
  "size": [
    270.0,
    270.0
  ],
  "node": [
    {
      "name": "^^dynBase_fuel_storage_square_mesh",
      "tm": [
        [
          1.0,
          0.0,
          0.0
        ],
        [
          0.0,
          1.0,
          0.0
        ],
        [
          0.0,
          0.0,
          1.0
        ],
        [
          0.0,
          0.0,
          0.0
        ]
      ],
      "toGround": false
    },
    {
      "name": "+NoTreesBox000",
      "tm": [
        [
          110.0,
          0.0,
          0.0
        ],
        [
          0.0,
          20.0,
          0.0
        ],
        [
          0.0,
          0.0,
          110.0
        ],
        [
          0.0,
          0.0,
          0.0
        ]
      ]
    },
    {
      "name": "universal_airfield_tower_b",
      "tm": [
        [
          0.99995,
          0.0,
          -0.00997176
        ],
        [
          0.0,
          1.0,
          0.0
        ],
        [
          0.00997176,
          0.0,
          0.99995
        ],
        [
          67.5427,
          0.0,
          25.4073
        ]
      ]
    },
    {
      "name": "universal_airfield_tower_b",
      "tm": [
        [
          0.00961875,
          0.0,
          0.999954
        ],
        [
          0.0,
          1.0,
          0.0
        ],
        [
          -0.999954,
          0.0,
          0.00961875
        ],
        [
          -83.4018,
          0.0,
          73.56
        ]
      ]
    },
    {
      "name": "universal_airfield_hangar_a",
      "tm": [
        [
          -0.00560667,
          0.0,
          -0.999984
        ],
        [
          0.0,
          1.0,
          0.0
        ],
        [
          0.999984,
          0.0,
          -0.00560667
        ],
        [
          63.8383,
          0.0,
          56.6003
        ]
      ]
    },
    {
      "name": "universal_airfield_hangar_c",
      "tm": [
        [
          -0.70582,
          0.0,
          0.708391
        ],
        [
          0.0,
          1.0,
          0.0
        ],
        [
          -0.708391,
          0.0,
          -0.70582
        ],
        [
          66.4667,
          0.0,
          -41.5623
        ]
      ]
    },
    {
      "name": "universal_airfield_barrack_c",
      "tm": [
        [
          -0.00272743,
          0.0,
          0.999996
        ],
        [
          0.0,
          1.0,
          0.0
        ],
        [
          -0.999996,
          0.0,
          -0.00272743
        ],
        [
          16.25,
          0.0,
          -5.15584
        ]
      ]
    },
    {
      "name": "universal_airfield_barrack_c",
      "tm": [
        [
          -0.00272743,
          0.0,
          0.999996
        ],
        [
          0.0,
          1.0,
          0.0
        ],
        [
          -0.999996,
          0.0,
          -0.00272743
        ],
        [
          16.2406,
          0.0,
          3.88169
        ]
      ]
    },
    {
      "name": "universal_airfield_barrels_group_c",
      "tm": [
        [
          1.0,
          0.0,
          -2.98023E-08
        ],
        [
          0.0,
          1.0,
          0.0
        ],
        [
          2.98023E-08,
          0.0,
          1.0
        ],
        [
          33.0062,
          0.0,
          -69.7726
        ]
      ]
    },
    {
      "name": "universal_airfield_barrels_group_c",
      "tm": [
        [
          0.97742,
          0.0,
          -0.211304
        ],
        [
          0.0,
          1.0,
          0.0
        ],
        [
          0.211304,
          0.0,
          0.97742
        ],
        [
          45.2632,
          0.0,
          81.0896
        ]
      ]
    },
    {
      "name": "zis5_a",
      "tm": [
        [
          0.999848,
          0.0,
          -0.0174524
        ],
        [
          0.0,
          1.0,
          0.0
        ],
        [
          0.0174524,
          0.0,
          0.999848
        ],
        [
          -68.8682,
          0.0,
          -12.475
        ]
      ]
    },
    {
      "name": "zis5_tent_a",
      "tm": [
        [
          1.0,
          0.0,
          0.0
        ],
        [
          0.0,
          1.0,
          0.0
        ],
        [
          0.0,
          0.0,
          1.0
        ],
        [
          -81.833,
          0.0,
          -7.33149
        ]
      ]
    },
    {
      "name": "zis6_fuel_a",
      "tm": [
        [
          0.999056,
          0.0,
          0.0434502
        ],
        [
          0.0,
          1.0,
          0.0
        ],
        [
          -0.0434502,
          0.0,
          0.999056
        ],
        [
          -68.5267,
          0.0,
          -1.89752
        ]
      ]
    },
    {
      "name": "zis6_fuel_a",
      "tm": [
        [
          -0.98873,
          0.0,
          -0.149707
        ],
        [
          0.0,
          1.0,
          0.0
        ],
        [
          0.149707,
          0.0,
          -0.98873
        ],
        [
          -67.5383,
          0.0,
          -7.29058
        ]
      ]
    },
    {
      "name": "zis5_a",
      "tm": [
        [
          0.999992,
          0.0,
          -0.00389134
        ],
        [
          0.0,
          1.0,
          0.0
        ],
        [
          0.00389134,
          0.0,
          0.999992
        ],
        [
          -81.554,
          0.0,
          -12.5322
        ]
      ]
    },
    {
      "name": "zis5_tent_a",
      "tm": [
        [
          0.97513,
          0.0,
          0.221632
        ],
        [
          0.0,
          1.0,
          0.0
        ],
        [
          -0.221632,
          0.0,
          0.97513
        ],
        [
          -81.5194,
          0.0,
          -1.80559
        ]
      ]
    },
    {
      "name": "universal_airfield_tower_b",
      "tm": [
        [
          0.00312377,
          0.0,
          -0.999995
        ],
        [
          0.0,
          1.0,
          0.0
        ],
        [
          0.999995,
          0.0,
          0.00312377
        ],
        [
          -87.4959,
          0.0,
          -80.9084
        ]
      ]
    },
    {
      "name": "universal_airfield_tower_b",
      "tm": [
        [
          0.00312377,
          0.0,
          -0.999995
        ],
        [
          0.0,
          1.0,
          0.0
        ],
        [
          0.999995,
          0.0,
          0.00312377
        ],
        [
          -34.3147,
          0.0,
          -86.3569
        ]
      ]
    },
    {
      "name": "universal_airfield_tower_b",
      "tm": [
        [
          -0.00312409,
          0.0,
          0.999995
        ],
        [
          0.0,
          1.0,
          0.0
        ],
        [
          -0.999995,
          0.0,
          -0.00312409
        ],
        [
          -88.7843,
          0.0,
          -19.8427
        ]
      ]
    },
    {
      "name": "universal_airfield_tower_b",
      "tm": [
        [
          -0.00312409,
          0.0,
          0.999995
        ],
        [
          0.0,
          1.0,
          0.0
        ],
        [
          -0.999995,
          0.0,
          -0.00312409
        ],
        [
          -20.2901,
          0.0,
          -29.8135
        ]
      ]
    },
    {
      "name": "universal_airfield_oil_storage_c",
      "tm": [
        [
          -1.0,
          0.0,
          1.50996E-07
        ],
        [
          0.0,
          1.0,
          0.0
        ],
        [
          -1.50996E-07,
          0.0,
          -1.0
        ],
        [
          -64.6741,
          0.0,
          -67.4387
        ]
      ]
    },
    {
      "name": "universal_airfield_oil_storage_b",
      "tm": [
        [
          -4.37114E-08,
          0.0,
          -1.0
        ],
        [
          0.0,
          1.0,
          0.0
        ],
        [
          1.0,
          0.0,
          -4.37114E-08
        ],
        [
          -83.7151,
          0.0,
          -72.8526
        ]
      ]
    },
    {
      "name": "universal_airfield_oil_storage_b",
      "tm": [
        [
          1.0,
          0.0,
          0.0
        ],
        [
          0.0,
          1.0,
          0.0
        ],
        [
          0.0,
          0.0,
          1.0
        ],
        [
          -56.9777,
          0.0,
          -27.9954
        ]
      ]
    },
    {
      "name": "universal_airfield_oil_storage_b",
      "tm": [
        [
          1.0,
          0.0,
          0.0
        ],
        [
          0.0,
          1.0,
          0.0
        ],
        [
          0.0,
          0.0,
          1.0
        ],
        [
          -61.3711,
          0.0,
          -27.9954
        ]
      ]
    },
    {
      "name": "universal_airfield_oil_storage_b",
      "tm": [
        [
          -1.0,
          0.0,
          1.50996E-07
        ],
        [
          0.0,
          1.0,
          0.0
        ],
        [
          -1.50996E-07,
          0.0,
          -1.0
        ],
        [
          -61.5023,
          0.0,
          -33.4264
        ]
      ]
    },
    {
      "name": "universal_airfield_oil_storage_b",
      "tm": [
        [
          -1.0,
          0.0,
          1.50996E-07
        ],
        [
          0.0,
          1.0,
          0.0
        ],
        [
          -1.50996E-07,
          0.0,
          -1.0
        ],
        [
          -57.1377,
          0.0,
          -33.4264
        ]
      ]
    },
    {
      "name": "universal_airfield_oil_storage_b",
      "tm": [
        [
          -1.0,
          0.0,
          1.50996E-07
        ],
        [
          0.0,
          1.0,
          0.0
        ],
        [
          -1.50996E-07,
          0.0,
          -1.0
        ],
        [
          -52.7442,
          0.0,
          -33.4264
        ]
      ]
    },
    {
      "name": "universal_airfield_oil_storage_b",
      "tm": [
        [
          -4.37114E-08,
          0.0,
          -1.0
        ],
        [
          0.0,
          1.0,
          0.0
        ],
        [
          1.0,
          0.0,
          -4.37114E-08
        ],
        [
          -83.6582,
          0.0,
          -67.8983
        ]
      ]
    },
    {
      "name": "universal_airfield_oil_storage_b",
      "tm": [
        [
          1.94707E-07,
          0.0,
          1.0
        ],
        [
          0.0,
          1.0,
          0.0
        ],
        [
          -1.0,
          0.0,
          1.94707E-07
        ],
        [
          -83.6991,
          0.0,
          -63.2504
        ]
      ]
    },
    {
      "name": "universal_airfield_fuel_box_a",
      "tm": [
        [
          -4.37114E-08,
          0.0,
          1.0
        ],
        [
          0.0,
          1.0,
          0.0
        ],
        [
          -1.0,
          0.0,
          -4.37114E-08
        ],
        [
          -31.512,
          0.0,
          -61.8307
        ]
      ]
    },
    {
      "name": "universal_airfield_fuel_box_d",
      "tm": [
        [
          0.258819,
          0.0,
          -0.965926
        ],
        [
          0.0,
          1.0,
          0.0
        ],
        [
          0.965926,
          0.0,
          0.258819
        ],
        [
          -36.4502,
          0.0,
          -62.6108
        ]
      ]
    },
    {
      "name": "universal_airfield_fuel_box_e",
      "tm": [
        [
          0.258819,
          0.0,
          0.965926
        ],
        [
          0.0,
          1.0,
          0.0
        ],
        [
          -0.965926,
          0.0,
          0.258819
        ],
        [
          -43.2626,
          0.0,
          -31.8698
        ]
      ]
    },
    {
      "name": "universal_airfield_fuel_tent_a",
      "tm": [
        [
          -0.515038,
          0.0,
          -0.857168
        ],
        [
          0.0,
          1.0,
          0.0
        ],
        [
          0.857168,
          0.0,
          -0.515038
        ],
        [
          -81.8967,
          0.0,
          -36.7482
        ]
      ]
    },
    {
      "name": "universal_airfield_fuel_tent_b",
      "tm": [
        [
          -0.838671,
          0.0,
          0.544639
        ],
        [
          0.0,
          1.0,
          0.0
        ],
        [
          -0.544639,
          0.0,
          -0.838671
        ],
        [
          -51.1306,
          0.0,
          -45.8815
        ]
      ]
    },
    {
      "name": "universal_airfield_fuel_tent_c",
      "tm": [
        [
          0.913545,
          0.0,
          -0.406737
        ],
        [
          0.0,
          1.0,
          0.0
        ],
        [
          0.406737,
          0.0,
          0.913545
        ],
        [
          -68.4906,
          0.0,
          -28.9423
        ]
      ]
    },
    {
      "name": "universal_airfield_fuel_box_b",
      "tm": [
        [
          -1.62921E-07,
          0.0,
          -1.0
        ],
        [
          0.0,
          1.0,
          0.0
        ],
        [
          1.0,
          0.0,
          -1.62921E-07
        ],
        [
          -36.1786,
          0.0,
          -54.6481
        ]
      ]
    },
    {
      "name": "universal_airfield_fuel_box_c",
      "tm": [
        [
          1.94707E-07,
          0.0,
          1.0
        ],
        [
          0.0,
          1.0,
          0.0
        ],
        [
          -1.0,
          0.0,
          1.94707E-07
        ],
        [
          -31.9097,
          0.0,
          -54.6722
        ]
      ]
    },
    {
      "name": "universal_airfield_fuel_tent_b",
      "tm": [
        [
          0.224951,
          0.0,
          0.97437
        ],
        [
          0.0,
          1.0,
          0.0
        ],
        [
          -0.97437,
          0.0,
          0.224951
        ],
        [
          -87.5762,
          0.0,
          -46.8655
        ]
      ]
    },
    {
      "name": "universal_airfield_fuel_tent_c",
      "tm": [
        [
          -0.829037,
          0.0,
          0.559193
        ],
        [
          0.0,
          1.0,
          0.0
        ],
        [
          -0.559193,
          0.0,
          -0.829037
        ],
        [
          -88.5622,
          0.0,
          -41.9279
        ]
      ]
    },
    {
      "name": "universal_airfield_fuel_tent_a",
      "tm": [
        [
          -0.104528,
          0.0,
          -0.994522
        ],
        [
          0.0,
          1.0,
          0.0
        ],
        [
          0.994522,
          0.0,
          -0.104528
        ],
        [
          -88.0975,
          0.0,
          -31.2175
        ]
      ]
    },
    {
      "name": "universal_airfield_oil_storage_c",
      "tm": [
        [
          1.0,
          0.0,
          0.0
        ],
        [
          0.0,
          1.0,
          0.0
        ],
        [
          0.0,
          0.0,
          1.0
        ],
        [
          -65.3381,
          0.0,
          -63.7021
        ]
      ]
    },
    {
      "name": "universal_airfield_oil_storage_c",
      "tm": [
        [
          1.0,
          0.0,
          0.0
        ],
        [
          0.0,
          1.0,
          0.0
        ],
        [
          0.0,
          0.0,
          1.0
        ],
        [
          -74.4101,
          0.0,
          -81.2791
        ]
      ]
    },
    {
      "name": "zis6_fuel_a",
      "tm": [
        [
          0.999943,
          0.0,
          0.0106456
        ],
        [
          0.0,
          1.0,
          0.0
        ],
        [
          -0.0106456,
          0.0,
          0.999943
        ],
        [
          -63.2442,
          0.0,
          -73.6853
        ]
      ]
    },
    {
      "name": "universal_airfield_fuel_tent_a",
      "tm": [
        [
          0.515038,
          0.0,
          0.857167
        ],
        [
          0.0,
          1.0,
          0.0
        ],
        [
          -0.857167,
          0.0,
          0.515038
        ],
        [
          -67.1228,
          0.0,
          -48.2165
        ]
      ]
    },
    {
      "name": "universal_airfield_fuel_tent_a",
      "tm": [
        [
          0.241922,
          0.0,
          -0.970296
        ],
        [
          0.0,
          1.0,
          0.0
        ],
        [
          0.970296,
          0.0,
          0.241922
        ],
        [
          -60.0046,
          0.0,
          -46.4192
        ]
      ]
    },
    {
      "name": "universal_airfield_barrels_group_c",
      "tm": [
        [
          -0.377821,
          0.0,
          -0.925879
        ],
        [
          0.0,
          1.0,
          0.0
        ],
        [
          0.925879,
          0.0,
          -0.377821
        ],
        [
          -30.2134,
          0.0,
          -40.7811
        ]
      ]
    },
    {
      "name": "universal_airfield_fuel_tank_a",
      "tm": [
        [
          0.819152,
          0.0,
          -0.573576
        ],
        [
          0.0,
          1.0,
          0.0
        ],
        [
          0.573576,
          0.0,
          0.819152
        ],
        [
          -59.0049,
          0.0,
          -52.6966
        ]
      ]
    },
    {
      "name": "universal_airfield_fuel_tank_c",
      "tm": [
        [
          0.939693,
          0.0,
          0.34202
        ],
        [
          0.0,
          1.0,
          0.0
        ],
        [
          -0.34202,
          0.0,
          0.939693
        ],
        [
          -33.0784,
          0.0,
          -68.2657
        ]
      ]
    },
    {
      "name": "zis5_a",
      "tm": [
        [
          0.952252,
          0.0,
          0.305314
        ],
        [
          0.0,
          1.0,
          0.0
        ],
        [
          -0.305314,
          0.0,
          0.952252
        ],
        [
          -53.5414,
          0.0,
          -53.4335
        ]
      ]
    },
    {
      "name": "universal_airfield_fuel_tank_c",
      "tm": [
        [
          -0.0871556,
          0.0,
          -0.996195
        ],
        [
          0.0,
          1.0,
          0.0
        ],
        [
          0.996195,
          0.0,
          -0.0871556
        ],
        [
          -48.0518,
          0.0,
          -29.814
        ]
      ]
    },
    {
      "name": "universal_airfield_fuel_tank_a",
      "tm": [
        [
          7.54979E-08,
          0.0,
          -1.0
        ],
        [
          0.0,
          1.0,
          0.0
        ],
        [
          1.0,
          0.0,
          7.54979E-08
        ],
        [
          -54.5569,
          0.0,
          -67.9809
        ]
      ]
    },
    {
      "name": "universal_airfield_fuel_tank_c",
      "tm": [
        [
          -0.173648,
          0.0,
          -0.984808
        ],
        [
          0.0,
          1.0,
          0.0
        ],
        [
          0.984808,
          0.0,
          -0.173648
        ],
        [
          -51.6836,
          0.0,
          -67.0315
        ]
      ]
    },
    {
      "name": "universal_airfield_fuel_tent_a",
      "tm": [
        [
          0.694659,
          0.0,
          -0.71934
        ],
        [
          0.0,
          1.0,
          0.0
        ],
        [
          0.71934,
          0.0,
          0.694659
        ],
        [
          -44.0037,
          0.0,
          -78.6334
        ]
      ]
    },
    {
      "name": "universal_airfield_fuel_tent_b",
      "tm": [
        [
          0.453991,
          0.0,
          -0.891006
        ],
        [
          0.0,
          1.0,
          0.0
        ],
        [
          0.891006,
          0.0,
          0.453991
        ],
        [
          -53.8512,
          0.0,
          -14.1565
        ]
      ]
    },
    {
      "name": "universal_airfield_barrels_group_c",
      "tm": [
        [
          -0.984808,
          0.0,
          0.173648
        ],
        [
          0.0,
          1.0,
          0.0
        ],
        [
          -0.173648,
          0.0,
          -0.984808
        ],
        [
          -86.595,
          0.0,
          -55.4891
        ]
      ]
    },
    {
      "name": "zis5_a",
      "tm": [
        [
          -0.977331,
          0.0,
          0.211716
        ],
        [
          0.0,
          1.0,
          0.0
        ],
        [
          -0.211716,
          0.0,
          -0.977331
        ],
        [
          -36.215,
          0.0,
          -48.2324
        ]
      ]
    }
  ]
}