{
  "className": "composit",
  "size": [
    270.0,
    270.0
  ],
  "node": [
    {
      "name": "^^dynBase_oil_storage_large_square_large_mesh",
      "tm": [
        [
          1.0,
          0.0,
          0.0
        ],
        [
          0.0,
          1.0,
          0.0
        ],
        [
          0.0,
          0.0,
          1.0
        ],
        [
          0.0,
          0.0,
          0.0
        ]
      ],
      "toGround": false
    },
    {
      "name": "++NoTreesBox000",
      "tm": [
        [
          220.0,
          0.0,
          0.0
        ],
        [
          0.0,
          20.0,
          0.0
        ],
        [
          0.0,
          0.0,
          220.0
        ],
        [
          0.0,
          0.0,
          0.0
        ]
      ]
    },
    {
      "name": "universal_airfield_oil_storage_d",
      "tm": [
        [
          -1.0,
          0.0,
          6.75532e-7
        ],
        [
          0.0,
          1.0,
          0.0
        ],
        [
          -6.75532e-7,
          0.0,
          -1.0
        ],
        [
          -122.766,
          0.0,
          94.2691
        ]
      ]
    },
    {
      "name": "universal_airfield_oil_storage_d",
      "tm": [
        [
          -1.0,
          0.0,
          6.75532e-7
        ],
        [
          0.0,
          1.0,
          0.0
        ],
        [
          -6.75532e-7,
          0.0,
          -1.0
        ],
        [
          -101.698,
          0.0,
          81.4913
        ]
      ]
    },
    {
      "name": "universal_airfield_oil_storage_d",
      "tm": [
        [
          -1.0,
          0.0,
          6.75532e-7
        ],
        [
          0.0,
          1.0,
          0.0
        ],
        [
          -6.75532e-7,
          0.0,
          -1.0
        ],
        [
          -122.766,
          0.0,
          68.5297
        ]
      ]
    },
    {
      "name": "universal_airfield_tower_b",
      "tm": [
        [
          -0.744376,
          0.0,
          0.667761
        ],
        [
          0.0,
          1.0,
          0.0
        ],
        [
          -0.667761,
          0.0,
          -0.744376
        ],
        [
          71.64,
          0.0,
          61.1581
        ]
      ]
    },
    {
      "name": "universal_airfield_tower_b",
      "tm": [
        [
          1.0,
          0.0,
          0.0
        ],
        [
          0.0,
          1.0,
          0.0
        ],
        [
          0.0,
          0.0,
          1.0
        ],
        [
          -112.511,
          0.0,
          -126.201
        ]
      ]
    },
    {
      "name": "universal_airfield_tower_b",
      "tm": [
        [
          1.0,
          0.0,
          0.0
        ],
        [
          0.0,
          1.0,
          0.0
        ],
        [
          0.0,
          0.0,
          1.0
        ],
        [
          -174.276,
          0.0,
          -48.1257
        ]
      ]
    },
    {
      "name": "universal_airfield_tower_b",
      "tm": [
        [
          -0.744376,
          0.0,
          0.667761
        ],
        [
          0.0,
          1.0,
          0.0
        ],
        [
          -0.667761,
          0.0,
          -0.744376
        ],
        [
          135.202,
          0.0,
          -123.614
        ]
      ]
    },
    {
      "name": "universal_airfield_barrack_d",
      "tm": [
        [
          -4.37114e-8,
          0.0,
          1.0
        ],
        [
          0.0,
          1.0,
          0.0
        ],
        [
          -1.0,
          0.0,
          -4.37114e-8
        ],
        [
          -46.7653,
          0.0,
          -29.5307
        ]
      ]
    },
    {
      "name": "universal_airfield_barrack_d",
      "tm": [
        [
          -4.37114e-8,
          0.0,
          1.0
        ],
        [
          0.0,
          1.0,
          0.0
        ],
        [
          -1.0,
          0.0,
          -4.37114e-8
        ],
        [
          -78.2749,
          0.0,
          -29.5307
        ]
      ]
    },
    {
      "name": "universal_airfield_barrack_d",
      "tm": [
        [
          -5.96046e-8,
          0.0,
          1.0
        ],
        [
          0.0,
          1.0,
          0.0
        ],
        [
          -1.0,
          0.0,
          -5.96046e-8
        ],
        [
          -62.7466,
          0.0,
          -43.2
        ]
      ]
    },
    {
      "name": "universal_airfield_barrack_d",
      "tm": [
        [
          -5.96046e-8,
          0.0,
          1.0
        ],
        [
          0.0,
          1.0,
          0.0
        ],
        [
          -1.0,
          0.0,
          -5.96046e-8
        ],
        [
          5.21534,
          0.0,
          -29.5
        ]
      ]
    },
    {
      "name": "universal_airfield_barrack_d",
      "tm": [
        [
          -5.96046e-8,
          0.0,
          1.0
        ],
        [
          0.0,
          1.0,
          0.0
        ],
        [
          -1.0,
          0.0,
          -5.96046e-8
        ],
        [
          22.0935,
          0.0,
          -43.2464
        ]
      ]
    },
    {
      "name": "universal_airfield_barrack_d",
      "tm": [
        [
          -5.96046e-8,
          0.0,
          1.0
        ],
        [
          0.0,
          1.0,
          0.0
        ],
        [
          -1.0,
          0.0,
          -5.96046e-8
        ],
        [
          38.075,
          0.0,
          -29.5
        ]
      ]
    },
    {
      "name": "universal_airfield_barrack_d",
      "tm": [
        [
          1.0,
          0.0,
          -1.19209e-7
        ],
        [
          0.0,
          1.0,
          0.0
        ],
        [
          1.19209e-7,
          0.0,
          1.0
        ],
        [
          137.57,
          0.0000839233,
          -85.825
        ]
      ]
    },
    {
      "name": "universal_airfield_barrack_d",
      "tm": [
        [
          1.0,
          0.0,
          -1.19209e-7
        ],
        [
          0.0,
          1.0,
          0.0
        ],
        [
          1.19209e-7,
          0.0,
          1.0
        ],
        [
          185.901,
          0.0000839233,
          -85.825
        ]
      ]
    },
    {
      "name": "universal_airfield_barrack_d",
      "tm": [
        [
          1.94707e-7,
          0.0,
          1.0
        ],
        [
          0.0,
          1.0,
          0.0
        ],
        [
          -1.0,
          0.0,
          1.94707e-7
        ],
        [
          160.166,
          0.0000839233,
          -85.825
        ]
      ]
    },
    {
      "name": "universal_airfield_barrack_f",
      "tm": [
        [
          1.19249e-8,
          0.0,
          -1.0
        ],
        [
          0.0,
          1.0,
          0.0
        ],
        [
          1.0,
          0.0,
          1.19249e-8
        ],
        [
          138.963,
          0.0000228882,
          -164.432
        ]
      ]
    },
    {
      "name": "universal_airfield_barrack_f",
      "tm": [
        [
          1.19249e-8,
          0.0,
          -1.0
        ],
        [
          0.0,
          1.0,
          0.0
        ],
        [
          1.0,
          0.0,
          1.19249e-8
        ],
        [
          126.678,
          0.0000228882,
          -174.258
        ]
      ]
    },
    {
      "name": "universal_airfield_barrack_f",
      "tm": [
        [
          1.19249e-8,
          0.0,
          -1.0
        ],
        [
          0.0,
          1.0,
          0.0
        ],
        [
          1.0,
          0.0,
          1.19249e-8
        ],
        [
          113.553,
          0.0000228882,
          -164.432
        ]
      ]
    },
    {
      "name": "universal_airfield_barrack_a",
      "tm": [
        [
          0.707107,
          0.0,
          -0.707107
        ],
        [
          0.0,
          1.0,
          0.0
        ],
        [
          0.707107,
          0.0,
          0.707107
        ],
        [
          86.2853,
          0.0,
          -91.5536
        ]
      ]
    },
    {
      "name": "universal_airfield_barrack_a",
      "tm": [
        [
          -0.707107,
          0.0,
          0.707107
        ],
        [
          0.0,
          1.0,
          0.0
        ],
        [
          -0.707107,
          0.0,
          -0.707107
        ],
        [
          85.6168,
          0.0000152588,
          -142.934
        ]
      ]
    },
    {
      "name": "universal_airfield_barrack_a",
      "tm": [
        [
          0.707107,
          0.0,
          0.707107
        ],
        [
          0.0,
          1.0,
          0.0
        ],
        [
          -0.707107,
          0.0,
          0.707107
        ],
        [
          69.4887,
          0.0000152588,
          -159.29
        ]
      ]
    },
    {
      "name": "universal_airfield_barrack_a",
      "tm": [
        [
          0.707107,
          0.0,
          0.707107
        ],
        [
          0.0,
          1.0,
          0.0
        ],
        [
          -0.707107,
          0.0,
          0.707107
        ],
        [
          69.4887,
          0.0000152588,
          -108.519
        ]
      ]
    },
    {
      "name": "universal_airfield_hangar_b",
      "tm": [
        [
          1.0,
          0.0,
          0.0
        ],
        [
          0.0,
          1.0,
          0.0
        ],
        [
          0.0,
          0.0,
          1.0
        ],
        [
          -149.627,
          0.0,
          -11.0199
        ]
      ]
    },
    {
      "name": "universal_airfield_hangar_d",
      "tm": [
        [
          1.0,
          0.0,
          0.0
        ],
        [
          0.0,
          1.0,
          0.0
        ],
        [
          0.0,
          0.0,
          1.0
        ],
        [
          -48.9947,
          0.0,
          165.155
        ]
      ]
    },
    {
      "name": "universal_airfield_barrels_group_c",
      "tm": [
        [
          -0.373857,
          0.0,
          0.927486
        ],
        [
          0.0,
          1.0,
          0.0
        ],
        [
          -0.927486,
          0.0,
          -0.373857
        ],
        [
          -44.2954,
          0.0,
          40.6121
        ]
      ]
    },
    {
      "name": "universal_airfield_barrels_group_c",
      "tm": [
        [
          0.700332,
          0.0,
          -0.713816
        ],
        [
          0.0,
          1.0,
          0.0
        ],
        [
          0.713816,
          0.0,
          0.700332
        ],
        [
          -41.4904,
          0.0,
          32.3258
        ]
      ]
    },
    {
      "name": "universal_airfield_barrack_a",
      "tm": [
        [
          -1.0,
          0.0,
          -8.74228e-8
        ],
        [
          0.0,
          1.0,
          0.0
        ],
        [
          8.74228e-8,
          0.0,
          -1.0
        ],
        [
          162.647,
          -0.0000152588,
          -133.642
        ]
      ]
    },
    {
      "name": "universal_airfield_barrack_a",
      "tm": [
        [
          -1.0,
          0.0,
          -8.74228e-8
        ],
        [
          0.0,
          1.0,
          0.0
        ],
        [
          8.74228e-8,
          0.0,
          -1.0
        ],
        [
          177.432,
          -0.0000152588,
          -122.664
        ]
      ]
    },
    {
      "name": "universal_airfield_barrack_a",
      "tm": [
        [
          -1.0,
          0.0,
          -8.74228e-8
        ],
        [
          0.0,
          1.0,
          0.0
        ],
        [
          8.74228e-8,
          0.0,
          -1.0
        ],
        [
          177.432,
          -0.0000152588,
          -146.147
        ]
      ]
    },
    {
      "name": "universal_airfield_barrack_a",
      "tm": [
        [
          -1.62921e-7,
          0.0,
          1.0
        ],
        [
          0.0,
          1.0,
          0.0
        ],
        [
          -1.0,
          0.0,
          -1.62921e-7
        ],
        [
          -161.394,
          -0.0000152588,
          -33.8807
        ]
      ]
    },
    {
      "name": "universal_airfield_hangar_d",
      "tm": [
        [
          -0.707107,
          0.0,
          -0.707107
        ],
        [
          0.0,
          1.0,
          0.0
        ],
        [
          0.707107,
          0.0,
          -0.707107
        ],
        [
          13.3356,
          0.0000762939,
          -125.01
        ]
      ]
    },
    {
      "name": "universal_airfield_hangar_d",
      "tm": [
        [
          7.54979e-8,
          0.0,
          -1.0
        ],
        [
          0.0,
          1.0,
          0.0
        ],
        [
          1.0,
          0.0,
          7.54979e-8
        ],
        [
          -145.453,
          0.0000953674,
          -48.1101
        ]
      ]
    },
    {
      "name": "universal_airfield_oil_storage_a",
      "tm": [
        [
          1.0,
          0.0,
          0.0
        ],
        [
          0.0,
          1.0,
          0.0
        ],
        [
          0.0,
          0.0,
          1.0
        ],
        [
          -93.9705,
          0.0,
          -167.355
        ]
      ]
    },
    {
      "name": "universal_airfield_oil_storage_a",
      "tm": [
        [
          1.0,
          0.0,
          0.0
        ],
        [
          0.0,
          1.0,
          0.0
        ],
        [
          0.0,
          0.0,
          1.0
        ],
        [
          -79.2025,
          0.0,
          -167.355
        ]
      ]
    },
    {
      "name": "universal_airfield_oil_storage_a",
      "tm": [
        [
          1.0,
          0.0,
          0.0
        ],
        [
          0.0,
          1.0,
          0.0
        ],
        [
          0.0,
          0.0,
          1.0
        ],
        [
          -64.4345,
          0.0,
          -167.355
        ]
      ]
    },
    {
      "name": "universal_airfield_oil_storage_a",
      "tm": [
        [
          1.0,
          0.0,
          0.0
        ],
        [
          0.0,
          1.0,
          0.0
        ],
        [
          0.0,
          0.0,
          1.0
        ],
        [
          -49.6665,
          0.0,
          -167.355
        ]
      ]
    },
    {
      "name": "universal_airfield_oil_storage_a",
      "tm": [
        [
          1.0,
          0.0,
          0.0
        ],
        [
          0.0,
          1.0,
          0.0
        ],
        [
          0.0,
          0.0,
          1.0
        ],
        [
          -93.9705,
          0.0,
          -153.919
        ]
      ]
    },
    {
      "name": "universal_airfield_oil_storage_a",
      "tm": [
        [
          1.0,
          0.0,
          0.0
        ],
        [
          0.0,
          1.0,
          0.0
        ],
        [
          0.0,
          0.0,
          1.0
        ],
        [
          -79.2,
          0.0,
          -153.919
        ]
      ]
    },
    {
      "name": "universal_airfield_oil_storage_a",
      "tm": [
        [
          1.0,
          0.0,
          0.0
        ],
        [
          0.0,
          1.0,
          0.0
        ],
        [
          0.0,
          0.0,
          1.0
        ],
        [
          -64.4,
          0.0,
          -153.919
        ]
      ]
    },
    {
      "name": "universal_airfield_oil_storage_a",
      "tm": [
        [
          1.0,
          0.0,
          0.0
        ],
        [
          0.0,
          1.0,
          0.0
        ],
        [
          0.0,
          0.0,
          1.0
        ],
        [
          -49.7,
          0.0,
          -153.919
        ]
      ]
    },
    {
      "name": "universal_airfield_oil_storage_a",
      "tm": [
        [
          1.0,
          0.0,
          0.0
        ],
        [
          0.0,
          1.0,
          0.0
        ],
        [
          0.0,
          0.0,
          1.0
        ],
        [
          -171.23,
          0.0,
          -92.6934
        ]
      ]
    },
    {
      "name": "universal_airfield_oil_storage_d",
      "tm": [
        [
          -1.0,
          0.0,
          6.75532e-7
        ],
        [
          0.0,
          1.0,
          0.0
        ],
        [
          -6.75532e-7,
          0.0,
          -1.0
        ],
        [
          68.2448,
          0.0,
          144.787
        ]
      ]
    },
    {
      "name": "universal_airfield_oil_storage_d",
      "tm": [
        [
          -1.0,
          0.0,
          6.75532e-7
        ],
        [
          0.0,
          1.0,
          0.0
        ],
        [
          -6.75532e-7,
          0.0,
          -1.0
        ],
        [
          87.9889,
          0.0,
          130.397
        ]
      ]
    },
    {
      "name": "universal_airfield_oil_storage_d",
      "tm": [
        [
          -1.0,
          0.0,
          6.75532e-7
        ],
        [
          0.0,
          1.0,
          0.0
        ],
        [
          -6.75532e-7,
          0.0,
          -1.0
        ],
        [
          91.3265,
          0.0,
          154.454
        ]
      ]
    },
    {
      "name": "universal_airfield_oil_storage_b",
      "tm": [
        [
          1.0,
          0.0,
          0.0
        ],
        [
          0.0,
          1.0,
          0.0
        ],
        [
          0.0,
          0.0,
          1.0
        ],
        [
          -37.9727,
          0.00000762939,
          -169.149
        ]
      ]
    },
    {
      "name": "universal_airfield_oil_storage_b",
      "tm": [
        [
          1.0,
          0.0,
          0.0
        ],
        [
          0.0,
          1.0,
          0.0
        ],
        [
          0.0,
          0.0,
          1.0
        ],
        [
          -37.9727,
          0.00000762939,
          -160.221
        ]
      ]
    },
    {
      "name": "universal_airfield_oil_storage_b",
      "tm": [
        [
          1.0,
          0.0,
          0.0
        ],
        [
          0.0,
          1.0,
          0.0
        ],
        [
          0.0,
          0.0,
          1.0
        ],
        [
          -37.9727,
          0.00000762939,
          -151.293
        ]
      ]
    },
    {
      "name": "universal_airfield_oil_storage_b",
      "tm": [
        [
          1.0,
          0.0,
          0.0
        ],
        [
          0.0,
          1.0,
          0.0
        ],
        [
          0.0,
          0.0,
          1.0
        ],
        [
          -37.9727,
          0.00000762939,
          -142.365
        ]
      ]
    },
    {
      "name": "universal_airfield_oil_storage_b",
      "tm": [
        [
          1.0,
          0.0,
          0.0
        ],
        [
          0.0,
          1.0,
          0.0
        ],
        [
          0.0,
          0.0,
          1.0
        ],
        [
          -58.7295,
          -0.0000152588,
          -102.318
        ]
      ]
    },
    {
      "name": "universal_airfield_oil_storage_b",
      "tm": [
        [
          1.0,
          0.0,
          0.0
        ],
        [
          0.0,
          1.0,
          0.0
        ],
        [
          0.0,
          0.0,
          1.0
        ],
        [
          -75.6555,
          0.0000228882,
          -101.619
        ]
      ]
    },
    {
      "name": "universal_airfield_oil_storage_b",
      "tm": [
        [
          1.0,
          0.0,
          0.0
        ],
        [
          0.0,
          1.0,
          0.0
        ],
        [
          0.0,
          0.0,
          1.0
        ],
        [
          -66.0416,
          -0.00000762939,
          -85.321
        ]
      ]
    },
    {
      "name": "gaz67_a",
      "tm": [
        [
          0.707107,
          0.0,
          -0.707107
        ],
        [
          0.0,
          1.0,
          0.0
        ],
        [
          0.707107,
          0.0,
          0.707107
        ],
        [
          100.566,
          0.0000762939,
          -87.6408
        ]
      ]
    },
    {
      "name": "gaz67_a",
      "tm": [
        [
          0.939693,
          0.0,
          0.34202
        ],
        [
          0.0,
          1.0,
          0.0
        ],
        [
          -0.34202,
          0.0,
          0.939693
        ],
        [
          83.1591,
          0.0000762939,
          -129.386
        ]
      ]
    },
    {
      "name": "zis5_a",
      "tm": [
        [
          0.707107,
          0.0,
          -0.707107
        ],
        [
          0.0,
          1.0,
          0.0
        ],
        [
          0.707107,
          0.0,
          0.707107
        ],
        [
          -173.112,
          0.0,
          10.4914
        ]
      ]
    },
    {
      "name": "gaz67_a",
      "tm": [
        [
          0.84022,
          0.0,
          0.542246
        ],
        [
          0.0,
          1.0,
          0.0
        ],
        [
          -0.542246,
          0.0,
          0.84022
        ],
        [
          108.811,
          0.0000686646,
          -154.57
        ]
      ]
    },
    {
      "name": "zis5_a",
      "tm": [
        [
          0.00566304,
          0.0,
          -0.999983
        ],
        [
          0.0,
          1.0,
          0.0
        ],
        [
          0.999983,
          0.0,
          0.00566304
        ],
        [
          -25.1187,
          0.0,
          34.2409
        ]
      ]
    },
    {
      "name": "zis5_a",
      "tm": [
        [
          -0.2953,
          0.0,
          -0.955404
        ],
        [
          0.0,
          1.0,
          0.0
        ],
        [
          0.955404,
          0.0,
          -0.2953
        ],
        [
          13.8457,
          0.0,
          29.7326
        ]
      ]
    },
    {
      "name": "zis5_a",
      "tm": [
        [
          0.998201,
          0.0,
          0.0599626
        ],
        [
          0.0,
          1.0,
          0.0
        ],
        [
          -0.0599626,
          0.0,
          0.998201
        ],
        [
          -13.2422,
          0.0,
          32.039
        ]
      ]
    },
    {
      "name": "zis5_a",
      "tm": [
        [
          -0.999629,
          0.0,
          0.0272647
        ],
        [
          0.0,
          1.0,
          0.0
        ],
        [
          -0.0272647,
          0.0,
          -0.999629
        ],
        [
          -12.0367,
          0.0,
          36.8854
        ]
      ]
    },
    {
      "name": "zis5_a",
      "tm": [
        [
          0.981835,
          0.0,
          0.189741
        ],
        [
          0.0,
          1.0,
          0.0
        ],
        [
          -0.189741,
          0.0,
          0.981835
        ],
        [
          -13.2422,
          0.0,
          41.7318
        ]
      ]
    },
    {
      "name": "gaz67_a",
      "tm": [
        [
          0.707107,
          0.0,
          0.707107
        ],
        [
          0.0,
          1.0,
          0.0
        ],
        [
          -0.707107,
          0.0,
          0.707107
        ],
        [
          0.320795,
          0.0,
          -19.663
        ]
      ]
    },
    {
      "name": "gaz67_a",
      "tm": [
        [
          0.258819,
          0.0,
          0.965926
        ],
        [
          0.0,
          1.0,
          0.0
        ],
        [
          -0.965926,
          0.0,
          0.258819
        ],
        [
          -87.1295,
          0.0000038147,
          -40.51
        ]
      ]
    },
    {
      "name": "gaz67_a",
      "tm": [
        [
          1.19249e-8,
          0.0,
          1.0
        ],
        [
          0.0,
          1.0,
          0.0
        ],
        [
          -1.0,
          0.0,
          1.19249e-8
        ],
        [
          -6.89896,
          0.0,
          -20.0499
        ]
      ]
    },
    {
      "name": "gaz67_a",
      "tm": [
        [
          1.19249e-8,
          0.0,
          1.0
        ],
        [
          0.0,
          1.0,
          0.0
        ],
        [
          -1.0,
          0.0,
          1.19249e-8
        ],
        [
          -35.8906,
          0.0,
          -45.0458
        ]
      ]
    },
    {
      "name": "universal_airfield_barrels_group_a",
      "tm": [
        [
          -0.761355,
          0.0,
          0.648335
        ],
        [
          0.0,
          1.0,
          0.0
        ],
        [
          -0.648335,
          0.0,
          -0.761355
        ],
        [
          -99.9841,
          0.0,
          -5.76841
        ]
      ]
    },
    {
      "name": "universal_airfield_fuel_tank_b",
      "tm": [
        [
          0.334936,
          0.0,
          -0.942241
        ],
        [
          0.0,
          1.0,
          0.0
        ],
        [
          0.942241,
          0.0,
          0.334936
        ],
        [
          57.4488,
          0.0,
          57.5349
        ]
      ]
    },
    {
      "name": "universal_airfield_fuel_tank_b",
      "tm": [
        [
          0.166229,
          0.0,
          -0.986087
        ],
        [
          0.0,
          1.0,
          0.0
        ],
        [
          0.986087,
          0.0,
          0.166229
        ],
        [
          52.1873,
          0.0,
          59.059
        ]
      ]
    },
    {
      "name": "gaz67_a",
      "tm": [
        [
          0.707107,
          0.0,
          -0.707107
        ],
        [
          0.0,
          1.0,
          0.0
        ],
        [
          0.707107,
          0.0,
          0.707107
        ],
        [
          173.316,
          -0.00000762939,
          -67.8724
        ]
      ]
    },
    {
      "name": "universal_airfield_tent_h",
      "tm": [
        [
          0.0537534,
          0.0,
          -0.998554
        ],
        [
          0.0,
          1.0,
          0.0
        ],
        [
          0.998554,
          0.0,
          0.0537534
        ],
        [
          -15.9437,
          0.0,
          -57.9596
        ]
      ]
    },
    {
      "name": "universal_airfield_tent_h",
      "tm": [
        [
          0.0537534,
          0.0,
          -0.998554
        ],
        [
          0.0,
          1.0,
          0.0
        ],
        [
          0.998554,
          0.0,
          0.0537534
        ],
        [
          -23.713,
          0.0,
          -57.9596
        ]
      ]
    },
    {
      "name": "universal_airfield_tent_h",
      "tm": [
        [
          0.0537534,
          0.0,
          -0.998554
        ],
        [
          0.0,
          1.0,
          0.0
        ],
        [
          0.998554,
          0.0,
          0.0537534
        ],
        [
          -31.4824,
          0.0,
          -57.9596
        ]
      ]
    },
    {
      "name": "universal_airfield_fuel_tent_b",
      "tm": [
        [
          0.662489,
          0.0,
          0.749072
        ],
        [
          0.0,
          1.0,
          0.0
        ],
        [
          -0.749072,
          0.0,
          0.662489
        ],
        [
          47.5886,
          0.0,
          -100.536
        ]
      ]
    },
    {
      "name": "universal_airfield_fuel_tank_a",
      "tm": [
        [
          0.603774,
          0.0,
          0.797156
        ],
        [
          0.0,
          1.0,
          0.0
        ],
        [
          -0.797156,
          0.0,
          0.603774
        ],
        [
          -147.367,
          -0.0000152588,
          -131.428
        ]
      ]
    },
    {
      "name": "universal_airfield_fuel_tank_b",
      "tm": [
        [
          -0.707107,
          0.0,
          -0.707107
        ],
        [
          0.0,
          1.0,
          0.0
        ],
        [
          0.707107,
          0.0,
          -0.707107
        ],
        [
          -72.8965,
          0.0,
          158.979
        ]
      ]
    },
    {
      "name": "universal_airfield_fuel_tent_b",
      "tm": [
        [
          0.404509,
          0.0,
          -0.914534
        ],
        [
          0.0,
          1.0,
          0.0
        ],
        [
          0.914534,
          0.0,
          0.404509
        ],
        [
          -103.509,
          0.0,
          158.915
        ]
      ]
    },
    {
      "name": "universal_airfield_fuel_tank_a",
      "tm": [
        [
          -0.916597,
          0.0,
          0.399811
        ],
        [
          0.0,
          1.0,
          0.0
        ],
        [
          -0.399811,
          0.0,
          -0.916597
        ],
        [
          150.12,
          0.000144958,
          -120.988
        ]
      ]
    },
    {
      "name": "universal_airfield_fuel_tank_b",
      "tm": [
        [
          0.707547,
          0.0,
          0.706666
        ],
        [
          0.0,
          1.0,
          0.0
        ],
        [
          -0.706666,
          0.0,
          0.707547
        ],
        [
          149.545,
          -0.0000228882,
          -67.549
        ]
      ]
    },
    {
      "name": "universal_airfield_fuel_tent_a",
      "tm": [
        [
          0.707107,
          0.0,
          -0.707107
        ],
        [
          0.0,
          1.0,
          0.0
        ],
        [
          0.707107,
          0.0,
          0.707107
        ],
        [
          78.3402,
          0.0,
          -40.3086
        ]
      ]
    },
    {
      "name": "universal_airfield_fuel_box_d",
      "tm": [
        [
          0.432701,
          0.0,
          0.901537
        ],
        [
          0.0,
          1.0,
          0.0
        ],
        [
          -0.901537,
          0.0,
          0.432701
        ],
        [
          -127.524,
          0.0,
          127.038
        ]
      ]
    },
    {
      "name": "universal_airfield_fuel_box_d",
      "tm": [
        [
          -0.999937,
          0.0,
          0.0111542
        ],
        [
          0.0,
          1.0,
          0.0
        ],
        [
          -0.0111542,
          0.0,
          -0.999937
        ],
        [
          -73.7593,
          0.0000038147,
          75.6613
        ]
      ]
    },
    {
      "name": "universal_airfield_barrels_group_b",
      "tm": [
        [
          -0.701313,
          0.0,
          0.712853
        ],
        [
          0.0,
          1.0,
          0.0
        ],
        [
          -0.712853,
          0.0,
          -0.701313
        ],
        [
          -16.694,
          0.0,
          79.2208
        ]
      ]
    },
    {
      "name": "universal_airfield_barrels_group_b",
      "tm": [
        [
          0.602267,
          0.0,
          -0.798294
        ],
        [
          0.0,
          1.0,
          0.0
        ],
        [
          0.798294,
          0.0,
          0.602267
        ],
        [
          -24.4435,
          0.0,
          79.7801
        ]
      ]
    },
    {
      "name": "universal_airfield_barrels_group_c",
      "tm": [
        [
          -0.617325,
          0.0,
          -0.786708
        ],
        [
          0.0,
          1.0,
          0.0
        ],
        [
          0.786708,
          0.0,
          -0.617325
        ],
        [
          -13.7796,
          0.00000762939,
          -118.295
        ]
      ]
    },
    {
      "name": "universal_airfield_barrels_group_c",
      "tm": [
        [
          -0.667559,
          0.0,
          0.744557
        ],
        [
          0.0,
          1.0,
          0.0
        ],
        [
          -0.744557,
          0.0,
          -0.667559
        ],
        [
          -89.3535,
          0.00000762939,
          -123.803
        ]
      ]
    },
    {
      "name": "universal_airfield_barrels_group_d",
      "tm": [
        [
          -0.593001,
          0.0,
          0.805202
        ],
        [
          0.0,
          1.0,
          0.0
        ],
        [
          -0.805202,
          0.0,
          -0.593001
        ],
        [
          -154.549,
          0.0,
          -77.1841
        ]
      ]
    },
    {
      "name": "universal_airfield_fuel_tent_c",
      "tm": [
        [
          -0.958208,
          0.0,
          -0.286074
        ],
        [
          0.0,
          1.0,
          0.0
        ],
        [
          0.286074,
          0.0,
          -0.958208
        ],
        [
          -93.016,
          0.0,
          -78.4219
        ]
      ]
    },
    {
      "name": "universal_airfield_fuel_box_a",
      "tm": [
        [
          -0.975898,
          0.0,
          -0.218229
        ],
        [
          0.0,
          1.0,
          0.0
        ],
        [
          0.218229,
          0.0,
          -0.975898
        ],
        [
          -112.005,
          0.0,
          1.07191
        ]
      ]
    },
    {
      "name": "universal_airfield_fuel_tank_a",
      "tm": [
        [
          0.946697,
          0.0,
          -0.322125
        ],
        [
          0.0,
          1.0,
          0.0
        ],
        [
          0.322125,
          0.0,
          0.946697
        ],
        [
          22.8296,
          0.0000152588,
          -168.673
        ]
      ]
    },
    {
      "name": "universal_airfield_barrels_group_b",
      "tm": [
        [
          0.949613,
          0.0,
          0.313425
        ],
        [
          0.0,
          1.0,
          0.0
        ],
        [
          -0.313425,
          0.0,
          0.949613
        ],
        [
          -36.073,
          0.0,
          142.528
        ]
      ]
    },
    {
      "name": "universal_airfield_barrels_group_c",
      "tm": [
        [
          -0.216189,
          0.0,
          -0.976351
        ],
        [
          0.0,
          1.0,
          0.0
        ],
        [
          0.976351,
          0.0,
          -0.216189
        ],
        [
          96.1489,
          0.0,
          76.8392
        ]
      ]
    },
    {
      "name": "universal_airfield_barrels_group_c",
      "tm": [
        [
          -0.21669,
          0.0,
          0.97624
        ],
        [
          0.0,
          1.0,
          0.0
        ],
        [
          -0.97624,
          0.0,
          -0.21669
        ],
        [
          92.7837,
          0.0,
          90.3383
        ]
      ]
    },
    {
      "name": "universal_airfield_barrels_group_c",
      "tm": [
        [
          0.742597,
          0.0,
          0.669738
        ],
        [
          0.0,
          1.0,
          0.0
        ],
        [
          -0.669738,
          0.0,
          0.742597
        ],
        [
          -29.2183,
          0.0,
          136.244
        ]
      ]
    },
    {
      "name": "universal_airfield_barrels_group_c",
      "tm": [
        [
          -0.445834,
          0.0,
          0.895116
        ],
        [
          0.0,
          1.0,
          0.0
        ],
        [
          -0.895116,
          0.0,
          -0.445834
        ],
        [
          104.635,
          0.0,
          93.852
        ]
      ]
    },
    {
      "name": "universal_airfield_barrels_group_b",
      "tm": [
        [
          0.227023,
          0.0,
          0.973889
        ],
        [
          0.0,
          1.0,
          0.0
        ],
        [
          -0.973889,
          0.0,
          0.227023
        ],
        [
          47.6287,
          0.0,
          4.69009
        ]
      ]
    },
    {
      "name": "universal_airfield_barrels_group_b",
      "tm": [
        [
          -0.43243,
          0.0,
          -0.901667
        ],
        [
          0.0,
          1.0,
          0.0
        ],
        [
          0.901667,
          0.0,
          -0.43243
        ],
        [
          51.6124,
          0.0,
          -1.185
        ]
      ]
    },
    {
      "name": "universal_airfield_fuel_tent_c",
      "tm": [
        [
          1.0,
          0.0,
          0.0
        ],
        [
          0.0,
          1.0,
          0.0
        ],
        [
          0.0,
          0.0,
          1.0
        ],
        [
          0.826022,
          0.0,
          29.5629
        ]
      ]
    },
    {
      "name": "universal_airfield_fuel_tent_c",
      "tm": [
        [
          -1.0,
          0.0,
          1.50996e-7
        ],
        [
          0.0,
          1.0,
          0.0
        ],
        [
          -1.50996e-7,
          0.0,
          -1.0
        ],
        [
          2.11936,
          0.0,
          36.1862
        ]
      ]
    }
  ]
}