[
  {
    "className": "composit"
  },
  {
    "size": [270.0,270.0]
  },
  {
    "node": {
      "name": "^^dynBase_military_base_square_mesh",
      "tm": [
        [1.0,0.0,0.0],
        [0.0,1.0,0.0],
        [0.0,0.0,1.0],
        [0.0,0.0,0.0]
      ],
      "toGround": false
    }
  },
  {
    "node": {
      "name": "+NoTreesBox000",
      "tm": [
        [110.0,0.0,0.0],
        [0.0,20.0,0.0],
        [0.0,0.0,110.0],
        [0.0,0.0,0.0]
      ]
    }
  },
  {
    "node": {
      "name": "zis5_a",
      "tm": [
        [-0.999999,0.0,0.00123247],
        [0.0,1.0,0.0],
        [-0.00123247,0.0,-0.999999],
        [-9.90821,0.0,-44.2164]
      ]
    }
  },
  {
    "node": {
      "name": "universal_airfield_fuel_box_d",
      "tm": [
        [-1.0,0.0,1.50996e-07],
        [0.0,1.0,0.0],
        [-1.50996e-07,0.0,-1.0],
        [-10.2678,0.0,-53.5175]
      ]
    }
  },
  {
    "node": {
      "name": "universal_airfield_fuel_tent_a",
      "tm": [
        [1.0,0.0,0.0],
        [0.0,1.0,0.0],
        [0.0,0.0,1.0],
        [-14.4651,0.0,-16.2505]
      ]
    }
  },
  {
    "node": {
      "name": "universal_airfield_barrack_b",
      "tm": [
        [-1.62921e-07,0.0,-1.0],
        [0.0,1.0,0.0],
        [1.0,0.0,-1.62921e-07],
        [-43.2937,0.0,-50.5392]
      ]
    }
  },
  {
    "node": {
      "name": "universal_airfield_barrack_b",
      "tm": [
        [-1.62921e-07,0.0,-1.0],
        [0.0,1.0,0.0],
        [1.0,0.0,-1.62921e-07],
        [-43.2937,0.0,-38.1222]
      ]
    }
  },
  {
    "node": {
      "name": "universal_airfield_shed_a",
      "tm": [
        [1.0,0.0,-1.74846e-07],
        [0.0,1.0,0.0],
        [1.74846e-07,0.0,1.0],
        [-48.1642,0.0,-13.6977]
      ]
    }
  },
  {
    "node": {
      "name": "universal_airfield_shed_a",
      "tm": [
        [0.707107,0.0,0.707107],
        [0.0,1.0,0.0],
        [-0.707107,0.0,0.707107],
        [46.1157,0.0,-69.8908]
      ]
    }
  },
  {
    "node": {
      "name": "universal_airfield_shed_a",
      "tm": [
        [1.0,0.0,-1.74846e-07],
        [0.0,1.0,0.0],
        [1.74846e-07,0.0,1.0],
        [-40.6883,0.0,-13.6977]
      ]
    }
  },
  {
    "node": {
      "name": "universal_airfield_shed_a",
      "tm": [
        [0.707107,0.0,0.707107],
        [0.0,1.0,0.0],
        [-0.707107,0.0,0.707107],
        [32.7582,0.0,-82.6003]
      ]
    }
  },
  {
    "node": {
      "name": "universal_airfield_shed_a",
      "tm": [
        [1.0,0.0,-1.74846e-07],
        [0.0,1.0,0.0],
        [1.74846e-07,0.0,1.0],
        [-10.6255,0.0,13.879]
      ]
    }
  },
  {
    "node": {
      "name": "universal_airfield_shed_a",
      "tm": [
        [1.0,0.0,-1.74846e-07],
        [0.0,1.0,0.0],
        [1.74846e-07,0.0,1.0],
        [84.358,0.0,13.879]
      ]
    }
  },
  {
    "node": {
      "name": "universal_airfield_fuel_box_d",
      "tm": [
        [-1.0,0.0,1.50996e-07],
        [0.0,1.0,0.0],
        [-1.50996e-07,0.0,-1.0],
        [-72.8906,0.0,67.414]
      ]
    }
  },
  {
    "node": {
      "name": "zis5_a",
      "tm": [
        [-0.999999,0.0,0.00123247],
        [0.0,1.0,0.0],
        [-0.00123247,0.0,-0.999999],
        [18.8708,0.0,-31.3797]
      ]
    }
  },
  {
    "node": {
      "name": "zis5_a",
      "tm": [
        [-0.999999,0.0,0.00123247],
        [0.0,1.0,0.0],
        [-0.00123247,0.0,-0.999999],
        [18.8708,0.0,-27.7433]
      ]
    }
  },
  {
    "node": {
      "name": "universal_airfield_barrack_e",
      "tm": [
        [0.871861,0.0,0.489753],
        [0.0,1.0,0.0],
        [-0.489753,0.0,0.871861],
        [77.3467,0.0,64.1164]
      ]
    }
  },
  {
    "node": {
      "name": "universal_airfield_barrack_e",
      "tm": [
        [0.871861,0.0,0.489753],
        [0.0,1.0,0.0],
        [-0.489753,0.0,0.871861],
        [63.0539,0.0,64.1164]
      ]
    }
  },
  {
    "node": {
      "name": "universal_airfield_barrack_e",
      "tm": [
        [0.871861,0.0,0.489753],
        [0.0,1.0,0.0],
        [-0.489753,0.0,0.871861],
        [48.773,0.0,64.1164]
      ]
    }
  },
  {
    "node": {
      "name": "universal_airfield_barrack_e",
      "tm": [
        [0.999998,0.0,-0.00196075],
        [0.0,1.0,0.0],
        [0.00196075,0.0,0.999998],
        [-16.2089,0.0,37.8645]
      ]
    }
  },
  {
    "node": {
      "name": "universal_airfield_barrack_e",
      "tm": [
        [0.999998,0.0,-0.00196075],
        [0.0,1.0,0.0],
        [0.00196075,0.0,0.999998],
        [-26.6271,0.0,37.8645]
      ]
    }
  },
  {
    "node": {
      "name": "universal_airfield_barrack_e",
      "tm": [
        [0.999998,0.0,-0.00196075],
        [0.0,1.0,0.0],
        [0.00196075,0.0,0.999998],
        [-37.0453,0.0,37.8645]
      ]
    }
  },
  {
    "node": {
      "name": "universal_airfield_barrack_e",
      "tm": [
        [0.999998,0.0,-0.00196075],
        [0.0,1.0,0.0],
        [0.00196075,0.0,0.999998],
        [-47.4635,0.0,37.8645]
      ]
    }
  },
  {
    "node": {
      "name": "universal_airfield_barrack_e",
      "tm": [
        [0.999998,0.0,-0.00196075],
        [0.0,1.0,0.0],
        [0.00196075,0.0,0.999998],
        [-57.8817,0.0,37.8645]
      ]
    }
  },
  {
    "node": {
      "name": "universal_airfield_barrack_e",
      "tm": [
        [0.708492,0.0,0.705719],
        [0.0,1.0,0.0],
        [-0.705719,0.0,0.708492],
        [45.9053,0.0,-22.5188]
      ]
    }
  },
  {
    "node": {
      "name": "universal_airfield_barrack_e",
      "tm": [
        [0.708492,0.0,0.705719],
        [0.0,1.0,0.0],
        [-0.705719,0.0,0.708492],
        [38.1628,0.0,-29.8961]
      ]
    }
  },
  {
    "node": {
      "name": "zis5_a",
      "tm": [
        [-0.999999,0.0,0.00123247],
        [0.0,1.0,0.0],
        [-0.00123247,0.0,-0.999999],
        [18.8708,0.0,-20.4617]
      ]
    }
  },
  {
    "node": {
      "name": "universal_airfield_barrack_a",
      "tm": [
        [0.00118811,0.0,-0.999999],
        [0.0,1.0,0.0],
        [0.999999,0.0,0.00118811],
        [76.6955,0.0,38.0496]
      ]
    }
  },
  {
    "node": {
      "name": "universal_airfield_barrack_a",
      "tm": [
        [0.00118811,0.0,-0.999999],
        [0.0,1.0,0.0],
        [0.999999,0.0,0.00118811],
        [40.3328,0.0,38.0496]
      ]
    }
  },
  {
    "node": {
      "name": "universal_airfield_barrack_a",
      "tm": [
        [0.00118811,0.0,-0.999999],
        [0.0,1.0,0.0],
        [0.999999,0.0,0.00118811],
        [8.92377,0.0,31.3212]
      ]
    }
  },
  {
    "node": {
      "name": "universal_airfield_barrack_e",
      "tm": [
        [0.999998,0.0,-0.00196075],
        [0.0,1.0,0.0],
        [0.00196075,0.0,0.999998],
        [-59.2551,0.0,9.53642]
      ]
    }
  },
  {
    "node": {
      "name": "universal_airfield_barrack_e",
      "tm": [
        [0.999998,0.0,-0.00196075],
        [0.0,1.0,0.0],
        [0.00196075,0.0,0.999998],
        [-48.6486,0.0,9.53642]
      ]
    }
  },
  {
    "node": {
      "name": "universal_airfield_barrack_e",
      "tm": [
        [0.999998,0.0,-0.00196075],
        [0.0,1.0,0.0],
        [0.00196075,0.0,0.999998],
        [-30.4203,0.0,9.53642]
      ]
    }
  },
  {
    "node": {
      "name": "universal_airfield_barrack_e",
      "tm": [
        [0.999998,0.0,-0.00196075],
        [0.0,1.0,0.0],
        [0.00196075,0.0,0.999998],
        [-19.8139,0.0,9.53642]
      ]
    }
  },
  {
    "node": {
      "name": "universal_airfield_barrack_e",
      "tm": [
        [0.999998,0.0,-0.00196075],
        [0.0,1.0,0.0],
        [0.00196075,0.0,0.999998],
        [74.1637,0.0,9.53642]
      ]
    }
  },
  {
    "node": {
      "name": "universal_airfield_barrack_e",
      "tm": [
        [0.999998,0.0,-0.00196075],
        [0.0,1.0,0.0],
        [0.00196075,0.0,0.999998],
        [63.7455,0.0,9.53642]
      ]
    }
  },
  {
    "node": {
      "name": "universal_airfield_barrack_e",
      "tm": [
        [0.999998,0.0,-0.00196075],
        [0.0,1.0,0.0],
        [0.00196075,0.0,0.999998],
        [53.3273,0.0,9.53642]
      ]
    }
  },
  {
    "node": {
      "name": "universal_airfield_barrack_e",
      "tm": [
        [0.999998,0.0,-0.00196075],
        [0.0,1.0,0.0],
        [0.00196075,0.0,0.999998],
        [42.9092,0.0,9.53642]
      ]
    }
  },
  {
    "node": {
      "name": "zis5_a",
      "tm": [
        [0.317731,0.0,0.948181],
        [0.0,1.0,0.0],
        [-0.948181,0.0,0.317731],
        [-56.9143,0.0,68.2001]
      ]
    }
  },
  {
    "node": {
      "name": "zis5_a",
      "tm": [
        [0.459998,0.0,0.88792],
        [0.0,1.0,0.0],
        [-0.88792,0.0,0.459998],
        [-49.1395,0.0,67.8236]
      ]
    }
  },
  {
    "node": {
      "name": "zis5_a",
      "tm": [
        [0.375156,0.0,0.926962],
        [0.0,1.0,0.0],
        [-0.926962,0.0,0.375156],
        [-42.2485,0.0,68.2001]
      ]
    }
  },
  {
    "node": {
      "name": "zis5_a",
      "tm": [
        [0.459998,0.0,0.88792],
        [0.0,1.0,0.0],
        [-0.88792,0.0,0.459998],
        [-34.4115,0.0,67.8236]
      ]
    }
  },
  {
    "node": {
      "name": "zis5_a",
      "tm": [
        [0.372784,0.0,0.927918],
        [0.0,1.0,0.0],
        [-0.927918,0.0,0.372784],
        [-27.4596,0.0,67.8236]
      ]
    }
  },
  {
    "node": {
      "name": "zis5_a",
      "tm": [
        [0.459998,0.0,0.88792],
        [0.0,1.0,0.0],
        [-0.88792,0.0,0.459998],
        [-20.3846,0.0,68.4332]
      ]
    }
  },
  {
    "node": {
      "name": "zis5_a",
      "tm": [
        [0.373383,0.0,0.927677],
        [0.0,1.0,0.0],
        [-0.927677,0.0,0.373383],
        [-55.9668,0.0,84.1957]
      ]
    }
  },
  {
    "node": {
      "name": "zis5_a",
      "tm": [
        [0.422205,0.0,0.9065],
        [0.0,1.0,0.0],
        [-0.9065,0.0,0.422205],
        [-49.4496,0.0,83.7222]
      ]
    }
  },
  {
    "node": {
      "name": "zis5_a",
      "tm": [
        [0.25586,0.0,0.966714],
        [0.0,1.0,0.0],
        [-0.966714,0.0,0.25586],
        [-41.7755,0.0,84.3649]
      ]
    }
  },
  {
    "node": {
      "name": "zis5_a",
      "tm": [
        [0.459998,0.0,0.88792],
        [0.0,1.0,0.0],
        [-0.88792,0.0,0.459998],
        [-34.2051,0.0,84.9323]
      ]
    }
  },
  {
    "node": {
      "name": "zis5_a",
      "tm": [
        [0.459998,0.0,0.88792],
        [0.0,1.0,0.0],
        [-0.88792,0.0,0.459998],
        [-27.4596,0.0,84.3649]
      ]
    }
  },
  {
    "node": {
      "name": "zis5_a",
      "tm": [
        [0.356019,0.0,0.934479],
        [0.0,1.0,0.0],
        [-0.934479,0.0,0.356019],
        [-20.0857,0.0,83.4758]
      ]
    }
  },
  {
    "node": {
      "name": "zis5_a",
      "tm": [
        [-0.214514,0.0,-0.976721],
        [0.0,1.0,0.0],
        [0.976721,0.0,-0.214514],
        [39.251,0.0,61.9786]
      ]
    }
  },
  {
    "node": {
      "name": "universal_airfield_tower_b",
      "tm": [
        [0.998572,0.0,0.0534277],
        [0.0,1.0,0.0],
        [-0.0534277,0.0,0.998572],
        [80.6975,0.0,-65.1906]
      ]
    }
  },
  {
    "node": {
      "name": "universal_airfield_tower_b",
      "tm": [
        [-0.998572,0.0,-0.0534288],
        [0.0,1.0,0.0],
        [0.0534288,0.0,-0.998572],
        [18.0165,0.0,-88.5886]
      ]
    }
  },
  {
    "node": {
      "name": "universal_airfield_tower_b",
      "tm": [
        [0.053428,0.0,-0.998572],
        [0.0,1.0,0.0],
        [0.998572,0.0,0.053428],
        [-71.3576,0.0,-75.5562]
      ]
    }
  },
  {
    "node": {
      "name": "universal_airfield_tower_b",
      "tm": [
        [-0.998572,0.0,-0.053429],
        [0.0,1.0,0.0],
        [0.053429,0.0,-0.998572],
        [-78.8912,0.0,-4.16365]
      ]
    }
  },
  {
    "node": {
      "name": "universal_airfield_tower_b",
      "tm": [
        [-0.053428,0.0,0.998572],
        [0.0,1.0,0.0],
        [-0.998572,0.0,-0.053428],
        [-84.358,0.0,57.677]
      ]
    }
  },
  {
    "node": {
      "name": "zis5_a",
      "tm": [
        [0.12857,0.0,0.991701],
        [0.0,1.0,0.0],
        [-0.991701,0.0,0.12857],
        [29.0493,0.0,61.9786]
      ]
    }
  },
  {
    "node": {
      "name": "universal_airfield_tower_b",
      "tm": [
        [-0.053428,0.0,0.998572],
        [0.0,1.0,0.0],
        [-0.998572,0.0,-0.053428],
        [71.5511,0.0,88.5886]
      ]
    }
  },
  {
    "node": {
      "name": "universal_airfield_fuel_box_a",
      "tm": [
        [1.0,0.0,0.000563727],
        [0.0,1.0,0.0],
        [-0.000563727,0.0,1.0],
        [-72.8624,0.0,85.2745]
      ]
    }
  },
  {
    "node": {
      "name": "universal_airfield_barrack_e",
      "tm": [
        [0.999998,0.0,-0.00196075],
        [0.0,1.0,0.0],
        [0.00196075,0.0,0.999998],
        [32.491,0.0,9.53642]
      ]
    }
  },
  {
    "node": {
      "name": "universal_airfield_barrack_e",
      "tm": [
        [0.871861,0.0,0.489753],
        [0.0,1.0,0.0],
        [-0.489753,0.0,0.871861],
        [12.3342,0.0,64.1164]
      ]
    }
  },
  {
    "node": {
      "name": "universal_airfield_barrack_a",
      "tm": [
        [0.00118811,0.0,-0.999999],
        [0.0,1.0,0.0],
        [0.999999,0.0,0.00118811],
        [8.92377,0.0,43.8887]
      ]
    }
  },
  {
    "node": {
      "name": "universal_airfield_barrels_group_a",
      "tm": [
        [0.18989,0.0,0.981805],
        [0.0,1.0,0.0],
        [-0.981805,0.0,0.18989],
        [21.6189,0.0,42.5386]
      ]
    }
  },
  {
    "node": {
      "name": "universal_airfield_barrels_group_a",
      "tm": [
        [0.0356343,0.0,0.999365],
        [0.0,1.0,0.0],
        [-0.999365,0.0,0.0356343],
        [17.9596,0.0,3.75618]
      ]
    }
  },
  {
    "node": {
      "name": "box_pile_a",
      "tm": [
        [0.707107,0.0,0.707107],
        [0.0,1.0,0.0],
        [-0.707107,0.0,0.707107],
        [-16.8743,0.0,-50.8151]
      ]
    }
  },
  {
    "node": {
      "name": "box_pile_a",
      "tm": [
        [0.707107,0.0,0.707107],
        [0.0,1.0,0.0],
        [-0.707107,0.0,0.707107],
        [21.577,0.0,-34.5747]
      ]
    }
  },
  {
    "node": {
      "name": "box_pile_a",
      "tm": [
        [0.707107,0.0,0.707107],
        [0.0,1.0,0.0],
        [-0.707107,0.0,0.707107],
        [-44.5385,0.0,-9.66911]
      ]
    }
  },
  {
    "node": {
      "name": "box_pile_b",
      "tm": [
        [0.707107,0.0,0.707107],
        [0.0,1.0,0.0],
        [-0.707107,0.0,0.707107],
        [-19.4418,0.0,-11.6226]
      ]
    }
  },
  {
    "node": {
      "name": "box_pile_b",
      "tm": [
        [0.707107,0.0,0.707107],
        [0.0,1.0,0.0],
        [-0.707107,0.0,0.707107],
        [40.6549,0.0,-69.4522]
      ]
    }
  },
  {
    "node": {
      "name": "box_pile_b",
      "tm": [
        [0.924422,0.0,0.38137],
        [0.0,1.0,0.0],
        [-0.38137,0.0,0.924422],
        [-54.4029,0.0,-57.2861]
      ]
    }
  },
  {
    "node": {
      "name": "box_pile_b",
      "tm": [
        [9.65599e-07,0.0,1.0],
        [0.0,1.0,0.0],
        [-1.0,0.0,9.65599e-07],
        [-78.6543,0.0,71.9552]
      ]
    }
  },
  {
    "node": {
      "name": "box_pile_b",
      "tm": [
        [0.342021,0.0,0.939692],
        [0.0,1.0,0.0],
        [-0.939692,0.0,0.342021],
        [-79.5074,0.0,80.4458]
      ]
    }
  },
  {
    "node": {
      "name": "box_pile_a",
      "tm": [
        [-0.906307,0.0,0.42262],
        [0.0,1.0,0.0],
        [-0.42262,0.0,-0.906307],
        [-79.0748,0.0,76.1734]
      ]
    }
  },
  {
    "node": {
      "name": "box_pile_a",
      "tm": [
        [-0.954495,0.0,0.298228],
        [0.0,1.0,0.0],
        [-0.298228,0.0,-0.954495],
        [1.12554,0.0,6.58936]
      ]
    }
  },
  {
    "node": {
      "name": "box_pile_a",
      "tm": [
        [-0.92487,0.0,0.380283],
        [0.0,1.0,0.0],
        [-0.380283,0.0,-0.92487],
        [0.41253,0.0,10.9868]
      ]
    }
  },
  {
    "node": {
      "name": "box_pile_a",
      "tm": [
        [-0.92487,0.0,0.380283],
        [0.0,1.0,0.0],
        [-0.380283,0.0,-0.92487],
        [-0.118955,0.0,15.0315]
      ]
    }
  },
  {
    "node": {
      "name": "box_pile_a",
      "tm": [
        [0.885808,0.0,0.464051],
        [0.0,1.0,0.0],
        [-0.464051,0.0,0.885808],
        [-3.02988,0.0,10.5044]
      ]
    }
  },
  {
    "node": {
      "name": "box_pile_b",
      "tm": [
        [-0.0462143,0.0,0.998932],
        [0.0,1.0,0.0],
        [-0.998932,0.0,-0.0462143],
        [-2.41496,0.0,6.31014]
      ]
    }
  },
  {
    "node": {
      "name": "box_pile_a",
      "tm": [
        [-0.996195,0.0,0.0871572],
        [0.0,1.0,0.0],
        [-0.0871572,0.0,-0.996195],
        [20.9709,0.0,27.9198]
      ]
    }
  },
  {
    "node": {
      "name": "box_pile_a",
      "tm": [
        [9.65599e-07,0.0,1.0],
        [0.0,1.0,0.0],
        [-1.0,0.0,9.65599e-07],
        [20.4682,0.0,31.3398]
      ]
    }
  },
  {
    "node": {
      "name": "box_pile_b",
      "tm": [
        [0.298227,0.0,0.954495],
        [0.0,1.0,0.0],
        [-0.954495,0.0,0.298227],
        [0.368564,0.0,2.08514]
      ]
    }
  },
  {
    "node": {
      "name": "box_pile_a",
      "tm": [
        [-0.642787,0.0,0.766045],
        [0.0,1.0,0.0],
        [-0.766045,0.0,-0.642787],
        [20.2044,0.0,35.4322]
      ]
    }
  },
  {
    "node": {
      "name": "box_pile_b",
      "tm": [
        [0.999817,0.0,0.0191098],
        [0.0,1.0,0.0],
        [-0.0191098,0.0,0.999817],
        [-57.6941,0.0,-44.666]
      ]
    }
  },
  {
    "node": {
      "name": "box_pile_a",
      "tm": [
        [-0.0681019,0.0,-0.997678],
        [0.0,1.0,0.0],
        [0.997678,0.0,-0.0681019],
        [-52.6893,0.0,-44.3065]
      ]
    }
  },
  {
    "node": {
      "name": "box_pile_b",
      "tm": [
        [0.707107,0.0,0.707107],
        [0.0,1.0,0.0],
        [-0.707107,0.0,0.707107],
        [58.8104,0.0,0.821857]
      ]
    }
  },
  {
    "node": {
      "name": "box_pile_b",
      "tm": [
        [0.408911,0.0,0.912574],
        [0.0,1.0,0.0],
        [-0.912574,0.0,0.408911],
        [-62.2067,0.0,66.5438]
      ]
    }
  },
  {
    "node": {
      "name": "box_pile_a",
      "tm": [
        [0.912574,0.0,-0.408911],
        [0.0,1.0,0.0],
        [0.408911,0.0,0.912574],
        [-60.6482,0.0,70.3558]
      ]
    }
  },
  {
    "node": {
      "name": "box_pile_b",
      "tm": [
        [0.707107,0.0,0.707107],
        [0.0,1.0,0.0],
        [-0.707107,0.0,0.707107],
        [51.1266,0.0,-71.5792]
      ]
    }
  },
  {
    "node": {
      "name": "box_pile_b",
      "tm": [
        [0.924422,0.0,0.38137],
        [0.0,1.0,0.0],
        [-0.38137,0.0,0.924422],
        [-49.1715,0.0,-56.8563]
      ]
    }
  },
  {
    "node": {
      "name": "box_pile_a",
      "tm": [
        [0.12795,0.0,0.991781],
        [0.0,1.0,0.0],
        [-0.991781,0.0,0.12795],
        [4.86849,0.0,3.92751]
      ]
    }
  },
  {
    "node": {
      "name": "box_pile_a",
      "tm": [
        [0.707107,0.0,0.707107],
        [0.0,1.0,0.0],
        [-0.707107,0.0,0.707107],
        [65.5325,0.0,34.689]
      ]
    }
  },
  {
    "node": {
      "name": "box_pile_b",
      "tm": [
        [9.65599e-07,0.0,1.0],
        [0.0,1.0,0.0],
        [-1.0,0.0,9.65599e-07],
        [20.5477,0.0,-24.1248]
      ]
    }
  },
  {
    "node": {
      "name": "box_pile_a",
      "tm": [
        [9.65599e-07,0.0,1.0],
        [0.0,1.0,0.0],
        [-1.0,0.0,9.65599e-07],
        [17.1415,0.0,-23.5027]
      ]
    }
  }
]