{
  "className": "composit",
  "size": [
    270.0,
    270.0
  ],
  "node": [
    {
      "name": "^^dynBase_oil_storage_small_square_mesh",
      "tm": [
        [
          1.0,
          0.0,
          0.0
        ],
        [
          0.0,
          1.0,
          0.0
        ],
        [
          0.0,
          0.0,
          1.0
        ],
        [
          0.0,
          0.0,
          0.0
        ]
      ],
      "toGround": false
    },
    {
      "name": "+NoTreesBox000",
      "tm": [
        [
          110.0,
          0.0,
          0.0
        ],
        [
          0.0,
          20.0,
          0.0
        ],
        [
          0.0,
          0.0,
          110.0
        ],
        [
          0.0,
          0.0,
          0.0
        ]
      ]
    },
    {
      "name": "universal_airfield_barrack_a",
      "tm": [
        [
          1.0,
          0.0,
          0.0
        ],
        [
          0.0,
          1.0,
          0.0
        ],
        [
          0.0,
          0.0,
          1.0
        ],
        [
          72.6939,
          0.0,
          71.4596
        ]
      ]
    },
    {
      "name": "universal_airfield_fuel_box_a",
      "tm": [
        [
          -0.707107,
          0.0,
          0.707107
        ],
        [
          0.0,
          1.0,
          0.0
        ],
        [
          -0.707107,
          0.0,
          -0.707107
        ],
        [
          -62.473,
          0.0,
          -16.1392
        ]
      ]
    },
    {
      "name": "universal_airfield_tower_b",
      "tm": [
        [
          0.707107,
          0.0,
          -0.707107
        ],
        [
          0.0,
          1.0,
          0.0
        ],
        [
          0.707107,
          0.0,
          0.707107
        ],
        [
          -50.0564,
          0.0,
          51.9315
        ]
      ]
    },
    {
      "name": "universal_airfield_barrack_d",
      "tm": [
        [
          -4.37114E-08,
          0.0,
          -1.0
        ],
        [
          0.0,
          1.0,
          0.0
        ],
        [
          1.0,
          0.0,
          -4.37114E-08
        ],
        [
          79.2448,
          0.0,
          42.3724
        ]
      ]
    },
    {
      "name": "universal_airfield_oil_storage_d",
      "tm": [
        [
          1.0,
          0.0,
          0.0
        ],
        [
          0.0,
          1.0,
          0.0
        ],
        [
          0.0,
          0.0,
          1.0
        ],
        [
          -61.0013,
          0.0,
          4.87211
        ]
      ]
    },
    {
      "name": "universal_airfield_oil_storage_c",
      "tm": [
        [
          -1.0,
          0.0,
          8.74228E-08
        ],
        [
          0.0,
          1.0,
          0.0
        ],
        [
          -8.74228E-08,
          0.0,
          -1.0
        ],
        [
          37.4914,
          0.0,
          30.7639
        ]
      ]
    },
    {
      "name": "universal_airfield_oil_storage_c",
      "tm": [
        [
          -1.0,
          0.0,
          -8.74228E-08
        ],
        [
          0.0,
          1.0,
          0.0
        ],
        [
          8.74228E-08,
          0.0,
          -1.0
        ],
        [
          37.4914,
          0.0,
          37.3976
        ]
      ]
    },
    {
      "name": "universal_airfield_oil_storage_c",
      "tm": [
        [
          1.0,
          0.0,
          0.0
        ],
        [
          0.0,
          1.0,
          0.0
        ],
        [
          0.0,
          0.0,
          1.0
        ],
        [
          34.8147,
          0.0,
          10.6174
        ]
      ]
    },
    {
      "name": "universal_airfield_oil_storage_c",
      "tm": [
        [
          1.0,
          0.0,
          0.0
        ],
        [
          0.0,
          1.0,
          0.0
        ],
        [
          0.0,
          0.0,
          1.0
        ],
        [
          34.8147,
          0.0,
          3.98363
        ]
      ]
    },
    {
      "name": "universal_airfield_oil_storage_c",
      "tm": [
        [
          1.0,
          0.0,
          0.0
        ],
        [
          0.0,
          1.0,
          0.0
        ],
        [
          0.0,
          0.0,
          1.0
        ],
        [
          34.8147,
          0.0,
          -13.9663
        ]
      ]
    },
    {
      "name": "universal_airfield_oil_storage_c",
      "tm": [
        [
          1.0,
          0.0,
          0.0
        ],
        [
          0.0,
          1.0,
          0.0
        ],
        [
          0.0,
          0.0,
          1.0
        ],
        [
          34.8147,
          0.0,
          -20.6
        ]
      ]
    },
    {
      "name": "universal_airfield_oil_storage_c",
      "tm": [
        [
          1.0,
          0.0,
          0.0
        ],
        [
          0.0,
          1.0,
          0.0
        ],
        [
          0.0,
          0.0,
          1.0
        ],
        [
          37.4914,
          0.0,
          -43.8727
        ]
      ]
    },
    {
      "name": "universal_airfield_oil_storage_c",
      "tm": [
        [
          1.0,
          0.0,
          0.0
        ],
        [
          0.0,
          1.0,
          0.0
        ],
        [
          0.0,
          0.0,
          1.0
        ],
        [
          37.4914,
          0.0,
          -37.239
        ]
      ]
    },
    {
      "name": "universal_airfield_oil_storage_c",
      "tm": [
        [
          1.0,
          0.0,
          0.0
        ],
        [
          0.0,
          1.0,
          0.0
        ],
        [
          0.0,
          0.0,
          1.0
        ],
        [
          71.021,
          0.0,
          -31.1778
        ]
      ]
    },
    {
      "name": "universal_airfield_oil_storage_c",
      "tm": [
        [
          1.0,
          0.0,
          0.0
        ],
        [
          0.0,
          1.0,
          0.0
        ],
        [
          0.0,
          0.0,
          1.0
        ],
        [
          71.021,
          0.0,
          -24.5441
        ]
      ]
    },
    {
      "name": "universal_airfield_oil_storage_c",
      "tm": [
        [
          1.0,
          0.0,
          0.0
        ],
        [
          0.0,
          1.0,
          0.0
        ],
        [
          0.0,
          0.0,
          1.0
        ],
        [
          71.021,
          0.0,
          -6.69514
        ]
      ]
    },
    {
      "name": "universal_airfield_oil_storage_c",
      "tm": [
        [
          1.0,
          0.0,
          0.0
        ],
        [
          0.0,
          1.0,
          0.0
        ],
        [
          0.0,
          0.0,
          1.0
        ],
        [
          71.021,
          0.0,
          -0.0614052
        ]
      ]
    },
    {
      "name": "universal_airfield_oil_storage_c",
      "tm": [
        [
          1.0,
          0.0,
          0.0
        ],
        [
          0.0,
          1.0,
          0.0
        ],
        [
          0.0,
          0.0,
          1.0
        ],
        [
          71.021,
          0.0,
          18.0356
        ]
      ]
    },
    {
      "name": "universal_airfield_oil_storage_c",
      "tm": [
        [
          1.0,
          0.0,
          0.0
        ],
        [
          0.0,
          1.0,
          0.0
        ],
        [
          0.0,
          0.0,
          1.0
        ],
        [
          71.021,
          0.0,
          24.6693
        ]
      ]
    },
    {
      "name": "universal_airfield_oil_storage_b",
      "tm": [
        [
          1.0,
          0.0,
          0.0
        ],
        [
          0.0,
          1.0,
          0.0
        ],
        [
          0.0,
          0.0,
          1.0
        ],
        [
          48.5136,
          0.0,
          33.5879
        ]
      ]
    },
    {
      "name": "universal_airfield_oil_storage_b",
      "tm": [
        [
          1.0,
          0.0,
          0.0
        ],
        [
          0.0,
          1.0,
          0.0
        ],
        [
          0.0,
          0.0,
          1.0
        ],
        [
          48.5136,
          0.0,
          -41.1545
        ]
      ]
    },
    {
      "name": "universal_airfield_oil_storage_b",
      "tm": [
        [
          1.0,
          0.0,
          0.0
        ],
        [
          0.0,
          1.0,
          0.0
        ],
        [
          0.0,
          0.0,
          1.0
        ],
        [
          22.5274,
          0.0,
          -16.3595
        ]
      ]
    },
    {
      "name": "universal_airfield_oil_storage_b",
      "tm": [
        [
          1.0,
          0.0,
          0.0
        ],
        [
          0.0,
          1.0,
          0.0
        ],
        [
          0.0,
          0.0,
          1.0
        ],
        [
          22.5274,
          0.0,
          8.41344
        ]
      ]
    },
    {
      "name": "universal_airfield_oil_storage_a",
      "tm": [
        [
          1.0,
          0.0,
          0.0
        ],
        [
          0.0,
          1.0,
          0.0
        ],
        [
          0.0,
          0.0,
          1.0
        ],
        [
          6.70042,
          0.0,
          16.7071
        ]
      ]
    },
    {
      "name": "universal_airfield_oil_storage_a",
      "tm": [
        [
          1.0,
          0.0,
          0.0
        ],
        [
          0.0,
          1.0,
          0.0
        ],
        [
          0.0,
          0.0,
          1.0
        ],
        [
          6.70042,
          0.0,
          -24.8837
        ]
      ]
    },
    {
      "name": "universal_airfield_oil_storage_a",
      "tm": [
        [
          1.0,
          0.0,
          0.0
        ],
        [
          0.0,
          1.0,
          0.0
        ],
        [
          0.0,
          0.0,
          1.0
        ],
        [
          -6.37519,
          0.0,
          5.77885
        ]
      ]
    },
    {
      "name": "universal_airfield_oil_storage_a",
      "tm": [
        [
          1.0,
          0.0,
          0.0
        ],
        [
          0.0,
          1.0,
          0.0
        ],
        [
          0.0,
          0.0,
          1.0
        ],
        [
          -6.37519,
          0.0,
          -11.8189
        ]
      ]
    },
    {
      "name": "universal_airfield_barrack_d",
      "tm": [
        [
          -4.37114E-08,
          0.0,
          1.0
        ],
        [
          0.0,
          1.0,
          0.0
        ],
        [
          -1.0,
          0.0,
          -4.37114E-08
        ],
        [
          -31.4057,
          0.0,
          -87.0103
        ]
      ]
    },
    {
      "name": "universal_airfield_shed_a",
      "tm": [
        [
          -0.707107,
          0.0,
          0.707107
        ],
        [
          0.0,
          1.0,
          0.0
        ],
        [
          -0.707107,
          0.0,
          -0.707107
        ],
        [
          -9.152,
          0.0,
          -82.9966
        ]
      ]
    },
    {
      "name": "universal_airfield_shed_a",
      "tm": [
        [
          0.707107,
          0.0,
          0.707107
        ],
        [
          0.0,
          1.0,
          0.0
        ],
        [
          -0.707107,
          0.0,
          0.707107
        ],
        [
          -16.0924,
          0.0,
          63.8274
        ]
      ]
    },
    {
      "name": "universal_airfield_shed_a",
      "tm": [
        [
          0.707107,
          0.0,
          0.707107
        ],
        [
          0.0,
          1.0,
          0.0
        ],
        [
          -0.707107,
          0.0,
          0.707107
        ],
        [
          -72.6375,
          0.0,
          -30.6541
        ]
      ]
    },
    {
      "name": "universal_airfield_barrack_f",
      "tm": [
        [
          1.0,
          0.0,
          0.0
        ],
        [
          0.0,
          1.0,
          0.0
        ],
        [
          0.0,
          0.0,
          1.0
        ],
        [
          6.993,
          0.0,
          -4.18347
        ]
      ]
    },
    {
      "name": "gaz67_a",
      "tm": [
        [
          1.0,
          0.0,
          -1.74846E-07
        ],
        [
          0.0,
          1.0,
          0.0
        ],
        [
          1.74846E-07,
          0.0,
          1.0
        ],
        [
          -36.205,
          0.0,
          -42.3005
        ]
      ]
    },
    {
      "name": "zis5_a",
      "tm": [
        [
          -4.37114E-08,
          0.0,
          -1.0
        ],
        [
          0.0,
          1.0,
          0.0
        ],
        [
          1.0,
          0.0,
          -4.37114E-08
        ],
        [
          -88.1613,
          0.0,
          -46.275
        ]
      ]
    },
    {
      "name": "zis5_a",
      "tm": [
        [
          1.0,
          0.0,
          0.0
        ],
        [
          0.0,
          1.0,
          0.0
        ],
        [
          0.0,
          0.0,
          1.0
        ],
        [
          31.968,
          0.0,
          83.3659
        ]
      ]
    },
    {
      "name": "zis5_a",
      "tm": [
        [
          1.0,
          0.0,
          0.0
        ],
        [
          0.0,
          1.0,
          0.0
        ],
        [
          0.0,
          0.0,
          1.0
        ],
        [
          37.7756,
          0.0,
          83.3659
        ]
      ]
    },
    {
      "name": "zis5_a",
      "tm": [
        [
          1.0,
          0.0,
          0.0
        ],
        [
          0.0,
          1.0,
          0.0
        ],
        [
          0.0,
          0.0,
          1.0
        ],
        [
          43.5832,
          0.0,
          83.3659
        ]
      ]
    },
    {
      "name": "zis5_a",
      "tm": [
        [
          1.0,
          0.0,
          0.0
        ],
        [
          0.0,
          1.0,
          0.0
        ],
        [
          0.0,
          0.0,
          1.0
        ],
        [
          49.3908,
          0.0,
          83.3659
        ]
      ]
    },
    {
      "name": "zis5_a",
      "tm": [
        [
          1.0,
          0.0,
          0.0
        ],
        [
          0.0,
          1.0,
          0.0
        ],
        [
          0.0,
          0.0,
          1.0
        ],
        [
          55.1984,
          0.0,
          83.3659
        ]
      ]
    },
    {
      "name": "zis5_a",
      "tm": [
        [
          -4.37114E-08,
          0.0,
          -1.0
        ],
        [
          0.0,
          1.0,
          0.0
        ],
        [
          1.0,
          0.0,
          -4.37114E-08
        ],
        [
          -77.9943,
          0.0,
          -37.0185
        ]
      ]
    },
    {
      "name": "zis5_a",
      "tm": [
        [
          -4.37114E-08,
          0.0,
          -1.0
        ],
        [
          0.0,
          1.0,
          0.0
        ],
        [
          1.0,
          0.0,
          -4.37114E-08
        ],
        [
          -83.0123,
          0.0,
          -41.7392
        ]
      ]
    },
    {
      "name": "zis5_a",
      "tm": [
        [
          0.707107,
          0.0,
          -0.707107
        ],
        [
          0.0,
          1.0,
          0.0
        ],
        [
          0.707107,
          0.0,
          0.707107
        ],
        [
          2.84317,
          0.0,
          79.1017
        ]
      ]
    },
    {
      "name": "zis5_a",
      "tm": [
        [
          0.707107,
          0.0,
          -0.707107
        ],
        [
          0.0,
          1.0,
          0.0
        ],
        [
          0.707107,
          0.0,
          0.707107
        ],
        [
          -1.97492,
          0.0,
          75.2099
        ]
      ]
    },
    {
      "name": "zis5_a",
      "tm": [
        [
          0.707107,
          0.0,
          -0.707107
        ],
        [
          0.0,
          1.0,
          0.0
        ],
        [
          0.707107,
          0.0,
          0.707107
        ],
        [
          -6.82185,
          0.0,
          70.7305
        ]
      ]
    },
    {
      "name": "universal_airfield_barrack_a",
      "tm": [
        [
          0.707107,
          0.0,
          0.707107
        ],
        [
          0.0,
          1.0,
          0.0
        ],
        [
          -0.707107,
          0.0,
          0.707107
        ],
        [
          -78.5042,
          0.0,
          -76.3154
        ]
      ]
    },
    {
      "name": "universal_airfield_barrack_f",
      "tm": [
        [
          0.707107,
          0.0,
          0.707107
        ],
        [
          0.0,
          1.0,
          0.0
        ],
        [
          -0.707107,
          0.0,
          0.707107
        ],
        [
          -46.0151,
          0.0,
          -33.8271
        ]
      ]
    },
    {
      "name": "gaz67_a",
      "tm": [
        [
          1.0,
          0.0,
          -1.74846E-07
        ],
        [
          0.0,
          1.0,
          0.0
        ],
        [
          1.74846E-07,
          0.0,
          1.0
        ],
        [
          -32.895,
          0.0,
          -45.8238
        ]
      ]
    },
    {
      "name": "gaz67_a",
      "tm": [
        [
          0.707107,
          0.0,
          -0.707107
        ],
        [
          0.0,
          1.0,
          0.0
        ],
        [
          0.707107,
          0.0,
          0.707107
        ],
        [
          -48.1697,
          0.0,
          18.8308
        ]
      ]
    },
    {
      "name": "universal_airfield_fuel_box_a",
      "tm": [
        [
          -0.0507408,
          0.0,
          0.998712
        ],
        [
          0.0,
          1.0,
          0.0
        ],
        [
          -0.998712,
          0.0,
          -0.0507408
        ],
        [
          62.2179,
          0.0,
          65.1271
        ]
      ]
    },
    {
      "name": "universal_airfield_fuel_tent_b",
      "tm": [
        [
          -0.707107,
          0.0,
          0.707107
        ],
        [
          0.0,
          1.0,
          0.0
        ],
        [
          -0.707107,
          0.0,
          -0.707107
        ],
        [
          -51.5211,
          0.0,
          60.605
        ]
      ]
    },
    {
      "name": "universal_airfield_fuel_box_d",
      "tm": [
        [
          -0.707107,
          0.0,
          -0.707107
        ],
        [
          0.0,
          1.0,
          0.0
        ],
        [
          0.707107,
          0.0,
          -0.707107
        ],
        [
          9.98067,
          0.0,
          71.4037
        ]
      ]
    },
    {
      "name": "universal_airfield_fuel_box_a",
      "tm": [
        [
          0.932406,
          0.0,
          -0.361413
        ],
        [
          0.0,
          1.0,
          0.0
        ],
        [
          0.361413,
          0.0,
          0.932406
        ],
        [
          -54.1479,
          0.0,
          22.2257
        ]
      ]
    },
    {
      "name": "universal_airfield_fuel_tank_b",
      "tm": [
        [
          -0.707107,
          0.0,
          -0.707107
        ],
        [
          0.0,
          1.0,
          0.0
        ],
        [
          0.707107,
          0.0,
          -0.707107
        ],
        [
          78.5434,
          0.0,
          84.786
        ]
      ]
    },
    {
      "name": "universal_airfield_fuel_tent_c",
      "tm": [
        [
          -0.821543,
          0.0,
          -0.570146
        ],
        [
          0.0,
          1.0,
          0.0
        ],
        [
          0.570146,
          0.0,
          -0.821543
        ],
        [
          -65.0685,
          0.0,
          -75.5429
        ]
      ]
    },
    {
      "name": "universal_airfield_barrels_group_c",
      "tm": [
        [
          0.999527,
          0.0,
          -0.0307573
        ],
        [
          0.0,
          1.0,
          0.0
        ],
        [
          0.0307573,
          0.0,
          0.999527
        ],
        [
          -2.1922,
          0.0,
          61.8044
        ]
      ]
    },
    {
      "name": "universal_airfield_barrels_group_b",
      "tm": [
        [
          0.941689,
          0.0,
          0.336486
        ],
        [
          0.0,
          1.0,
          0.0
        ],
        [
          -0.336486,
          0.0,
          0.941689
        ],
        [
          4.90316,
          0.0,
          46.837
        ]
      ]
    },
    {
      "name": "universal_airfield_fuel_tank_b",
      "tm": [
        [
          -0.707107,
          0.0,
          -0.707107
        ],
        [
          0.0,
          1.0,
          0.0
        ],
        [
          0.707107,
          0.0,
          -0.707107
        ],
        [
          62.73,
          0.0,
          46.4562
        ]
      ]
    },
    {
      "name": "universal_airfield_fuel_tent_c",
      "tm": [
        [
          0.967846,
          0.0,
          0.251545
        ],
        [
          0.0,
          1.0,
          0.0
        ],
        [
          -0.251545,
          0.0,
          0.967846
        ],
        [
          19.0217,
          0.0,
          37.5041
        ]
      ]
    },
    {
      "name": "universal_airfield_fuel_tent_b",
      "tm": [
        [
          0.70976,
          0.0,
          0.704443
        ],
        [
          0.0,
          1.0,
          0.0
        ],
        [
          -0.704443,
          0.0,
          0.70976
        ],
        [
          55.5245,
          0.0,
          -19.8048
        ]
      ]
    },
    {
      "name": "universal_airfield_fuel_tank_a",
      "tm": [
        [
          0.87711,
          0.0,
          -0.48029
        ],
        [
          0.0,
          1.0,
          0.0
        ],
        [
          0.48029,
          0.0,
          0.87711
        ],
        [
          -13.4703,
          0.0,
          -92.1601
        ]
      ]
    },
    {
      "name": "universal_airfield_barrels_group_c",
      "tm": [
        [
          0.977862,
          0.0,
          0.20925
        ],
        [
          0.0,
          1.0,
          0.0
        ],
        [
          -0.20925,
          0.0,
          0.977862
        ],
        [
          -47.408,
          0.0,
          -49.4309
        ]
      ]
    },
    {
      "name": "universal_airfield_barrels_group_b",
      "tm": [
        [
          -0.728508,
          0.0,
          -0.685037
        ],
        [
          0.0,
          1.0,
          0.0
        ],
        [
          0.685037,
          0.0,
          -0.728508
        ],
        [
          -53.1062,
          0.0,
          -55.9492
        ]
      ]
    }
  ]
}