[
  {
    "className": "composit"
  },
  {
    "size": [270.0,270.0]
  },
  {
    "node": {
      "name": "^^dynBase_field_camp_square_mesh",
      "tm": [
        [1.0,0.0,0.0],
        [0.0,1.0,0.0],
        [0.0,0.0,1.0],
        [0.0,0.0,0.0]
      ],
      "toGround": false
    }
  },
  {
    "node": {
      "name": "+NoTreesBox000",
      "tm": [
        [110.0,0.0,0.0],
        [0.0,20.0,0.0],
        [0.0,0.0,110.0],
        [0.0,0.0,0.0]
      ]
    }
  },
  {
    "node": {
      "name": "zis5_a",
      "tm": [
        [-4.37114e-08,0.0,-1.0],
        [0.0,1.0,0.0],
        [1.0,0.0,-4.37114e-08],
        [7.08365,0.0,-11.2792]
      ]
    }
  },
  {
    "node": {
      "name": "zis5_tent_a",
      "tm": [
        [-4.37114e-08,0.0,-1.0],
        [0.0,1.0,0.0],
        [1.0,0.0,-4.37114e-08],
        [0.465391,0.0,-10.5965]
      ]
    }
  },
  {
    "node": {
      "name": "zis5_a",
      "tm": [
        [0.906308,0.0,0.422618],
        [0.0,1.0,0.0],
        [-0.422618,0.0,0.906308],
        [-37.2666,0.0,-41.3642]
      ]
    }
  },
  {
    "node": {
      "name": "zis5_tent_a",
      "tm": [
        [0.819152,0.0,0.573576],
        [0.0,1.0,0.0],
        [-0.573576,0.0,0.819152],
        [-41.9351,0.0,-34.1321]
      ]
    }
  },
  {
    "node": {
      "name": "zis5_a",
      "tm": [
        [-0.829038,0.0,-0.559193],
        [0.0,1.0,0.0],
        [0.559193,0.0,-0.829038],
        [-44.7168,0.0,-28.1427]
      ]
    }
  },
  {
    "node": {
      "name": "zis5_tent_a",
      "tm": [
        [0.309017,0.0,0.951056],
        [0.0,1.0,0.0],
        [-0.951056,0.0,0.309017],
        [-7.81011,0.0,59.2258]
      ]
    }
  },
  {
    "node": {
      "name": "zis5_a",
      "tm": [
        [0.707107,0.0,0.707107],
        [0.0,1.0,0.0],
        [-0.707107,0.0,0.707107],
        [-7.77662,0.0,50.766]
      ]
    }
  },
  {
    "node": {
      "name": "zis5_a",
      "tm": [
        [1.0,0.0,0.0],
        [0.0,1.0,0.0],
        [0.0,0.0,1.0],
        [57.4909,0.0,-80.7408]
      ]
    }
  },
  {
    "node": {
      "name": "zis5_tent_a",
      "tm": [
        [0.906308,0.0,-0.422618],
        [0.0,1.0,0.0],
        [0.422618,0.0,0.906308],
        [47.295,0.0,8.48781]
      ]
    }
  },
  {
    "node": {
      "name": "zis5_a",
      "tm": [
        [0.422618,0.0,0.906308],
        [0.0,1.0,0.0],
        [-0.906308,0.0,0.422618],
        [52.7344,0.0,42.0625]
      ]
    }
  },
  {
    "node": {
      "name": "zis5_a",
      "tm": [
        [0.906308,0.0,-0.422618],
        [0.0,1.0,0.0],
        [0.422618,0.0,0.906308],
        [-68.9268,0.0,7.77186]
      ]
    }
  },
  {
    "node": {
      "name": "czech_hedgehog_dynamic",
      "tm": [
        [1.0,0.0,0.0],
        [0.0,1.0,0.0],
        [0.0,0.0,1.0],
        [75.9067,0.0,-68.022]
      ]
    }
  },
  {
    "node": {
      "name": "czech_hedgehog_dynamic",
      "tm": [
        [1.0,0.0,0.0],
        [0.0,1.0,0.0],
        [0.0,0.0,1.0],
        [40.3051,0.0,-82.786]
      ]
    }
  },
  {
    "node": {
      "name": "czech_hedgehog_dynamic",
      "tm": [
        [1.0,0.0,0.0],
        [0.0,1.0,0.0],
        [0.0,0.0,1.0],
        [25.5144,0.0,-80.4896]
      ]
    }
  },
  {
    "node": {
      "name": "czech_hedgehog_dynamic",
      "tm": [
        [1.0,0.0,0.0],
        [0.0,1.0,0.0],
        [0.0,0.0,1.0],
        [8.9834,0.0,-79.6889]
      ]
    }
  },
  {
    "node": {
      "name": "czech_hedgehog_dynamic",
      "tm": [
        [1.0,0.0,0.0],
        [0.0,1.0,0.0],
        [0.0,0.0,1.0],
        [-18.7326,0.0,-61.0437]
      ]
    }
  },
  {
    "node": {
      "name": "czech_hedgehog_dynamic",
      "tm": [
        [1.0,0.0,0.0],
        [0.0,1.0,0.0],
        [0.0,0.0,1.0],
        [-42.5071,0.0,-57.0935]
      ]
    }
  },
  {
    "node": {
      "name": "czech_hedgehog_dynamic",
      "tm": [
        [1.0,0.0,0.0],
        [0.0,1.0,0.0],
        [0.0,0.0,1.0],
        [-58.8718,0.0,-38.1363]
      ]
    }
  },
  {
    "node": {
      "name": "czech_hedgehog_dynamic",
      "tm": [
        [0.939693,0.0,0.34202],
        [0.0,1.0,0.0],
        [-0.34202,0.0,0.939693],
        [-64.8631,0.0,-27.5607]
      ]
    }
  },
  {
    "node": {
      "name": "czech_hedgehog_dynamic",
      "tm": [
        [1.0,0.0,0.0],
        [0.0,1.0,0.0],
        [0.0,0.0,1.0],
        [-66.4964,0.0,16.2135]
      ]
    }
  },
  {
    "node": {
      "name": "czech_hedgehog_dynamic",
      "tm": [
        [1.0,0.0,0.0],
        [0.0,1.0,0.0],
        [0.0,0.0,1.0],
        [-54.8603,0.0,13.3193]
      ]
    }
  },
  {
    "node": {
      "name": "czech_hedgehog_dynamic",
      "tm": [
        [1.0,0.0,0.0],
        [0.0,1.0,0.0],
        [0.0,0.0,1.0],
        [-52.3335,0.0,24.8737]
      ]
    }
  },
  {
    "node": {
      "name": "czech_hedgehog_dynamic",
      "tm": [
        [1.0,0.0,0.0],
        [0.0,1.0,0.0],
        [0.0,0.0,1.0],
        [-45.8879,0.0,37.5876]
      ]
    }
  },
  {
    "node": {
      "name": "czech_hedgehog_dynamic",
      "tm": [
        [1.0,0.0,0.0],
        [0.0,1.0,0.0],
        [0.0,0.0,1.0],
        [-35.2496,0.0,48.0178]
      ]
    }
  },
  {
    "node": {
      "name": "czech_hedgehog_dynamic",
      "tm": [
        [1.0,0.0,0.0],
        [0.0,1.0,0.0],
        [0.0,0.0,1.0],
        [-23.4152,0.0,59.2585]
      ]
    }
  },
  {
    "node": {
      "name": "czech_hedgehog_dynamic",
      "tm": [
        [1.0,0.0,0.0],
        [0.0,1.0,0.0],
        [0.0,0.0,1.0],
        [-10.117,0.0,68.7547]
      ]
    }
  },
  {
    "node": {
      "name": "czech_hedgehog_dynamic",
      "tm": [
        [1.0,0.0,0.0],
        [0.0,1.0,0.0],
        [0.0,0.0,1.0],
        [22.7319,0.0,81.2029]
      ]
    }
  },
  {
    "node": {
      "name": "czech_hedgehog_dynamic",
      "tm": [
        [1.0,0.0,0.0],
        [0.0,1.0,0.0],
        [0.0,0.0,1.0],
        [34.6982,0.0,79.6122]
      ]
    }
  },
  {
    "node": {
      "name": "czech_hedgehog_dynamic",
      "tm": [
        [1.0,0.0,0.0],
        [0.0,1.0,0.0],
        [0.0,0.0,1.0],
        [44.3651,0.0,83.9116]
      ]
    }
  },
  {
    "node": {
      "name": "ussr_ml20",
      "tm": [
        [0.819152,0.0,-0.573576],
        [0.0,1.0,0.0],
        [0.573576,0.0,0.819152],
        [-28.8179,0.0,-57.6857]
      ]
    }
  },
  {
    "node": {
      "name": "ussr_ml20",
      "tm": [
        [-0.5,0.0,0.866025],
        [0.0,1.0,0.0],
        [-0.866025,0.0,-0.5],
        [63.0199,0.0,-59.8238]
      ]
    }
  },
  {
    "node": {
      "name": "ussr_ml20",
      "tm": [
        [-0.766044,0.0,-0.642788],
        [0.0,1.0,0.0],
        [0.642788,0.0,-0.766044],
        [-5.41552,0.0,79.2018]
      ]
    }
  },
  {
    "node": {
      "name": "ussr_ml20",
      "tm": [
        [0.642788,0.0,-0.766044],
        [0.0,1.0,0.0],
        [0.766044,0.0,0.642788],
        [41.0873,0.0,-3.5722]
      ]
    }
  },
  {
    "node": {
      "name": "ussr_ml20",
      "tm": [
        [0.819152,0.0,-0.573576],
        [0.0,1.0,0.0],
        [0.573576,0.0,0.819152],
        [43.5215,0.0,-9.81598]
      ]
    }
  },
  {
    "node": {
      "name": "ussr_ml20",
      "tm": [
        [0.996195,0.0,-0.0871556],
        [0.0,1.0,0.0],
        [0.0871556,0.0,0.996195],
        [50.4307,0.0,-12.953]
      ]
    }
  },
  {
    "node": {
      "name": "universal_airfield_sandbags_b",
      "tm": [
        [-0.984808,0.0,-0.173648],
        [0.0,1.0,0.0],
        [0.173648,0.0,-0.984808],
        [80.8285,0.0,-75.8263]
      ]
    }
  },
  {
    "node": {
      "name": "universal_airfield_sandbags_b",
      "tm": [
        [-0.573576,0.0,0.819152],
        [0.0,1.0,0.0],
        [-0.819152,0.0,-0.573576],
        [77.4085,0.0,-86.6534]
      ]
    }
  },
  {
    "node": {
      "name": "universal_airfield_sandbags_b",
      "tm": [
        [-0.965926,0.0,0.258819],
        [0.0,1.0,0.0],
        [-0.258819,0.0,-0.965926],
        [81.0126,0.0,-81.7427]
      ]
    }
  },
  {
    "node": {
      "name": "universal_airfield_sandbags_b",
      "tm": [
        [-0.573576,0.0,0.819152],
        [0.0,1.0,0.0],
        [-0.819152,0.0,-0.573576],
        [-3.54527,0.0,-84.7107]
      ]
    }
  },
  {
    "node": {
      "name": "universal_airfield_sandbags_b",
      "tm": [
        [0.573577,0.0,0.819152],
        [0.0,1.0,0.0],
        [-0.819152,0.0,0.573577],
        [-18.274,0.0,-83.62]
      ]
    }
  },
  {
    "node": {
      "name": "universal_airfield_sandbags_b",
      "tm": [
        [-0.996195,0.0,0.0871559],
        [0.0,1.0,0.0],
        [-0.0871559,0.0,-0.996195],
        [59.282,0.0,57.2309]
      ]
    }
  },
  {
    "node": {
      "name": "universal_airfield_sandbags_b",
      "tm": [
        [-0.984808,0.0,-0.173648],
        [0.0,1.0,0.0],
        [0.173648,0.0,-0.984808],
        [62.392,0.0,72.5175]
      ]
    }
  },
  {
    "node": {
      "name": "universal_airfield_sandbags_b",
      "tm": [
        [-0.642788,0.0,-0.766044],
        [0.0,1.0,0.0],
        [0.766044,0.0,-0.642788],
        [55.9499,0.0,81.8468]
      ]
    }
  },
  {
    "node": {
      "name": "universal_airfield_sandbags_b",
      "tm": [
        [-0.642788,0.0,-0.766044],
        [0.0,1.0,0.0],
        [0.766044,0.0,-0.642788],
        [-0.570759,0.0,82.2935]
      ]
    }
  },
  {
    "node": {
      "name": "universal_airfield_sandbags_b",
      "tm": [
        [0.866025,0.0,-0.5],
        [0.0,1.0,0.0],
        [0.5,0.0,0.866025],
        [-10.3373,0.0,79.6695]
      ]
    }
  },
  {
    "node": {
      "name": "universal_airfield_sandbags_b",
      "tm": [
        [0.866025,0.0,-0.5],
        [0.0,1.0,0.0],
        [0.5,0.0,0.866025],
        [-81.3919,0.0,2.49774]
      ]
    }
  },
  {
    "node": {
      "name": "universal_airfield_sandbags_b",
      "tm": [
        [0.707107,0.0,0.707107],
        [0.0,1.0,0.0],
        [-0.707107,0.0,0.707107],
        [-79.1507,0.0,-7.76597]
      ]
    }
  },
  {
    "node": {
      "name": "boxes_rendinst",
      "tm": [
        [0.121869,0.0,-0.992546],
        [0.0,1.0,0.0],
        [0.992546,0.0,0.121869],
        [-74.528,0.0,0.00211143]
      ]
    }
  },
  {
    "node": {
      "name": "boxes_rendinst",
      "tm": [
        [0.766044,0.0,-0.642788],
        [0.0,1.0,0.0],
        [0.642788,0.0,0.766044],
        [53.5311,0.0,-3.23011]
      ]
    }
  },
  {
    "node": {
      "name": "universal_airfield_sandbags_a",
      "tm": [
        [-0.422618,0.0,-0.906308],
        [0.0,1.0,0.0],
        [0.906308,0.0,-0.422618],
        [10.8503,0.0,-73.9038]
      ]
    }
  },
  {
    "node": {
      "name": "universal_airfield_sandbags_a",
      "tm": [
        [-0.173648,0.0,-0.984808],
        [0.0,1.0,0.0],
        [0.984808,0.0,-0.173648],
        [14.3226,0.0,-74.9757]
      ]
    }
  },
  {
    "node": {
      "name": "universal_airfield_sandbags_a",
      "tm": [
        [-1.62921e-07,0.0,-1.0],
        [0.0,1.0,0.0],
        [1.0,0.0,-1.62921e-07],
        [17.9685,0.0,-75.2983]
      ]
    }
  },
  {
    "node": {
      "name": "universal_airfield_sandbags_a",
      "tm": [
        [0.258819,0.0,-0.965926],
        [0.0,1.0,0.0],
        [0.965926,0.0,0.258819],
        [21.4603,0.0,-74.8543]
      ]
    }
  },
  {
    "node": {
      "name": "universal_airfield_sandbags_a",
      "tm": [
        [0.0871556,0.0,-0.996195],
        [0.0,1.0,0.0],
        [0.996195,0.0,0.0871556],
        [62.3729,0.0,-88.7698]
      ]
    }
  },
  {
    "node": {
      "name": "universal_airfield_sandbags_a",
      "tm": [
        [-0.0871559,0.0,-0.996195],
        [0.0,1.0,0.0],
        [0.996195,0.0,-0.0871559],
        [66.2047,0.0,-88.7512]
      ]
    }
  },
  {
    "node": {
      "name": "universal_airfield_sandbags_a",
      "tm": [
        [-0.951056,0.0,-0.309017],
        [0.0,1.0,0.0],
        [0.309017,0.0,-0.951056],
        [-37.0228,0.0,-65.3102]
      ]
    }
  },
  {
    "node": {
      "name": "universal_airfield_sandbags_a",
      "tm": [
        [-0.788011,0.0,-0.615661],
        [0.0,1.0,0.0],
        [0.615661,0.0,-0.788011],
        [-35.4294,0.0,-68.384]
      ]
    }
  },
  {
    "node": {
      "name": "universal_airfield_sandbags_a",
      "tm": [
        [-0.731354,0.0,-0.681998],
        [0.0,1.0,0.0],
        [0.681998,0.0,-0.731354],
        [-33.1834,0.0,-71.0394]
      ]
    }
  },
  {
    "node": {
      "name": "universal_airfield_sandbags_a",
      "tm": [
        [-0.669131,0.0,-0.743145],
        [0.0,1.0,0.0],
        [0.743145,0.0,-0.669131],
        [-30.5849,0.0,-73.6442]
      ]
    }
  },
  {
    "node": {
      "name": "universal_airfield_sandbags_a",
      "tm": [
        [-0.453991,0.0,-0.891006],
        [0.0,1.0,0.0],
        [0.891006,0.0,-0.453991],
        [-27.6145,0.0,-75.7928]
      ]
    }
  },
  {
    "node": {
      "name": "universal_airfield_sandbags_a",
      "tm": [
        [-0.97437,0.0,-0.224951],
        [0.0,1.0,0.0],
        [0.224951,0.0,-0.97437],
        [-73.5678,0.0,-13.8906]
      ]
    }
  },
  {
    "node": {
      "name": "universal_airfield_sandbags_a",
      "tm": [
        [-0.838671,0.0,-0.544639],
        [0.0,1.0,0.0],
        [0.544639,0.0,-0.838671],
        [-72.2484,0.0,-17.0915]
      ]
    }
  },
  {
    "node": {
      "name": "universal_airfield_sandbags_a",
      "tm": [
        [-0.669131,0.0,-0.743145],
        [0.0,1.0,0.0],
        [0.743145,0.0,-0.669131],
        [-69.9969,0.0,-19.7479]
      ]
    }
  },
  {
    "node": {
      "name": "universal_airfield_sandbags_a",
      "tm": [
        [-0.453991,0.0,-0.891006],
        [0.0,1.0,0.0],
        [0.891006,0.0,-0.453991],
        [-67.0962,0.0,-21.7582]
      ]
    }
  },
  {
    "node": {
      "name": "universal_airfield_sandbags_a",
      "tm": [
        [-0.12187,0.0,-0.992546],
        [0.0,1.0,0.0],
        [0.992546,0.0,-0.12187],
        [-63.8084,0.0,-22.7781]
      ]
    }
  },
  {
    "node": {
      "name": "universal_airfield_sandbags_a",
      "tm": [
        [-0.939693,0.0,0.34202],
        [0.0,1.0,0.0],
        [-0.34202,0.0,-0.939693],
        [-49.0893,0.0,21.0475]
      ]
    }
  },
  {
    "node": {
      "name": "universal_airfield_sandbags_a",
      "tm": [
        [-0.965926,0.0,0.258819],
        [0.0,1.0,0.0],
        [-0.258819,0.0,-0.965926],
        [-50.1511,0.0,17.7356]
      ]
    }
  },
  {
    "node": {
      "name": "universal_airfield_sandbags_a",
      "tm": [
        [-0.694658,0.0,0.71934],
        [0.0,1.0,0.0],
        [-0.71934,0.0,-0.694658],
        [-37.0198,0.0,40.7016]
      ]
    }
  },
  {
    "node": {
      "name": "universal_airfield_sandbags_a",
      "tm": [
        [-0.75471,0.0,0.656059],
        [0.0,1.0,0.0],
        [-0.656059,0.0,-0.75471],
        [-39.426,0.0,38.1903]
      ]
    }
  },
  {
    "node": {
      "name": "universal_airfield_sandbags_a",
      "tm": [
        [0.422618,0.0,0.906308],
        [0.0,1.0,0.0],
        [-0.906308,0.0,0.422618],
        [16.5642,0.0,80.033]
      ]
    }
  },
  {
    "node": {
      "name": "universal_airfield_sandbags_a",
      "tm": [
        [0.173648,0.0,0.984808],
        [0.0,1.0,0.0],
        [-0.984808,0.0,0.173648],
        [13.092,0.0,81.1049]
      ]
    }
  },
  {
    "node": {
      "name": "universal_airfield_sandbags_a",
      "tm": [
        [1.19249e-08,0.0,1.0],
        [0.0,1.0,0.0],
        [-1.0,0.0,1.19249e-08],
        [9.446,0.0,81.4275]
      ]
    }
  },
  {
    "node": {
      "name": "universal_airfield_sandbags_a",
      "tm": [
        [-0.258819,0.0,0.965926],
        [0.0,1.0,0.0],
        [-0.965926,0.0,-0.258819],
        [5.95426,0.0,80.9834]
      ]
    }
  },
  {
    "node": {
      "name": "universal_airfield_sandbags_a",
      "tm": [
        [0.173648,0.0,-0.984808],
        [0.0,1.0,0.0],
        [0.984808,0.0,0.173648],
        [61.96,0.0,-28.6114]
      ]
    }
  },
  {
    "node": {
      "name": "universal_airfield_sandbags_a",
      "tm": [
        [0.5,0.0,-0.866025],
        [0.0,1.0,0.0],
        [0.866025,0.0,0.5],
        [65.2256,0.0,-27.4612]
      ]
    }
  },
  {
    "node": {
      "name": "universal_airfield_sandbags_a",
      "tm": [
        [0.707107,0.0,-0.707107],
        [0.0,1.0,0.0],
        [0.707107,0.0,0.707107],
        [67.9962,0.0,-25.3518]
      ]
    }
  },
  {
    "node": {
      "name": "universal_airfield_sandbags_a",
      "tm": [
        [0.866025,0.0,-0.5],
        [0.0,1.0,0.0],
        [0.5,0.0,0.866025],
        [70.1556,0.0,-22.5603]
      ]
    }
  },
  {
    "node": {
      "name": "universal_airfield_sandbags_a",
      "tm": [
        [0.984808,0.0,-0.173648],
        [0.0,1.0,0.0],
        [0.173648,0.0,0.984808],
        [71.3461,0.0,-19.3304]
      ]
    }
  },
  {
    "node": {
      "name": "universal_airfield_tent_l",
      "tm": [
        [-0.374606,0.0,0.927184],
        [0.0,1.0,0.0],
        [-0.927184,0.0,-0.374606],
        [23.3337,0.0,26.7081]
      ]
    }
  },
  {
    "node": {
      "name": "universal_airfield_tent_m",
      "tm": [
        [1.0,0.0,0.0],
        [0.0,1.0,0.0],
        [0.0,0.0,1.0],
        [25.4889,0.0,3.40319]
      ]
    }
  },
  {
    "node": {
      "name": "universal_airfield_tent_k",
      "tm": [
        [0.965926,0.0,-0.258819],
        [0.0,1.0,0.0],
        [0.258819,0.0,0.965926],
        [16.4137,0.0,-30.9131]
      ]
    }
  },
  {
    "node": {
      "name": "universal_airfield_tent_j",
      "tm": [
        [1.0,0.0,0.0],
        [0.0,1.0,0.0],
        [0.0,0.0,1.0],
        [-18.239,0.0,-15.9515]
      ]
    }
  },
  {
    "node": {
      "name": "universal_airfield_tent_m",
      "tm": [
        [-4.37114e-08,0.0,-1.0],
        [0.0,1.0,0.0],
        [1.0,0.0,-4.37114e-08],
        [-9.70299,0.0,-31.9445]
      ]
    }
  },
  {
    "node": {
      "name": "universal_airfield_tent_j",
      "tm": [
        [0.5,0.0,0.866025],
        [0.0,1.0,0.0],
        [-0.866025,0.0,0.5],
        [6.84303,0.0,28.9348]
      ]
    }
  },
  {
    "node": {
      "name": "universal_airfield_tent_k",
      "tm": [
        [1.0,0.0,0.0],
        [0.0,1.0,0.0],
        [0.0,0.0,1.0],
        [-17.9458,0.0,28.2779]
      ]
    }
  },
  {
    "node": {
      "name": "universal_airfield_tent_m",
      "tm": [
        [1.0,0.0,0.0],
        [0.0,1.0,0.0],
        [0.0,0.0,1.0],
        [1.77044,0.0,5.76173]
      ]
    }
  },
  {
    "node": {
      "name": "universal_airfield_tent_k",
      "tm": [
        [0.866025,0.0,-0.5],
        [0.0,1.0,0.0],
        [0.5,0.0,0.866025],
        [20.0805,0.0,43.0669]
      ]
    }
  },
  {
    "node": {
      "name": "universal_airfield_tent_k",
      "tm": [
        [0.5,0.0,0.866025],
        [0.0,1.0,0.0],
        [-0.866025,0.0,0.5],
        [39.2861,0.0,54.0558]
      ]
    }
  },
  {
    "node": {
      "name": "universal_airfield_tent_m",
      "tm": [
        [0.573576,0.0,0.819152],
        [0.0,1.0,0.0],
        [-0.819152,0.0,0.573576],
        [20.551,0.0,64.3084]
      ]
    }
  },
  {
    "node": {
      "name": "universal_airfield_tent_m",
      "tm": [
        [-0.173648,0.0,-0.984808],
        [0.0,1.0,0.0],
        [0.984808,0.0,-0.173648],
        [-37.5729,0.0,19.57]
      ]
    }
  },
  {
    "node": {
      "name": "universal_airfield_tent_k",
      "tm": [
        [0.422618,0.0,0.906308],
        [0.0,1.0,0.0],
        [-0.906308,0.0,0.422618],
        [-32.1484,0.0,-4.58946]
      ]
    }
  },
  {
    "node": {
      "name": "czech_hedgehog_dynamic",
      "tm": [
        [0.939693,0.0,0.34202],
        [0.0,1.0,0.0],
        [-0.34202,0.0,0.939693],
        [-20.4568,0.0,-54.4926]
      ]
    }
  },
  {
    "node": {
      "name": "czech_hedgehog_dynamic",
      "tm": [
        [0.939693,0.0,0.34202],
        [0.0,1.0,0.0],
        [-0.34202,0.0,0.939693],
        [-8.84835,0.0,73.0655]
      ]
    }
  },
  {
    "node": {
      "name": "czech_hedgehog_dynamic",
      "tm": [
        [-0.358368,0.0,0.93358],
        [0.0,1.0,0.0],
        [-0.93358,0.0,-0.358368],
        [54.831,0.0,70.068]
      ]
    }
  },
  {
    "node": {
      "name": "universal_airfield_sandbags_a",
      "tm": [
        [-0.996195,0.0,0.0871558],
        [0.0,1.0,0.0],
        [-0.0871558,0.0,-0.996195],
        [-50.7874,0.0,14.216]
      ]
    }
  },
  {
    "node": {
      "name": "universal_airfield_sandbags_a",
      "tm": [
        [-0.996195,0.0,0.0871558],
        [0.0,1.0,0.0],
        [-0.0871558,0.0,-0.996195],
        [-48.254,0.0,24.5994]
      ]
    }
  },
  {
    "node": {
      "name": "universal_airfield_sandbags_a",
      "tm": [
        [0.999391,0.0,-0.0348994],
        [0.0,1.0,0.0],
        [0.0348994,0.0,0.999391],
        [65.5463,0.0,20.6429]
      ]
    }
  },
  {
    "node": {
      "name": "universal_airfield_sandbags_a",
      "tm": [
        [0.97437,0.0,0.224951],
        [0.0,1.0,0.0],
        [-0.224951,0.0,0.97437],
        [65.2191,0.0,24.1018]
      ]
    }
  },
  {
    "node": {
      "name": "universal_airfield_sandbags_a",
      "tm": [
        [0.961262,0.0,0.275637],
        [0.0,1.0,0.0],
        [-0.275637,0.0,0.961262],
        [64.3544,0.0,27.4275]
      ]
    }
  },
  {
    "node": {
      "name": "universal_airfield_sandbags_a",
      "tm": [
        [0.898794,0.0,0.438371],
        [0.0,1.0,0.0],
        [-0.438371,0.0,0.898794],
        [63.12,0.0,30.7841]
      ]
    }
  },
  {
    "node": {
      "name": "universal_airfield_sandbags_a",
      "tm": [
        [0.75471,0.0,0.656059],
        [0.0,1.0,0.0],
        [-0.656059,0.0,0.75471],
        [61.269,0.0,33.6848]
      ]
    }
  },
  {
    "node": {
      "name": "universal_airfield_fuel_tent_a",
      "tm": [
        [0.788011,0.0,0.615662],
        [0.0,1.0,0.0],
        [-0.615662,0.0,0.788011],
        [40.6698,0.0,23.0109]
      ]
    }
  },
  {
    "node": {
      "name": "universal_airfield_fuel_tank_a",
      "tm": [
        [0.777146,0.0,0.62932],
        [0.0,1.0,0.0],
        [-0.62932,0.0,0.777146],
        [40.8111,0.0,7.4302]
      ]
    }
  },
  {
    "node": {
      "name": "universal_airfield_fuel_tank_c",
      "tm": [
        [-0.956305,0.0,0.292372],
        [0.0,1.0,0.0],
        [-0.292372,0.0,-0.956305],
        [-3.68802,0.0,-3.79261]
      ]
    }
  },
  {
    "node": {
      "name": "universal_airfield_fuel_tent_b",
      "tm": [
        [0.71934,0.0,-0.694658],
        [0.0,1.0,0.0],
        [0.694658,0.0,0.71934],
        [66.2606,0.0,-1.50506]
      ]
    }
  },
  {
    "node": {
      "name": "universal_airfield_fuel_tent_b",
      "tm": [
        [-0.933581,0.0,0.358368],
        [0.0,1.0,0.0],
        [-0.358368,0.0,-0.933581],
        [-14.2105,0.0,-55.5827]
      ]
    }
  },
  {
    "node": {
      "name": "czech_hedgehog_dynamic",
      "tm": [
        [0.906308,0.0,0.422618],
        [0.0,1.0,0.0],
        [-0.422618,0.0,0.906308],
        [-51.717,0.0,-49.7372]
      ]
    }
  },
  {
    "node": {
      "name": "universal_airfield_sandbags_a",
      "tm": [
        [-0.601815,0.0,0.798635],
        [0.0,1.0,0.0],
        [-0.798635,0.0,-0.601815],
        [-25.5166,0.0,53.2563]
      ]
    }
  },
  {
    "node": {
      "name": "universal_airfield_sandbags_a",
      "tm": [
        [-0.669131,0.0,0.743145],
        [0.0,1.0,0.0],
        [-0.743145,0.0,-0.669131],
        [-28.2109,0.0,51.057]
      ]
    }
  },
  {
    "node": {
      "name": "universal_airfield_fuel_tank_c",
      "tm": [
        [0.694658,0.0,-0.71934],
        [0.0,1.0,0.0],
        [0.71934,0.0,0.694658],
        [49.8723,0.0,-77.3225]
      ]
    }
  },
  {
    "node": {
      "name": "universal_airfield_fuel_tent_b",
      "tm": [
        [-0.99863,0.0,0.0523356],
        [0.0,1.0,0.0],
        [-0.0523356,0.0,-0.99863],
        [20.6148,0.0,-55.8797]
      ]
    }
  },
  {
    "node": {
      "name": "universal_airfield_tent_d",
      "tm": [
        [0.990268,0.0,-0.139173],
        [0.0,1.0,0.0],
        [0.139173,0.0,0.990268],
        [-11.9123,0.0,14.7833]
      ]
    }
  },
  {
    "node": {
      "name": "universal_airfield_tent_b",
      "tm": [
        [-0.819152,0.0,-0.573576],
        [0.0,1.0,0.0],
        [0.573576,0.0,-0.819152],
        [34.3157,0.0,-48.071]
      ]
    }
  },
  {
    "node": {
      "name": "universal_airfield_tent_h",
      "tm": [
        [-0.45399,0.0,-0.891007],
        [0.0,1.0,0.0],
        [0.891007,0.0,-0.45399],
        [65.9756,0.0,-71.5554]
      ]
    }
  },
  {
    "node": {
      "name": "universal_airfield_tent_d",
      "tm": [
        [0.809017,0.0,-0.587785],
        [0.0,1.0,0.0],
        [0.587785,0.0,0.809017],
        [41.5265,0.0,-55.7084]
      ]
    }
  },
  {
    "node": {
      "name": "universal_airfield_tent_d",
      "tm": [
        [0.984808,0.0,-0.173648],
        [0.0,1.0,0.0],
        [0.173648,0.0,0.984808],
        [30.0185,0.0,-37.8197]
      ]
    }
  },
  {
    "node": {
      "name": "universal_airfield_fuel_tank_c",
      "tm": [
        [-0.707107,0.0,-0.707107],
        [0.0,1.0,0.0],
        [0.707107,0.0,-0.707107],
        [-15.8169,0.0,42.8758]
      ]
    }
  },
  {
    "node": {
      "name": "universal_airfield_tent_b",
      "tm": [
        [-0.422618,0.0,-0.906308],
        [0.0,1.0,0.0],
        [0.906308,0.0,-0.422618],
        [-64.2205,0.0,-9.81007]
      ]
    }
  },
  {
    "node": {
      "name": "boxes_rendinst",
      "tm": [
        [0.819152,0.0,-0.573576],
        [0.0,1.0,0.0],
        [0.573576,0.0,0.819152],
        [65.7518,0.0,-73.2103]
      ]
    }
  },
  {
    "node": {
      "name": "czech_hedgehog_dynamic",
      "tm": [
        [1.0,0.0,0.0],
        [0.0,1.0,0.0],
        [0.0,0.0,1.0],
        [57.4959,0.0,-48.6412]
      ]
    }
  },
  {
    "node": {
      "name": "czech_hedgehog_dynamic",
      "tm": [
        [1.0,0.0,0.0],
        [0.0,1.0,0.0],
        [0.0,0.0,1.0],
        [57.843,0.0,-37.0885]
      ]
    }
  },
  {
    "node": {
      "name": "universal_airfield_tent_d",
      "tm": [
        [0.438371,0.0,-0.898794],
        [0.0,1.0,0.0],
        [0.898794,0.0,0.438371],
        [-51.4051,0.0,-19.8246]
      ]
    }
  },
  {
    "node": {
      "name": "boxes_rendinst",
      "tm": [
        [0.5,0.0,-0.866025],
        [0.0,1.0,0.0],
        [0.866025,0.0,0.5],
        [-14.3962,0.0,4.79048]
      ]
    }
  },
  {
    "node": {
      "name": "universal_airfield_tent_l",
      "tm": [
        [0.587785,0.0,-0.809017],
        [0.0,1.0,0.0],
        [0.809017,0.0,0.587785],
        [-28.5203,0.0,10.0452]
      ]
    }
  },
  {
    "node": {
      "name": "boxes_rendinst",
      "tm": [
        [7.54979e-08,0.0,1.0],
        [0.0,1.0,0.0],
        [-1.0,0.0,7.54979e-08],
        [-58.079,0.0,-14.7321]
      ]
    }
  },
  {
    "node": {
      "name": "boxes_rendinst",
      "tm": [
        [0.139173,0.0,0.990268],
        [0.0,1.0,0.0],
        [-0.990268,0.0,0.139173],
        [-14.2027,0.0,4.66791]
      ]
    }
  },
  {
    "node": {
      "name": "boxes_rendinst",
      "tm": [
        [0.573576,0.0,0.819152],
        [0.0,1.0,0.0],
        [-0.819152,0.0,0.573576],
        [-18.5554,0.0,52.4192]
      ]
    }
  },
  {
    "node": {
      "name": "boxes_rendinst",
      "tm": [
        [0.93358,0.0,-0.358368],
        [0.0,1.0,0.0],
        [0.358368,0.0,0.93358],
        [7.68982,0.0,-44.9762]
      ]
    }
  },
  {
    "node": {
      "name": "boxes_rendinst",
      "tm": [
        [0.992546,0.0,-0.121869],
        [0.0,1.0,0.0],
        [0.121869,0.0,0.992546],
        [-8.81314,0.0,-74.7456]
      ]
    }
  },
  {
    "node": {
      "name": "boxes_rendinst",
      "tm": [
        [0.898794,0.0,0.438371],
        [0.0,1.0,0.0],
        [-0.438371,0.0,0.898794],
        [-41.9658,0.0,4.49574]
      ]
    }
  },
  {
    "node": {
      "name": "boxes_rendinst",
      "tm": [
        [-0.515038,0.0,0.857167],
        [0.0,1.0,0.0],
        [-0.857167,0.0,-0.515038],
        [-47.5198,0.0,-39.7418]
      ]
    }
  },
  {
    "node": {
      "name": "boxes_rendinst",
      "tm": [
        [0.469472,0.0,-0.882948],
        [0.0,1.0,0.0],
        [0.882948,0.0,0.469472],
        [24.3083,0.0,27.2631]
      ]
    }
  },
  {
    "node": {
      "name": "boxes_rendinst",
      "tm": [
        [-0.788011,0.0,-0.615662],
        [0.0,1.0,0.0],
        [0.615662,0.0,-0.788011],
        [39.0245,0.0,7.87162]
      ]
    }
  },
  {
    "node": {
      "name": "universal_airfield_tent_h",
      "tm": [
        [-0.99863,0.0,-0.052336],
        [0.0,1.0,0.0],
        [0.052336,0.0,-0.99863],
        [8.65079,0.0,-8.44258]
      ]
    }
  },
  {
    "node": {
      "name": "boxes_rendinst",
      "tm": [
        [-0.829038,0.0,-0.559193],
        [0.0,1.0,0.0],
        [0.559193,0.0,-0.829038],
        [1.49487,0.0,49.4064]
      ]
    }
  },
  {
    "node": {
      "name": "boxes_rendinst",
      "tm": [
        [0.669131,0.0,0.743145],
        [0.0,1.0,0.0],
        [-0.743145,0.0,0.669131],
        [45.5026,0.0,71.7037]
      ]
    }
  },
  {
    "node": {
      "name": "universal_airfield_tent_h",
      "tm": [
        [-0.587785,0.0,0.809017],
        [0.0,1.0,0.0],
        [-0.809017,0.0,-0.587785],
        [-1.83108,0.0,44.7128]
      ]
    }
  },
  {
    "node": {
      "name": "universal_airfield_tent_l",
      "tm": [
        [-0.0174526,0.0,0.999848],
        [0.0,1.0,0.0],
        [-0.999848,0.0,-0.0174526],
        [-13.2019,0.0,4.70498]
      ]
    }
  },
  {
    "node": {
      "name": "boxes_rendinst",
      "tm": [
        [-0.34202,0.0,0.939693],
        [0.0,1.0,0.0],
        [-0.939693,0.0,-0.34202],
        [58.5773,0.0,25.3269]
      ]
    }
  },
  {
    "node": {
      "name": "universal_airfield_tent_h",
      "tm": [
        [0.898794,0.0,-0.438371],
        [0.0,1.0,0.0],
        [0.438371,0.0,0.898794],
        [50.0384,0.0,39.9768]
      ]
    }
  },
  {
    "node": {
      "name": "universal_airfield_fuel_tank_b",
      "tm": [
        [-0.469472,0.0,-0.882948],
        [0.0,1.0,0.0],
        [0.882948,0.0,-0.469472],
        [39.441,0.0,-24.6236]
      ]
    }
  },
  {
    "node": {
      "name": "universal_airfield_fuel_tank_a",
      "tm": [
        [-0.999848,0.0,-0.0174522],
        [0.0,1.0,0.0],
        [0.0174522,0.0,-0.999848],
        [34.986,0.0,-28.1483]
      ]
    }
  }
]