[
  {
    "className": "composit"
  },
  {
    "size": [270.0,270.0]
  },
  {
    "node": {
      "name": "^^dynBase_ammunition_camp_square_mesh",
      "tm": [
        [1.0,0.0,0.0],
        [0.0,1.0,0.0],
        [0.0,0.0,1.0],
        [0.0,0.0,0.0]
      ],
      "toGround": false
    }
  },
  {
    "node": {
      "name": "+NoTreesBox000",
      "tm": [
        [110.0,0.0,0.0],
        [0.0,20.0,0.0],
        [0.0,0.0,110.0],
        [0.0,0.0,0.0]
      ]
    }
  },
  {
    "node": {
      "name": "universal_airfield_fuel_box_b",
      "tm": [
        [0.707107,0.0,0.707107],
        [0.0,1.0,0.0],
        [-0.707107,0.0,0.707107],
        [-25.3123,0.0,86.3636]
      ]
    }
  },
  {
    "node": {
      "name": "universal_airfield_fuel_box_c",
      "tm": [
        [0.573576,0.0,-0.819152],
        [0.0,1.0,0.0],
        [0.819152,0.0,0.573576],
        [-45.3746,0.0,50.0376]
      ]
    }
  },
  {
    "node": {
      "name": "universal_airfield_tower_c",
      "tm": [
        [7.54979e-08,0.0,1.0],
        [0.0,1.0,0.0],
        [-1.0,0.0,7.54979e-08],
        [-7.99535,0.0,87.6133]
      ]
    }
  },
  {
    "node": {
      "name": "universal_airfield_barrack_g",
      "tm": [
        [0.766044,0.0,0.642788],
        [0.0,1.0,0.0],
        [-0.642788,0.0,0.766044],
        [-53.9919,0.0,64.2726]
      ]
    }
  },
  {
    "node": {
      "name": "universal_airfield_barrack_f",
      "tm": [
        [0.642788,0.0,-0.766044],
        [0.0,1.0,0.0],
        [0.766044,0.0,0.642788],
        [51.8137,0.0,60.5475]
      ]
    }
  },
  {
    "node": {
      "name": "universal_airfield_shed_a",
      "tm": [
        [0.766045,0.0,0.642787],
        [0.0,1.0,0.0],
        [-0.642787,0.0,0.766045],
        [-70.299,0.0,53.3545]
      ]
    }
  },
  {
    "node": {
      "name": "universal_airfield_fuel_tent_c",
      "tm": [
        [0.057667,-0.0103003,0.998283],
        [-0.0326119,0.999394,0.0121956],
        [-0.997803,-0.0332592,0.0572961],
        [-29.0745,0.0,19.8624]
      ]
    }
  },
  {
    "node": {
      "name": "universal_airfield_barrack_f",
      "tm": [
        [0.766044,0.0,0.642788],
        [0.0,1.0,0.0],
        [-0.642788,0.0,0.766044],
        [-10.2223,0.0,-54.1715]
      ]
    }
  },
  {
    "node": {
      "name": "universal_airfield_barrack_g",
      "tm": [
        [0.642788,0.0,-0.766044],
        [0.0,1.0,0.0],
        [0.766044,0.0,0.642788],
        [-4.36683,0.0,-69.9415]
      ]
    }
  },
  {
    "node": {
      "name": "universal_airfield_sandbags_b",
      "tm": [
        [-4.37114e-08,0.0,1.0],
        [0.0,1.0,0.0],
        [-1.0,0.0,-4.37114e-08],
        [-67.5486,0.0,44.9631]
      ]
    }
  },
  {
    "node": {
      "name": "universal_airfield_sandbags_a",
      "tm": [
        [0.766044,0.0,0.642788],
        [0.0,1.0,0.0],
        [-0.642788,0.0,0.766044],
        [-25.3553,0.0,-54.6699]
      ]
    }
  },
  {
    "node": {
      "name": "universal_airfield_sandbags_a",
      "tm": [
        [-0.766044,0.0,-0.642788],
        [0.0,1.0,0.0],
        [0.642788,0.0,-0.766044],
        [-22.9385,0.0,-57.5502]
      ]
    }
  },
  {
    "node": {
      "name": "universal_airfield_sandbags_a",
      "tm": [
        [0.766044,0.0,0.642788],
        [0.0,1.0,0.0],
        [-0.642788,0.0,0.766044],
        [-20.4645,0.0,-60.4985]
      ]
    }
  },
  {
    "node": {
      "name": "universal_airfield_sandbags_a",
      "tm": [
        [-0.766044,0.0,-0.642788],
        [0.0,1.0,0.0],
        [0.642788,0.0,-0.766044],
        [-17.9514,0.0,-63.4936]
      ]
    }
  },
  {
    "node": {
      "name": "universal_airfield_tower_c",
      "tm": [
        [1.0,0.0,0.0],
        [0.0,1.0,0.0],
        [0.0,0.0,1.0],
        [63.64,0.0,8.84142]
      ]
    }
  },
  {
    "node": {
      "name": "universal_airfield_tower_c",
      "tm": [
        [1.0,0.0,0.0],
        [0.0,1.0,0.0],
        [0.0,0.0,1.0],
        [-71.7136,0.0,-70.4357]
      ]
    }
  },
  {
    "node": {
      "name": "universal_airfield_sandbags_a",
      "tm": [
        [0.766044,0.0,0.642788],
        [0.0,1.0,0.0],
        [-0.642788,0.0,0.766044],
        [-15.3172,0.0,-66.426]
      ]
    }
  },
  {
    "node": {
      "name": "universal_airfield_sandbags_a",
      "tm": [
        [-0.766044,0.0,-0.642788],
        [0.0,1.0,0.0],
        [0.642788,0.0,-0.766044],
        [-12.9003,0.0,-69.3064]
      ]
    }
  },
  {
    "node": {
      "name": "universal_airfield_sandbags_a",
      "tm": [
        [0.766044,0.0,0.642788],
        [0.0,1.0,0.0],
        [-0.642788,0.0,0.766044],
        [-10.4264,0.0,-72.2547]
      ]
    }
  },
  {
    "node": {
      "name": "universal_airfield_sandbags_a",
      "tm": [
        [-0.766044,0.0,-0.642788],
        [0.0,1.0,0.0],
        [0.642788,0.0,-0.766044],
        [-7.91324,0.0,-75.2497]
      ]
    }
  },
  {
    "node": {
      "name": "universal_airfield_sandbags_a",
      "tm": [
        [0.766044,0.0,0.642788],
        [0.0,1.0,0.0],
        [-0.642788,0.0,0.766044],
        [-7.91735,0.0,-39.6587]
      ]
    }
  },
  {
    "node": {
      "name": "universal_airfield_sandbags_a",
      "tm": [
        [-0.766044,0.0,-0.642788],
        [0.0,1.0,0.0],
        [0.642788,0.0,-0.766044],
        [-5.50047,0.0,-42.539]
      ]
    }
  },
  {
    "node": {
      "name": "universal_airfield_sandbags_a",
      "tm": [
        [0.766044,0.0,0.642788],
        [0.0,1.0,0.0],
        [-0.642788,0.0,0.766044],
        [-3.02656,0.0,-45.4873]
      ]
    }
  },
  {
    "node": {
      "name": "universal_airfield_sandbags_a",
      "tm": [
        [-0.766044,0.0,-0.642788],
        [0.0,1.0,0.0],
        [0.642788,0.0,-0.766044],
        [-0.513393,0.0,-48.4824]
      ]
    }
  },
  {
    "node": {
      "name": "universal_airfield_sandbags_a",
      "tm": [
        [0.766044,0.0,0.642788],
        [0.0,1.0,0.0],
        [-0.642788,0.0,0.766044],
        [2.12079,0.0,-51.4149]
      ]
    }
  },
  {
    "node": {
      "name": "universal_airfield_sandbags_a",
      "tm": [
        [-0.766044,0.0,-0.642788],
        [0.0,1.0,0.0],
        [0.642788,0.0,-0.766044],
        [4.53766,0.0,-54.2952]
      ]
    }
  },
  {
    "node": {
      "name": "universal_airfield_sandbags_a",
      "tm": [
        [0.642788,0.0,-0.766044],
        [0.0,1.0,0.0],
        [0.766044,0.0,0.642788],
        [-10.7161,0.0,-38.9995]
      ]
    }
  },
  {
    "node": {
      "name": "universal_airfield_sandbags_a",
      "tm": [
        [-0.642788,0.0,0.766045],
        [0.0,1.0,0.0],
        [-0.766045,0.0,-0.642788],
        [-13.5964,0.0,-41.4164]
      ]
    }
  },
  {
    "node": {
      "name": "universal_airfield_sandbags_a",
      "tm": [
        [0.642788,0.0,-0.766044],
        [0.0,1.0,0.0],
        [0.766044,0.0,0.642788],
        [-16.5447,0.0,-43.8903]
      ]
    }
  },
  {
    "node": {
      "name": "universal_airfield_sandbags_a",
      "tm": [
        [-0.642788,0.0,0.766045],
        [0.0,1.0,0.0],
        [-0.766045,0.0,-0.642788],
        [-19.5398,0.0,-46.4034]
      ]
    }
  },
  {
    "node": {
      "name": "universal_airfield_sandbags_a",
      "tm": [
        [0.642788,0.0,-0.766044],
        [0.0,1.0,0.0],
        [0.766044,0.0,0.642788],
        [-22.4722,0.0,-49.0376]
      ]
    }
  },
  {
    "node": {
      "name": "universal_airfield_sandbags_a",
      "tm": [
        [-0.642788,0.0,0.766045],
        [0.0,1.0,0.0],
        [-0.766045,0.0,-0.642788],
        [-25.3526,0.0,-51.4545]
      ]
    }
  },
  {
    "node": {
      "name": "universal_airfield_sandbags_a",
      "tm": [
        [0.642788,0.0,-0.766044],
        [0.0,1.0,0.0],
        [0.766044,0.0,0.642788],
        [10.1293,0.0,-63.3686]
      ]
    }
  },
  {
    "node": {
      "name": "universal_airfield_sandbags_a",
      "tm": [
        [-0.642788,0.0,0.766045],
        [0.0,1.0,0.0],
        [-0.766045,0.0,-0.642788],
        [7.24899,0.0,-65.7855]
      ]
    }
  },
  {
    "node": {
      "name": "universal_airfield_sandbags_a",
      "tm": [
        [0.642788,0.0,-0.766044],
        [0.0,1.0,0.0],
        [0.766044,0.0,0.642788],
        [4.30069,0.0,-68.2594]
      ]
    }
  },
  {
    "node": {
      "name": "universal_airfield_sandbags_a",
      "tm": [
        [-0.642788,0.0,0.766045],
        [0.0,1.0,0.0],
        [-0.766045,0.0,-0.642788],
        [1.30562,0.0,-70.7726]
      ]
    }
  },
  {
    "node": {
      "name": "universal_airfield_sandbags_a",
      "tm": [
        [0.642788,0.0,-0.766044],
        [0.0,1.0,0.0],
        [0.766044,0.0,0.642788],
        [-1.62687,0.0,-73.4067]
      ]
    }
  },
  {
    "node": {
      "name": "universal_airfield_sandbags_a",
      "tm": [
        [-0.642788,0.0,0.766045],
        [0.0,1.0,0.0],
        [-0.766045,0.0,-0.642788],
        [-4.50719,0.0,-75.8236]
      ]
    }
  },
  {
    "node": {
      "name": "universal_airfield_sandbags_a",
      "tm": [
        [0.642788,0.0,-0.766044],
        [0.0,1.0,0.0],
        [0.766044,0.0,0.642788],
        [53.4224,0.0,76.1231]
      ]
    }
  },
  {
    "node": {
      "name": "universal_airfield_sandbags_a",
      "tm": [
        [-0.642788,0.0,0.766045],
        [0.0,1.0,0.0],
        [-0.766045,0.0,-0.642788],
        [50.5421,0.0,73.7062]
      ]
    }
  },
  {
    "node": {
      "name": "universal_airfield_sandbags_a",
      "tm": [
        [0.642788,0.0,-0.766044],
        [0.0,1.0,0.0],
        [0.766044,0.0,0.642788],
        [47.5938,0.0,71.2323]
      ]
    }
  },
  {
    "node": {
      "name": "universal_airfield_sandbags_a",
      "tm": [
        [-0.642788,0.0,0.766045],
        [0.0,1.0,0.0],
        [-0.766045,0.0,-0.642788],
        [44.5987,0.0,68.7192]
      ]
    }
  },
  {
    "node": {
      "name": "universal_airfield_sandbags_a",
      "tm": [
        [0.642788,0.0,-0.766044],
        [0.0,1.0,0.0],
        [0.766044,0.0,0.642788],
        [41.6662,0.0,66.085]
      ]
    }
  },
  {
    "node": {
      "name": "universal_airfield_sandbags_a",
      "tm": [
        [-0.642788,0.0,0.766045],
        [0.0,1.0,0.0],
        [-0.766045,0.0,-0.642788],
        [38.7859,0.0,63.6681]
      ]
    }
  },
  {
    "node": {
      "name": "universal_airfield_sandbags_a",
      "tm": [
        [0.642788,0.0,-0.766044],
        [0.0,1.0,0.0],
        [0.766044,0.0,0.642788],
        [35.8376,0.0,61.1942]
      ]
    }
  },
  {
    "node": {
      "name": "universal_airfield_sandbags_a",
      "tm": [
        [-0.642788,0.0,0.766045],
        [0.0,1.0,0.0],
        [-0.766045,0.0,-0.642788],
        [32.8425,0.0,58.681]
      ]
    }
  },
  {
    "node": {
      "name": "universal_airfield_sandbags_a",
      "tm": [
        [0.642788,0.0,-0.766044],
        [0.0,1.0,0.0],
        [0.766044,0.0,0.642788],
        [68.4335,0.0,58.6851]
      ]
    }
  },
  {
    "node": {
      "name": "universal_airfield_sandbags_a",
      "tm": [
        [-0.642788,0.0,0.766045],
        [0.0,1.0,0.0],
        [-0.766045,0.0,-0.642788],
        [65.5532,0.0,56.2682]
      ]
    }
  },
  {
    "node": {
      "name": "universal_airfield_sandbags_a",
      "tm": [
        [0.642788,0.0,-0.766044],
        [0.0,1.0,0.0],
        [0.766044,0.0,0.642788],
        [62.6049,0.0,53.7943]
      ]
    }
  },
  {
    "node": {
      "name": "universal_airfield_sandbags_a",
      "tm": [
        [-0.642788,0.0,0.766045],
        [0.0,1.0,0.0],
        [-0.766045,0.0,-0.642788],
        [59.6099,0.0,51.2812]
      ]
    }
  },
  {
    "node": {
      "name": "universal_airfield_sandbags_a",
      "tm": [
        [0.642788,0.0,-0.766044],
        [0.0,1.0,0.0],
        [0.766044,0.0,0.642788],
        [56.6774,0.0,48.647]
      ]
    }
  },
  {
    "node": {
      "name": "universal_airfield_sandbags_a",
      "tm": [
        [-0.642788,0.0,0.766045],
        [0.0,1.0,0.0],
        [-0.766045,0.0,-0.642788],
        [53.7971,0.0,46.2301]
      ]
    }
  },
  {
    "node": {
      "name": "universal_airfield_sandbags_a",
      "tm": [
        [-0.766044,0.0,-0.642788],
        [0.0,1.0,0.0],
        [0.642788,0.0,-0.766044],
        [69.0928,0.0,61.4838]
      ]
    }
  },
  {
    "node": {
      "name": "universal_airfield_sandbags_a",
      "tm": [
        [0.766045,0.0,0.642787],
        [0.0,1.0,0.0],
        [-0.642787,0.0,0.766045],
        [66.6759,0.0,64.3642]
      ]
    }
  },
  {
    "node": {
      "name": "universal_airfield_sandbags_a",
      "tm": [
        [-0.766044,0.0,-0.642788],
        [0.0,1.0,0.0],
        [0.642788,0.0,-0.766044],
        [64.202,0.0,67.3125]
      ]
    }
  },
  {
    "node": {
      "name": "universal_airfield_sandbags_a",
      "tm": [
        [0.766045,0.0,0.642787],
        [0.0,1.0,0.0],
        [-0.642787,0.0,0.766045],
        [61.6888,0.0,70.3075]
      ]
    }
  },
  {
    "node": {
      "name": "universal_airfield_sandbags_a",
      "tm": [
        [-0.766044,0.0,-0.642788],
        [0.0,1.0,0.0],
        [0.642788,0.0,-0.766044],
        [59.0546,0.0,73.24]
      ]
    }
  },
  {
    "node": {
      "name": "universal_airfield_sandbags_a",
      "tm": [
        [0.766045,0.0,0.642787],
        [0.0,1.0,0.0],
        [-0.642787,0.0,0.766045],
        [56.6378,0.0,76.1203]
      ]
    }
  },
  {
    "node": {
      "name": "universal_airfield_sandbags_a",
      "tm": [
        [-0.766044,0.0,-0.642788],
        [0.0,1.0,0.0],
        [0.642788,0.0,-0.766044],
        [44.7236,0.0,40.6385]
      ]
    }
  },
  {
    "node": {
      "name": "universal_airfield_sandbags_a",
      "tm": [
        [0.766045,0.0,0.642787],
        [0.0,1.0,0.0],
        [-0.642787,0.0,0.766045],
        [42.3068,0.0,43.5188]
      ]
    }
  },
  {
    "node": {
      "name": "universal_airfield_sandbags_a",
      "tm": [
        [-0.766044,0.0,-0.642788],
        [0.0,1.0,0.0],
        [0.642788,0.0,-0.766044],
        [39.8329,0.0,46.4671]
      ]
    }
  },
  {
    "node": {
      "name": "universal_airfield_sandbags_a",
      "tm": [
        [0.766045,0.0,0.642787],
        [0.0,1.0,0.0],
        [-0.642787,0.0,0.766045],
        [37.3197,0.0,49.4622]
      ]
    }
  },
  {
    "node": {
      "name": "universal_airfield_sandbags_a",
      "tm": [
        [-0.766044,0.0,-0.642788],
        [0.0,1.0,0.0],
        [0.642788,0.0,-0.766044],
        [34.6855,0.0,52.3946]
      ]
    }
  },
  {
    "node": {
      "name": "universal_airfield_sandbags_a",
      "tm": [
        [0.766045,0.0,0.642787],
        [0.0,1.0,0.0],
        [-0.642787,0.0,0.766045],
        [32.2686,0.0,55.275]
      ]
    }
  },
  {
    "node": {
      "name": "universal_airfield_barrack_g",
      "tm": [
        [0.766044,0.0,0.642788],
        [0.0,1.0,0.0],
        [-0.642788,0.0,0.766044],
        [-59.3924,0.0,59.7618]
      ]
    }
  },
  {
    "node": {
      "name": "universal_airfield_sandbags_b",
      "tm": [
        [-0.819152,0.0,0.573576],
        [0.0,1.0,0.0],
        [-0.573576,0.0,-0.819152],
        [-13.9248,0.0,15.3647]
      ]
    }
  },
  {
    "node": {
      "name": "universal_airfield_sandbags_b",
      "tm": [
        [0.996195,0.0,-0.0871557],
        [0.0,1.0,0.0],
        [0.0871557,0.0,0.996195],
        [-82.4115,0.0,-2.56062]
      ]
    }
  },
  {
    "node": {
      "name": "universal_airfield_shed_a",
      "tm": [
        [0.766045,0.0,0.642787],
        [0.0,1.0,0.0],
        [-0.642787,0.0,0.766045],
        [44.0808,0.0,49.9709]
      ]
    }
  },
  {
    "node": {
      "name": "universal_airfield_barrack_g",
      "tm": [
        [0.582214,0.0,0.813036],
        [0.0,1.0,0.0],
        [-0.813036,0.0,0.582214],
        [23.1048,0.0,-11.7346]
      ]
    }
  },
  {
    "node": {
      "name": "universal_airfield_shed_a",
      "tm": [
        [0.984969,0.0,0.172731],
        [0.0,1.0,0.0],
        [-0.172731,0.0,0.984969],
        [-2.94462,0.0,42.686]
      ]
    }
  },
  {
    "node": {
      "name": "universal_airfield_table_a",
      "tm": [
        [0.768903,0.0,0.639365],
        [0.0,1.0,0.0],
        [-0.639365,0.0,0.768903],
        [-51.8344,0.0,55.6147]
      ]
    }
  },
  {
    "node": {
      "name": "universal_airfield_fuel_tank_a",
      "tm": [
        [1.0,0.0,0.0],
        [0.0,1.0,0.0],
        [0.0,0.0,1.0],
        [-38.6765,0.0,-19.5918]
      ]
    }
  },
  {
    "node": {
      "name": "universal_airfield_fuel_tank_a",
      "tm": [
        [0.961853,0.0,-0.273567],
        [0.0,1.0,0.0],
        [0.273567,0.0,0.961853],
        [3.7644,0.0,11.0387]
      ]
    }
  },
  {
    "node": {
      "name": "universal_airfield_fuel_tent_c",
      "tm": [
        [0.0574511,-0.0114404,0.998283],
        [-0.0128137,0.999844,0.0121957],
        [-0.998266,-0.0134923,0.0572955],
        [16.6085,0.0,79.2868]
      ]
    }
  },
  {
    "node": {
      "name": "zis6_fuel_a",
      "tm": [
        [-0.333211,0.0,-0.942852],
        [0.0,1.0,0.0],
        [0.942852,0.0,-0.333211],
        [-69.2589,0.0,-61.192]
      ]
    }
  },
  {
    "node": {
      "name": "zis6_fuel_a",
      "tm": [
        [-0.824484,0.0,0.565885],
        [0.0,1.0,0.0],
        [-0.565885,0.0,-0.824484],
        [29.1967,0.0,-15.4199]
      ]
    }
  },
  {
    "node": {
      "name": "zis5_a",
      "tm": [
        [-0.649929,0.0,0.759995],
        [0.0,1.0,0.0],
        [-0.759995,0.0,-0.649929],
        [59.0508,0.0,66.3397]
      ]
    }
  },
  {
    "node": {
      "name": "zis6_fuel_a",
      "tm": [
        [-0.700458,0.0,-0.713693],
        [0.0,1.0,0.0],
        [0.713693,0.0,-0.700458],
        [-3.51117,0.0,-51.4975]
      ]
    }
  },
  {
    "node": {
      "name": "zis5_a",
      "tm": [
        [-0.649929,0.0,0.759995],
        [0.0,1.0,0.0],
        [-0.759995,0.0,-0.649929],
        [53.9789,0.0,54.403]
      ]
    }
  },
  {
    "node": {
      "name": "zis5_a",
      "tm": [
        [-0.649929,0.0,0.759995],
        [0.0,1.0,0.0],
        [-0.759995,0.0,-0.649929],
        [56.8337,0.0,56.8927]
      ]
    }
  },
  {
    "node": {
      "name": "zis5_a",
      "tm": [
        [-0.00935873,0.0,0.999956],
        [0.0,1.0,0.0],
        [-0.999956,0.0,-0.00935873],
        [-15.8843,0.0,87.7533]
      ]
    }
  },
  {
    "node": {
      "name": "universal_airfield_shed_a",
      "tm": [
        [0.984969,0.0,0.172731],
        [0.0,1.0,0.0],
        [-0.172731,0.0,0.984969],
        [-61.977,0.0,-38.5347]
      ]
    }
  },
  {
    "node": {
      "name": "ussr_ml20",
      "tm": [
        [0.573576,0.0,-0.819152],
        [0.0,1.0,0.0],
        [0.819152,0.0,0.573576],
        [-78.486,0.0,-2.4301]
      ]
    }
  },
  {
    "node": {
      "name": "ussr_ml20",
      "tm": [
        [-0.173648,0.0,0.984808],
        [0.0,1.0,0.0],
        [-0.984808,0.0,-0.173648],
        [-16.9457,0.0,17.4988]
      ]
    }
  },
  {
    "node": {
      "name": "ussr_ml20",
      "tm": [
        [0.939693,0.0,-0.34202],
        [0.0,1.0,0.0],
        [0.34202,0.0,0.939693],
        [-19.4125,0.0,-54.7769]
      ]
    }
  },
  {
    "node": {
      "name": "ussr_ml20",
      "tm": [
        [0.906308,0.0,-0.422618],
        [0.0,1.0,0.0],
        [0.422618,0.0,0.906308],
        [-66.8722,0.0,48.0741]
      ]
    }
  }
]