[
  {
    "className": "composit"
  },
  {
    "size": [272.0,272.0]
  },
  {
    "airfield": [
      {
        "start": [125.0,0.0,0.0]
      },
      {
        "end": [-125.0,0.0,0.0]
      },
      {
        "width": 250.0
      },
      {
        "spawn": [43.0,0.0,65.0]
      },
      {
        "spawn": [-45.0,0.0,-63.0]
      },
      {
        "spawn": [-43.0,0.0,66.0]
      },
      {
        "spawn": [54.0,0.0,-4.0]
      },
      {
        "spawn": [-44.0,0.0,12.0]
      },
      {
        "spawn": [0.0,0.0,3.0]
      },
      {
        "spawn": [-87.0,0.0,46.0]
      },
      {
        "spawn": [3.0,0.0,39.0]
      },
      {
        "spawn": [58.0,0.0,118.0]
      },
      {
        "spawn": [8.0,0.0,-43.0]
      },
      {
        "spawn": [107.0,0.0,54.0]
      },
      {
        "spawn": [3.0,0.0,87.0]
      },
      {
        "spawn": [-51.0,0.0,116.0]
      },
      {
        "spawn": [-102.0,0.0,-49.0]
      },
      {
        "spawn": [-10.0,0.0,-105.0]
      },
      {
        "spawn": [-124.0,0.0,70.0]
      },
      {
        "repairTags": {
          "type_attack_helicopter": true,
          "type_utility_helicopter": true,
          "vtol_jet": true
        }
      }
    ]
  },
  {
    "storage": {
      "start": [-24.0,0.0,-23.0],
      "end": [-95.0,0.0,-23.0],
      "width": 250.0
    }
  },
  {
    "parking": {
      "start": [-10.0,0.0,-34.0],
      "end": [56.0,0.0,-34.0],
      "width": 250.0
    }
  },
  {
    "dwelling": {
      "start": [-21.0,0.0,11.0],
      "end": [7.0,0.0,12.0],
      "width": 250.0
    }
  },
  {
    "node": {
      "name": "^^dynHelipad_sand_b_mesh",
      "tm": [
        [1.0,0.0,0.0],
        [0.0,1.0,0.0],
        [0.0,0.0,1.0],
        [0.0,0.0,0.0]
      ]
    }
  },
  {
    "node": {
      "name": "+NoTreesBox000",
      "tm": [
        [140.0,0.0,0.0],
        [0.0,15.0,0.0],
        [0.0,0.0,140.0],
        [0.0,0.0,0.0]
      ]
    }
  },
  {
    "node": {
      "name": "universal_airfield_fuel_box_a",
      "tm": [
        [-0.698915,0.0,0.715204],
        [0.0,1.0,0.0],
        [-0.715204,0.0,-0.698915],
        [-89.2606,0.0,-40.6798]
      ]
    }
  },
  {
    "node": {
      "name": "universal_airfield_fuel_tent_a",
      "tm": [
        [1.0,0.0,0.0],
        [0.0,1.0,0.0],
        [0.0,0.0,1.0],
        [-27.7816,0.0,37.5057]
      ]
    }
  },
  {
    "node": {
      "name": "universal_airfield_shed_a",
      "tm": [
        [1.0,0.0,-4.76837e-07],
        [0.0,1.0,0.0],
        [4.76837e-07,0.0,1.0],
        [113.6,0.0,-4.65277]
      ]
    }
  },
  {
    "node": {
      "name": "universal_airfield_barrack_f",
      "tm": [
        [1.0,0.0,-2.38419e-07],
        [0.0,1.0,0.0],
        [2.38419e-07,0.0,1.0],
        [113.095,0.0,-29.7218]
      ]
    }
  },
  {
    "node": {
      "name": "universal_airfield_fuel_tent_c",
      "tm": [
        [-0.615661,0.0,-0.788011],
        [0.0,1.0,0.0],
        [0.788011,0.0,-0.615661],
        [-33.137,0.0,-30.9421]
      ]
    }
  },
  {
    "node": {
      "name": "universal_airfield_hangar_d",
      "tm": [
        [1.94707e-07,0.0,-1.0],
        [0.0,1.0,0.0],
        [1.0,0.0,1.94707e-07],
        [-92.9836,0.0,28.3108]
      ]
    }
  },
  {
    "node": {
      "name": "universal_airfield_fuel_tent_c",
      "tm": [
        [0.788011,0.0,-0.615661],
        [0.0,1.0,0.0],
        [0.615661,0.0,0.788011],
        [68.44,0.0,27.6492]
      ]
    }
  },
  {
    "node": {
      "name": "universal_airfield_tower_b",
      "tm": [
        [-0.984808,0.0,0.173648],
        [0.0,1.0,0.0],
        [-0.173648,0.0,-0.984808],
        [53.9444,0.0,-115.944]
      ]
    }
  },
  {
    "node": {
      "name": "universal_airfield_table_a",
      "tm": [
        [0.906308,0.0,-0.422618],
        [0.0,1.0,0.0],
        [0.422618,0.0,0.906308],
        [49.9995,0.0,-97.6488]
      ]
    }
  },
  {
    "node": {
      "name": "universal_airfield_barrack_c",
      "tm": [
        [-1.0,0.0,1.50996e-07],
        [0.0,1.0,0.0],
        [-1.50996e-07,0.0,-1.0],
        [35.9812,0.0,-94.8653]
      ]
    }
  },
  {
    "node": {
      "name": "universal_airfield_barrack_g",
      "tm": [
        [-4.37114e-08,0.0,1.0],
        [0.0,1.0,0.0],
        [-1.0,0.0,-4.37114e-08],
        [-5.62018,0.0,24.3803]
      ]
    }
  },
  {
    "node": {
      "name": "universal_airfield_fuel_tank_a",
      "tm": [
        [0.34202,0.0,-0.939693],
        [0.0,1.0,0.0],
        [0.939693,0.0,0.34202],
        [-52.2253,0.0,36.2811]
      ]
    }
  },
  {
    "node": {
      "name": "universal_airfield_fuel_tank_b",
      "tm": [
        [-0.707107,0.0,-0.707107],
        [0.0,1.0,0.0],
        [0.707107,0.0,-0.707107],
        [-22.7113,0.0,-76.0804]
      ]
    }
  },
  {
    "node": {
      "name": "universal_airfield_fuel_tank_b",
      "tm": [
        [-0.258819,0.0,-0.965926],
        [0.0,1.0,0.0],
        [0.965926,0.0,-0.258819],
        [50.3569,0.0,49.8253]
      ]
    }
  },
  {
    "node": {
      "name": "universal_airfield_shed_a",
      "tm": [
        [0.0871563,0.0,0.996195],
        [0.0,1.0,0.0],
        [-0.996195,0.0,0.0871563],
        [-122.752,0.0,13.0234]
      ]
    }
  },
  {
    "node": {
      "name": "universal_airfield_hangar_c",
      "tm": [
        [1.0,0.0,0.0],
        [0.0,1.0,0.0],
        [0.0,0.0,1.0],
        [84.43,0.0,-78.2897]
      ]
    }
  },
  {
    "node": {
      "name": "universal_airfield_sandbags_a",
      "tm": [
        [0.422618,0.0,-0.906308],
        [0.0,1.0,0.0],
        [0.906308,0.0,0.422618],
        [-84.5234,0.0,-43.7614]
      ]
    }
  },
  {
    "node": {
      "name": "universal_airfield_tent_h",
      "tm": [
        [0.965926,0.0,-0.258819],
        [0.0,1.0,0.0],
        [0.258819,0.0,0.965926],
        [-93.3405,0.0,-38.6908]
      ]
    }
  },
  {
    "node": {
      "name": "universal_airfield_sandbags_a",
      "tm": [
        [7.54979e-08,0.0,-1.0],
        [0.0,1.0,0.0],
        [1.0,0.0,7.54979e-08],
        [68.9045,0.0,32.1522]
      ]
    }
  },
  {
    "node": {
      "name": "universal_airfield_fuel_tank_b",
      "tm": [
        [0.573576,0.0,-0.819152],
        [0.0,1.0,0.0],
        [0.819152,0.0,0.573576],
        [104.059,0.0,21.7577]
      ]
    }
  },
  {
    "node": {
      "name": "universal_airfield_tent_a",
      "tm": [
        [0.984808,0.0,0.173648],
        [0.0,1.0,0.0],
        [-0.173648,0.0,0.984808],
        [0.802205,0.0,-37.9435]
      ]
    }
  },
  {
    "node": {
      "name": "universal_airfield_sandbags_a",
      "tm": [
        [7.54979e-08,0.0,-1.0],
        [0.0,1.0,0.0],
        [1.0,0.0,7.54979e-08],
        [-30.4454,0.0,40.2338]
      ]
    }
  },
  {
    "node": {
      "name": "universal_airfield_sandbags_a",
      "tm": [
        [7.54979e-08,0.0,-1.0],
        [0.0,1.0,0.0],
        [1.0,0.0,7.54979e-08],
        [-86.3773,0.0,23.7733]
      ]
    }
  },
  {
    "node": {
      "name": "universal_airfield_sandbags_a",
      "tm": [
        [1.0,0.0,1.19209e-07],
        [0.0,1.0,0.0],
        [-1.19209e-07,0.0,1.0],
        [-84.1619,0.0,26.6405]
      ]
    }
  },
  {
    "node": {
      "name": "universal_airfield_sandbags_a",
      "tm": [
        [-0.0871558,0.0,0.996195],
        [0.0,1.0,0.0],
        [-0.996195,0.0,-0.0871558],
        [114.782,0.0,-1.66293]
      ]
    }
  },
  {
    "node": {
      "name": "universal_airfield_fuel_box_d",
      "tm": [
        [1.19249e-08,0.0,1.0],
        [0.0,1.0,0.0],
        [-1.0,0.0,1.19249e-08],
        [37.113,0.0,-28.5309]
      ]
    }
  },
  {
    "node": {
      "name": "universal_airfield_fuel_box_e",
      "tm": [
        [-0.707107,0.0,0.707107],
        [0.0,1.0,0.0],
        [-0.707107,0.0,-0.707107],
        [30.2348,0.0,-20.514]
      ]
    }
  },
  {
    "node": {
      "name": "universal_airfield_fuel_tank_a",
      "tm": [
        [0.906308,0.0,-0.422618],
        [0.0,1.0,0.0],
        [0.422618,0.0,0.906308],
        [30.3082,0.0,-33.21]
      ]
    }
  }
]