[
  {
    "className": "composit"
  },
  {
    "size": [272.0,272.0]
  },
  {
    "airfield": [
      {
        "start": [125.0,0.0,0.0]
      },
      {
        "end": [-125.0,0.0,0.0]
      },
      {
        "width": 250.0
      },
      {
        "spawn": [30.0,0.0,52.0]
      },
      {
        "spawn": [30.0,0.0,-49.0]
      },
      {
        "spawn": [-23.0,0.0,2.0]
      },
      {
        "spawn": [79.0,0.0,2.0]
      },
      {
        "spawn": [-25.0,0.0,86.0]
      },
      {
        "spawn": [77.0,0.0,91.0]
      },
      {
        "spawn": [-19.0,0.0,-77.0]
      },
      {
        "spawn": [74.0,0.0,-77.0]
      },
      {
        "spawn": [32.0,0.0,90.0]
      },
      {
        "spawn": [75.0,0.0,-37.0]
      },
      {
        "spawn": [-18.0,0.0,-38.0]
      },
      {
        "spawn": [-17.0,0.0,47.0]
      },
      {
        "spawn": [76.0,0.0,51.0]
      },
      {
        "spawn": [28.0,0.0,0.0]
      },
      {
        "spawn": [29.0,0.0,-89.0]
      },
      {
        "spawn": [113.0,0.0,-55.0]
      },
      {
        "repairTags": {
          "type_attack_helicopter": true,
          "type_utility_helicopter": true
        }
      }
    ]
  },
  {
    "storage": {
      "start": [-24.0,0.0,-23.0],
      "end": [-95.0,0.0,-23.0],
      "width": 250.0
    }
  },
  {
    "parking": {
      "start": [-10.0,0.0,-34.0],
      "end": [56.0,0.0,-34.0],
      "width": 250.0
    }
  },
  {
    "dwelling": {
      "start": [-21.0,0.0,11.0],
      "end": [7.0,0.0,12.0],
      "width": 250.0
    }
  },
  {
    "node": {
      "name": "^^dynHelipad_beton_c_mesh",
      "tm": [
        [1.0,0.0,0.0],
        [0.0,1.0,0.0],
        [0.0,0.0,1.0],
        [0.0,0.0,0.0]
      ]
    }
  },
  {
    "node": {
      "name": "+NoTreesBox000",
      "tm": [
        [125.0,0.0,0.0],
        [0.0,15.0,0.0],
        [0.0,0.0,125.0],
        [0.0,0.0,0.0]
      ]
    }
  },
  {
    "node": {
      "name": "universal_airfield_hangar_b",
      "tm": [
        [1.19249e-08,0.0,-1.0],
        [0.0,1.0,0.0],
        [1.0,0.0,1.19249e-08],
        [-77.2644,0.0,82.3221]
      ]
    }
  },
  {
    "node": {
      "name": "universal_airfield_hangar_b",
      "tm": [
        [1.19249e-08,0.0,-1.0],
        [0.0,1.0,0.0],
        [1.0,0.0,1.19249e-08],
        [-63.0957,0.0,-92.2533]
      ]
    }
  },
  {
    "node": {
      "name": "universal_airfield_tent_a",
      "tm": [
        [1.0,0.0,0.0],
        [0.0,1.0,0.0],
        [0.0,0.0,1.0],
        [-73.921,0.0,39.4435]
      ]
    }
  },
  {
    "node": {
      "name": "universal_airfield_tent_b",
      "tm": [
        [0.819152,0.0,-0.573576],
        [0.0,1.0,0.0],
        [0.573576,0.0,0.819152],
        [-64.2679,-0.188131,28.8551]
      ]
    }
  },
  {
    "node": {
      "name": "universal_airfield_shed_a",
      "tm": [
        [-0.34202,0.0,0.939693],
        [0.0,1.0,0.0],
        [-0.939693,0.0,-0.34202],
        [-92.89,0.0,59.3313]
      ]
    }
  },
  {
    "node": {
      "name": "universal_airfield_barrels_group_b",
      "tm": [
        [0.19081,0.0,0.981627],
        [0.0,1.0,0.0],
        [-0.981627,0.0,0.19081],
        [55.252,0.0,-112.823]
      ]
    }
  },
  {
    "node": {
      "name": "universal_airfield_fuel_tent_a",
      "tm": [
        [-0.996195,0.0,0.087156],
        [0.0,1.0,0.0],
        [-0.087156,0.0,-0.996195],
        [45.2678,0.0,-119.734]
      ]
    }
  },
  {
    "node": {
      "name": "universal_airfield_fuel_tank_a",
      "tm": [
        [0.5,0.0,0.866025],
        [0.0,1.0,0.0],
        [-0.866025,0.0,0.5],
        [38.7412,0.0,-111.422]
      ]
    }
  },
  {
    "node": {
      "name": "universal_airfield_barrack_a",
      "tm": [
        [-4.37114e-08,0.0,1.0],
        [0.0,1.0,0.0],
        [-1.0,0.0,-4.37114e-08],
        [-94.8379,0.0,-2.32811]
      ]
    }
  },
  {
    "node": {
      "name": "universal_airfield_barrack_e",
      "tm": [
        [-4.37114e-08,0.0,1.0],
        [0.0,1.0,0.0],
        [-1.0,0.0,-4.37114e-08],
        [-93.3556,0.0,-22.0462]
      ]
    }
  },
  {
    "node": {
      "name": "universal_airfield_barrack_f",
      "tm": [
        [-4.37114e-08,0.0,1.0],
        [0.0,1.0,0.0],
        [-1.0,0.0,-4.37114e-08],
        [-94.1903,0.0,-87.8796]
      ]
    }
  },
  {
    "node": {
      "name": "universal_airfield_barrack_c",
      "tm": [
        [1.0,0.0,0.0],
        [0.0,1.0,0.0],
        [0.0,0.0,1.0],
        [-72.4408,0.0,-10.8216]
      ]
    }
  },
  {
    "node": {
      "name": "universal_airfield_tent_d",
      "tm": [
        [0.939693,0.0,0.34202],
        [0.0,1.0,0.0],
        [-0.34202,0.0,0.939693],
        [-117.586,0.0,43.6679]
      ]
    }
  },
  {
    "node": {
      "name": "universal_airfield_tent_e",
      "tm": [
        [-0.939693,0.0,-0.34202],
        [0.0,1.0,0.0],
        [0.34202,0.0,-0.939693],
        [-121.937,0.0,32.7672]
      ]
    }
  },
  {
    "node": {
      "name": "universal_airfield_tent_f",
      "tm": [
        [-0.766044,0.0,-0.642788],
        [0.0,1.0,0.0],
        [0.642788,0.0,-0.766044],
        [-116.924,0.0,20.7407]
      ]
    }
  },
  {
    "node": {
      "name": "universal_airfield_tent_i",
      "tm": [
        [1.0,0.0,0.0],
        [0.0,1.0,0.0],
        [0.0,0.0,1.0],
        [-125.887,-0.359314,24.4152]
      ]
    }
  },
  {
    "node": {
      "name": "universal_airfield_tent_d",
      "tm": [
        [-0.573576,0.0,0.819152],
        [0.0,1.0,0.0],
        [-0.819152,0.0,-0.573576],
        [-117.398,0.0,7.95824]
      ]
    }
  },
  {
    "node": {
      "name": "universal_airfield_tent_e",
      "tm": [
        [-0.707107,0.0,0.707107],
        [0.0,1.0,0.0],
        [-0.707107,0.0,-0.707107],
        [-124.38,0.0,14.723]
      ]
    }
  },
  {
    "node": {
      "name": "universal_airfield_tent_d",
      "tm": [
        [-1.0,0.0,1.50996e-07],
        [0.0,1.0,0.0],
        [-1.50996e-07,0.0,-1.0],
        [-116.593,0.0,-1.3166]
      ]
    }
  },
  {
    "node": {
      "name": "universal_airfield_tent_f",
      "tm": [
        [0.422618,0.0,-0.906308],
        [0.0,1.0,0.0],
        [0.906308,0.0,0.422618],
        [-124.478,0.0,50.3509]
      ]
    }
  },
  {
    "node": {
      "name": "universal_airfield_tent_e",
      "tm": [
        [-0.984808,0.0,0.173648],
        [0.0,1.0,0.0],
        [-0.173648,0.0,-0.984808],
        [-121.536,0.0,65.5986]
      ]
    }
  },
  {
    "node": {
      "name": "universal_airfield_tent_i",
      "tm": [
        [-0.173648,0.0,0.984808],
        [0.0,1.0,0.0],
        [-0.984808,0.0,-0.173648],
        [-118.292,-0.359314,55.5609]
      ]
    }
  },
  {
    "node": {
      "name": "universal_airfield_tent_f",
      "tm": [
        [-0.707107,0.0,-0.707107],
        [0.0,1.0,0.0],
        [0.707107,0.0,-0.707107],
        [-116.637,0.0,73.811]
      ]
    }
  },
  {
    "node": {
      "name": "universal_airfield_tower_a",
      "tm": [
        [-1.62921e-07,0.0,-1.0],
        [0.0,1.0,0.0],
        [1.0,0.0,-1.62921e-07],
        [-95.0462,0.0,-55.3536]
      ]
    }
  },
  {
    "node": {
      "name": "universal_airfield_barrels_group_d",
      "tm": [
        [-0.994522,0.0,-0.104529],
        [0.0,1.0,0.0],
        [0.104529,0.0,-0.994522],
        [62.8313,0.0,-113.362]
      ]
    }
  },
  {
    "node": {
      "name": "universal_airfield_barrack_g",
      "tm": [
        [1.0,0.0,0.0],
        [0.0,1.0,0.0],
        [0.0,0.0,1.0],
        [-102.246,0.0,-103.263]
      ]
    }
  },
  {
    "node": {
      "name": "universal_airfield_tent_c",
      "tm": [
        [0.984808,0.0,0.173648],
        [0.0,1.0,0.0],
        [-0.173648,0.0,0.984808],
        [-73.4917,0.0,15.5858]
      ]
    }
  },
  {
    "node": {
      "name": "dodge_m37_b1",
      "tm": [
        [-5.20549e-07,0.0,1.0],
        [0.0,1.0,0.0],
        [-1.0,0.0,-5.20549e-07],
        [-66.8644,0.0,52.7198]
      ]
    }
  },
  {
    "node": {
      "name": "us_general_m35",
      "tm": [
        [-5.20549e-07,0.0,1.0],
        [0.0,1.0,0.0],
        [-1.0,0.0,-5.20549e-07],
        [-71.6594,0.0,52.0236]
      ]
    }
  },
  {
    "node": {
      "name": "studebaker_us6_u1",
      "tm": [
        [-0.173648,0.0,0.984808],
        [0.0,1.0,0.0],
        [-0.984808,0.0,-0.173648],
        [-84.403,0.0,-100.495]
      ]
    }
  },
  {
    "node": {
      "name": "dodge_m37_b1",
      "tm": [
        [-1.62921e-07,0.0,1.0],
        [0.0,1.0,0.0],
        [-1.0,0.0,-1.62921e-07],
        [-89.3032,0.0,-34.8749]
      ]
    }
  },
  {
    "node": {
      "name": "universal_airfield_fuel_box_c",
      "tm": [
        [0.0871558,0.0,-0.996195],
        [0.0,1.0,0.0],
        [0.996195,0.0,0.0871558],
        [122.474,0.0055019,41.5531]
      ]
    }
  },
  {
    "node": {
      "name": "universal_airfield_fuel_box_d",
      "tm": [
        [-1.0,0.0,1.50996e-07],
        [0.0,1.0,0.0],
        [-1.50996e-07,0.0,-1.0],
        [114.86,0.0,29.9845]
      ]
    }
  },
  {
    "node": {
      "name": "universal_airfield_barrels_group_a",
      "tm": [
        [0.999848,0.0,-0.0174521],
        [0.0,1.0,0.0],
        [0.0174521,0.0,0.999848],
        [109.992,0.0,46.6064]
      ]
    }
  },
  {
    "node": {
      "name": "universal_airfield_fuel_tank_a",
      "tm": [
        [-0.422618,0.0,0.906308],
        [0.0,1.0,0.0],
        [-0.906308,0.0,-0.422618],
        [105.608,0.0,30.6842]
      ]
    }
  },
  {
    "node": {
      "name": "mercedess_oil_truck",
      "tm": [
        [-0.819152,0.0,-0.573576],
        [0.0,1.0,0.0],
        [0.573576,0.0,-0.819152],
        [99.9098,0.0,51.0117]
      ]
    }
  },
  {
    "node": {
      "name": "mercedess_oil_truck",
      "tm": [
        [0.573576,0.0,0.819152],
        [0.0,1.0,0.0],
        [-0.819152,0.0,0.573576],
        [34.575,0.0,-101.696]
      ]
    }
  }
]