[
  {
    "className": "composit"
  },
  {
    "size": [272.0,272.0]
  },
  {
    "airfield": [
      {
        "start": [250.0,0.0,0.0]
      },
      {
        "end": [-250.0,0.0,0.0]
      },
      {
        "width": 500.0
      },
      {
        "spawn": [-221.0,0.0,72.0]
      },
      {
        "spawn": [-222.0,0.0,-72.0]
      },
      {
        "spawn": [-78.0,0.0,-72.0]
      },
      {
        "spawn": [-166.0,0.0,42.0]
      },
      {
        "spawn": [-127.0,0.0,43.0]
      },
      {
        "spawn": [-225.0,0.0,0.0]
      },
      {
        "spawn": [-161.0,0.0,-4.0]
      },
      {
        "spawn": [-111.0,0.0,-2.0]
      },
      {
        "spawn": [-36.0,0.0,0.0]
      },
      {
        "spawn": [-176.0,0.0,-52.0]
      },
      {
        "spawn": [-121.0,0.0,-50.0]
      },
      {
        "spawn": [-171.0,0.0,101.0]
      },
      {
        "spawn": [-99.0,0.0,104.0]
      },
      {
        "spawn": [-38.0,0.0,105.0]
      },
      {
        "spawn": [-39.0,0.0,60.0]
      },
      {
        "spawn": [-92.0,0.0,67.0]
      },
      {
        "repairTags": {
          "type_attack_helicopter": true,
          "type_utility_helicopter": true,
          "vtol_jet": true
        }
      }
    ]
  },
  {
    "storage": {
      "start": [-24.0,0.0,-23.0],
      "end": [-95.0,0.0,-23.0],
      "width": 250.0
    }
  },
  {
    "parking": {
      "start": [-10.0,0.0,-34.0],
      "end": [56.0,0.0,-34.0],
      "width": 250.0
    }
  },
  {
    "dwelling": {
      "start": [-21.0,0.0,11.0],
      "end": [7.0,0.0,12.0],
      "width": 250.0
    }
  },
  {
    "node": {
      "name": "^^dynHelipad_concrete_mud_a_mesh",
      "tm": [
        [1.0,0.0,0.0],
        [0.0,1.0,0.0],
        [0.0,0.0,1.0],
        [0.0,0.0,0.0]
      ]
    }
  },
  {
    "node": {
      "name": "+NoTreesBox000",
      "tm": [
        [275.0,0.0,0.0],
        [0.0,15.0,0.0],
        [0.0,0.0,140.0],
        [0.0,0.0,0.0]
      ]
    }
  },
  {
    "node": {
      "name": "universal_airfield_hangar_a",
      "tm": [
        [-4.37114e-08,0.0,-1.0],
        [0.0,1.0,0.0],
        [1.0,0.0,-4.37114e-08],
        [-243.438,0.0,0.12298]
      ]
    }
  },
  {
    "node": {
      "name": "universal_airfield_tower_b",
      "tm": [
        [-4.37114e-08,0.0,1.0],
        [0.0,1.0,0.0],
        [-1.0,0.0,-4.37114e-08],
        [240.866,0.0,-70.401]
      ]
    }
  },
  {
    "node": {
      "name": "universal_airfield_hangar_d",
      "tm": [
        [1.0,0.0,0.0],
        [0.0,1.0,0.0],
        [0.0,0.0,1.0],
        [207.845,0.0,-117.887]
      ]
    }
  },
  {
    "node": {
      "name": "universal_airfield_tower_a",
      "tm": [
        [1.0,0.0,0.0],
        [0.0,1.0,0.0],
        [0.0,0.0,1.0],
        [-93.3904,0.0,32.7318]
      ]
    }
  },
  {
    "node": {
      "name": "universal_airfield_hangar_b",
      "tm": [
        [1.0,0.0,0.0],
        [0.0,1.0,0.0],
        [0.0,0.0,1.0],
        [246.255,0.0,112.511]
      ]
    }
  },
  {
    "node": {
      "name": "universal_airfield_tent_d",
      "tm": [
        [1.0,0.0,0.0],
        [0.0,1.0,0.0],
        [0.0,0.0,1.0],
        [29.9113,0.0,49.2287]
      ]
    }
  },
  {
    "node": {
      "name": "universal_airfield_tent_e",
      "tm": [
        [0.819152,0.0,0.573576],
        [0.0,1.0,0.0],
        [-0.573576,0.0,0.819152],
        [181.144,0.0,-5.08143]
      ]
    }
  },
  {
    "node": {
      "name": "universal_airfield_tent_h",
      "tm": [
        [1.0,0.0,0.0],
        [0.0,1.0,0.0],
        [0.0,0.0,1.0],
        [229.394,0.0,-102.163]
      ]
    }
  },
  {
    "node": {
      "name": "universal_airfield_tent_a",
      "tm": [
        [1.0,0.0,0.0],
        [0.0,1.0,0.0],
        [0.0,0.0,1.0],
        [42.6352,0.0,-4.29964]
      ]
    }
  },
  {
    "node": {
      "name": "universal_airfield_tent_c",
      "tm": [
        [1.0,0.0,0.0],
        [0.0,1.0,0.0],
        [0.0,0.0,1.0],
        [66.066,0.0,6.85316]
      ]
    }
  },
  {
    "node": {
      "name": "universal_airfield_tent_i",
      "tm": [
        [1.0,0.0,0.0],
        [0.0,1.0,0.0],
        [0.0,0.0,1.0],
        [199.04,0.0,55.6254]
      ]
    }
  },
  {
    "node": {
      "name": "universal_airfield_fuel_box_a",
      "tm": [
        [-1.0,0.0,-1.50996e-07],
        [0.0,1.0,0.0],
        [1.50996e-07,0.0,-1.0],
        [-94.5117,0.0,-95.8082]
      ]
    }
  },
  {
    "node": {
      "name": "universal_airfield_fuel_box_e",
      "tm": [
        [1.0,0.0,0.0],
        [0.0,1.0,0.0],
        [0.0,0.0,1.0],
        [216.117,0.0,122.518]
      ]
    }
  },
  {
    "node": {
      "name": "universal_airfield_fuel_box_a",
      "tm": [
        [-0.838671,0.0,0.544639],
        [0.0,1.0,0.0],
        [-0.544639,0.0,-0.838671],
        [-253.014,0.0,-36.778]
      ]
    }
  },
  {
    "node": {
      "name": "universal_airfield_tent_a",
      "tm": [
        [-0.857168,0.0,0.515038],
        [0.0,1.0,0.0],
        [-0.515038,0.0,-0.857168],
        [-197.103,0.0,83.3387]
      ]
    }
  },
  {
    "node": {
      "name": "universal_airfield_fuel_tank_c",
      "tm": [
        [1.0,0.0,0.0],
        [0.0,1.0,0.0],
        [0.0,0.0,1.0],
        [-222.156,0.0,-23.9965]
      ]
    }
  },
  {
    "node": {
      "name": "universal_airfield_fuel_tank_c",
      "tm": [
        [-1.0,0.0,-1.50996e-07],
        [0.0,1.0,0.0],
        [1.50996e-07,0.0,-1.0],
        [257.157,0.0,86.9314]
      ]
    }
  },
  {
    "node": {
      "name": "universal_airfield_tower_c",
      "tm": [
        [1.0,0.0,0.0],
        [0.0,1.0,0.0],
        [0.0,0.0,1.0],
        [85.8731,0.0,125.06]
      ]
    }
  },
  {
    "node": {
      "name": "universal_airfield_barrack_f",
      "tm": [
        [7.54979e-08,0.0,1.0],
        [0.0,1.0,0.0],
        [-1.0,0.0,7.54979e-08],
        [-158.456,0.0,78.8401]
      ]
    }
  },
  {
    "node": {
      "name": "universal_airfield_shed_a",
      "tm": [
        [0.939693,0.0,0.34202],
        [0.0,1.0,0.0],
        [-0.34202,0.0,0.939693],
        [-62.9667,0.0,82.3004]
      ]
    }
  },
  {
    "node": {
      "name": "universal_airfield_barrack_f",
      "tm": [
        [-4.37114e-08,0.0,-1.0],
        [0.0,1.0,0.0],
        [1.0,0.0,-4.37114e-08],
        [-43.6532,0.0,-96.0961]
      ]
    }
  },
  {
    "node": {
      "name": "universal_airfield_barrels_group_a",
      "tm": [
        [-0.43837,0.0,-0.898794],
        [0.0,1.0,0.0],
        [0.898794,0.0,-0.43837],
        [66.1611,0.0,-14.897]
      ]
    }
  },
  {
    "node": {
      "name": "universal_airfield_barrack_g",
      "tm": [
        [-0.0871556,0.0,0.996195],
        [0.0,1.0,0.0],
        [-0.996195,0.0,-0.0871556],
        [-202.177,0.0,131.725]
      ]
    }
  },
  {
    "node": {
      "name": "universal_airfield_fuel_box_a",
      "tm": [
        [1.0,0.0,3.01992e-07],
        [0.0,1.0,0.0],
        [-3.01992e-07,0.0,1.0],
        [-193.871,0.0,132.29]
      ]
    }
  },
  {
    "node": {
      "name": "universal_airfield_tent_a",
      "tm": [
        [1.0,0.0,0.0],
        [0.0,1.0,0.0],
        [0.0,0.0,1.0],
        [188.685,0.0,-25.7344]
      ]
    }
  },
  {
    "node": {
      "name": "universal_airfield_tent_c",
      "tm": [
        [1.0,0.0,0.0],
        [0.0,1.0,0.0],
        [0.0,0.0,1.0],
        [170.598,0.0,16.7099]
      ]
    }
  },
  {
    "node": {
      "name": "universal_airfield_tent_c",
      "tm": [
        [-4.37114e-08,0.0,-1.0],
        [0.0,1.0,0.0],
        [1.0,0.0,-4.37114e-08],
        [140.708,0.0,0.0170288]
      ]
    }
  },
  {
    "node": {
      "name": "universal_airfield_barrack_g",
      "tm": [
        [-0.573577,0.0,-0.819152],
        [0.0,1.0,0.0],
        [0.819152,0.0,-0.573577],
        [-246.595,0.0,-115.338]
      ]
    }
  },
  {
    "node": {
      "name": "universal_airfield_fuel_box_a",
      "tm": [
        [-0.766045,0.0,0.642787],
        [0.0,1.0,0.0],
        [-0.642787,0.0,-0.766045],
        [-253.32,0.0,-110.432]
      ]
    }
  },
  {
    "node": {
      "name": "universal_airfield_barrels_group_a",
      "tm": [
        [-0.43837,0.0,-0.898794],
        [0.0,1.0,0.0],
        [0.898794,0.0,-0.43837],
        [75.6391,0.0,125.408]
      ]
    }
  }
]