{
  "className": "composit",
  "size": [
    272.0,
    272.0
  ],
  "airfield": {
    "start": [
      125.0,
      0.0,
      0.0
    ],
    "end": [
      -125.0,
      0.0,
      0.0
    ],
    "width": 250.0,
    "spawn": [
      [
        63.0,
        0.0,
        62.0
      ],
      [
        65.0,
        0.0,
        -55.0
      ],
      [
        -68.0,
        0.0,
        -69.0
      ],
      [
        -87.0,
        0.0,
        83.0
      ],
      [
        -42.0,
        0.0,
        44.0
      ],
      [
        1.0,
        0.0,
        22.0
      ],
      [
        16.0,
        0.0,
        62.0
      ],
      [
        8.0,
        0.0,
        -12.0
      ],
      [
        -65.0,
        0.0,
        -30.0
      ],
      [
        25.0,
        0.0,
        -38.0
      ],
      [
        58.0,
        0.0,
        0.0
      ],
      [
        63.0,
        0.0,
        -107.0
      ],
      [
        -7.0,
        0.0,
        -64.0
      ],
      [
        -70.0,
        0.0,
        53.0
      ],
      [
        98.0,
        0.0,
        94.0
      ],
      [
        44.0,
        0.0,
        27.0
      ]
    ],
    "repairTags": {
      "type_attack_helicopter": true,
      "type_utility_helicopter": true,
      "vtol_jet": true
    }
  },
  "storage": {
    "start": [
      -24.0,
      0.0,
      -23.0
    ],
    "end": [
      -95.0,
      0.0,
      -23.0
    ],
    "width": 250.0
  },
  "parking": {
    "start": [
      -10.0,
      0.0,
      -34.0
    ],
    "end": [
      56.0,
      0.0,
      -34.0
    ],
    "width": 250.0
  },
  "dwelling": {
    "start": [
      -21.0,
      0.0,
      11.0
    ],
    "end": [
      7.0,
      0.0,
      12.0
    ],
    "width": 250.0
  },
  "node": [
    {
      "name": "^^dynHelipad_dirt_a_mesh",
      "tm": [
        [
          1.0,
          0.0,
          0.0
        ],
        [
          0.0,
          1.0,
          0.0
        ],
        [
          0.0,
          0.0,
          1.0
        ],
        [
          0.0,
          0.0,
          0.0
        ]
      ]
    },
    {
      "name": "++NoTreesBox000",
      "tm": [
        [
          250.0,
          0.0,
          0.0
        ],
        [
          0.0,
          150.0,
          0.0
        ],
        [
          0.0,
          0.0,
          250.0
        ],
        [
          0.0,
          -30.0,
          0.0
        ]
      ]
    },
    {
      "name": "universal_airfield_tent_f",
      "tm": [
        [
          -0.34202,
          0.0,
          -0.939693
        ],
        [
          0.0,
          1.0,
          0.0
        ],
        [
          0.939693,
          0.0,
          -0.34202
        ],
        [
          -105.613,
          0.0,
          -27.5225
        ]
      ]
    },
    {
      "name": "universal_airfield_tent_d",
      "tm": [
        [
          -0.866025,
          0.0,
          0.5
        ],
        [
          0.0,
          1.0,
          0.0
        ],
        [
          -0.5,
          0.0,
          -0.866025
        ],
        [
          -96.895,
          0.0,
          13.3242
        ]
      ]
    },
    {
      "name": "universal_airfield_tower_b",
      "tm": [
        [
          -0.258819,
          0.0,
          0.965926
        ],
        [
          0.0,
          1.0,
          0.0
        ],
        [
          -0.965926,
          0.0,
          -0.258819
        ],
        [
          -33.3574,
          0.0,
          75.2814
        ]
      ]
    },
    {
      "name": "universal_airfield_fuel_tank_a",
      "tm": [
        [
          1.0,
          0.0,
          0.0
        ],
        [
          0.0,
          1.0,
          0.0
        ],
        [
          0.0,
          0.0,
          1.0
        ],
        [
          -17.4659,
          0.0,
          -19.9536
        ]
      ]
    },
    {
      "name": "universal_airfield_fuel_tank_a",
      "tm": [
        [
          -0.422618,
          0.0,
          0.906308
        ],
        [
          0.0,
          1.0,
          0.0
        ],
        [
          -0.906308,
          0.0,
          -0.422618
        ],
        [
          -23.5268,
          0.0,
          -24.5276
        ]
      ]
    },
    {
      "name": "universal_airfield_tent_d",
      "tm": [
        [
          0.258819,
          0.0,
          -0.965926
        ],
        [
          0.0,
          1.0,
          0.0
        ],
        [
          0.965926,
          0.0,
          0.258819
        ],
        [
          -104.686,
          0.0,
          5.67935
        ]
      ]
    },
    {
      "name": "universal_airfield_tent_e",
      "tm": [
        [
          0.939693,
          0.0,
          -0.34202
        ],
        [
          0.0,
          1.0,
          0.0
        ],
        [
          0.34202,
          0.0,
          0.939693
        ],
        [
          -105.248,
          0.0,
          -3.26678
        ]
      ]
    },
    {
      "name": "universal_airfield_tent_f",
      "tm": [
        [
          -0.996195,
          0.0,
          0.0871556
        ],
        [
          0.0,
          1.0,
          0.0
        ],
        [
          -0.0871556,
          0.0,
          -0.996195
        ],
        [
          -96.5201,
          0.0,
          -14.9104
        ]
      ]
    },
    {
      "name": "universal_airfield_tent_i",
      "tm": [
        [
          0.965926,
          0.0,
          -0.258819
        ],
        [
          0.0,
          1.0,
          0.0
        ],
        [
          0.258819,
          0.0,
          0.965926
        ],
        [
          -103.9,
          -0.359314,
          -20.5032
        ]
      ]
    },
    {
      "name": "universal_airfield_tent_d",
      "tm": [
        [
          -0.939693,
          0.0,
          -0.34202
        ],
        [
          0.0,
          1.0,
          0.0
        ],
        [
          0.34202,
          0.0,
          -0.939693
        ],
        [
          -106.105,
          0.0,
          15.6201
        ]
      ]
    },
    {
      "name": "universal_airfield_tent_e",
      "tm": [
        [
          0.573576,
          0.0,
          0.819152
        ],
        [
          0.0,
          1.0,
          0.0
        ],
        [
          -0.819152,
          0.0,
          0.573576
        ],
        [
          -94.3088,
          0.0,
          -25.6204
        ]
      ]
    },
    {
      "name": "universal_airfield_tent_f",
      "tm": [
        [
          0.766045,
          0.0,
          -0.642787
        ],
        [
          0.0,
          1.0,
          0.0
        ],
        [
          0.642787,
          0.0,
          0.766045
        ],
        [
          -95.9613,
          0.0,
          0.0303774
        ]
      ]
    },
    {
      "name": "universal_airfield_tent_b",
      "tm": [
        [
          0.996195,
          0.0,
          0.0871558
        ],
        [
          0.0,
          1.0,
          0.0
        ],
        [
          -0.0871558,
          0.0,
          0.996195
        ],
        [
          -87.1077,
          -0.188131,
          -11.4417
        ]
      ]
    },
    {
      "name": "universal_airfield_tent_a",
      "tm": [
        [
          0.965926,
          0.0,
          -0.258819
        ],
        [
          0.0,
          1.0,
          0.0
        ],
        [
          0.258819,
          0.0,
          0.965926
        ],
        [
          -7.70689,
          0.0,
          84.1131
        ]
      ]
    },
    {
      "name": "universal_airfield_tent_h",
      "tm": [
        [
          0.965926,
          0.0,
          -0.258819
        ],
        [
          0.0,
          1.0,
          0.0
        ],
        [
          0.258819,
          0.0,
          0.965926
        ],
        [
          -117.844,
          -0.430349,
          6.92163
        ]
      ]
    },
    {
      "name": "universal_airfield_tent_d",
      "tm": [
        [
          7.54979e-8,
          0.0,
          -1.0
        ],
        [
          0.0,
          1.0,
          0.0
        ],
        [
          1.0,
          0.0,
          7.54979e-8
        ],
        [
          -106.157,
          0.0,
          -12.6506
        ]
      ]
    },
    {
      "name": "universal_airfield_tent_i",
      "tm": [
        [
          -0.819152,
          0.0,
          0.573576
        ],
        [
          0.0,
          1.0,
          0.0
        ],
        [
          -0.573576,
          0.0,
          -0.819152
        ],
        [
          -120.258,
          -0.359314,
          -12.0697
        ]
      ]
    },
    {
      "name": "universal_airfield_tent_c",
      "tm": [
        [
          0.5,
          0.0,
          0.866025
        ],
        [
          0.0,
          1.0,
          0.0
        ],
        [
          -0.866025,
          0.0,
          0.5
        ],
        [
          -12.6872,
          0.0,
          -30.8268
        ]
      ]
    },
    {
      "name": "universal_airfield_barrack_e",
      "tm": [
        [
          -0.984808,
          0.0,
          0.173648
        ],
        [
          0.0,
          1.0,
          0.0
        ],
        [
          -0.173648,
          0.0,
          -0.984808
        ],
        [
          -57.4875,
          0.0,
          4.16521
        ]
      ]
    },
    {
      "name": "universal_airfield_barrack_f",
      "tm": [
        [
          0.422618,
          0.0,
          0.906308
        ],
        [
          0.0,
          1.0,
          0.0
        ],
        [
          -0.906308,
          0.0,
          0.422618
        ],
        [
          -61.3611,
          0.0,
          24.9812
        ]
      ]
    },
    {
      "name": "universal_airfield_barrack_g",
      "tm": [
        [
          1.0,
          0.0,
          0.0
        ],
        [
          0.0,
          1.0,
          0.0
        ],
        [
          0.0,
          0.0,
          1.0
        ],
        [
          -74.9392,
          0.0,
          7.8145
        ]
      ]
    },
    {
      "name": "universal_airfield_shed_a",
      "tm": [
        [
          0.766045,
          0.0,
          0.642787
        ],
        [
          0.0,
          1.0,
          0.0
        ],
        [
          -0.642787,
          0.0,
          0.766045
        ],
        [
          -25.8951,
          0.0,
          86.8995
        ]
      ]
    },
    {
      "name": "universal_airfield_shed_a",
      "tm": [
        [
          -0.939693,
          0.0,
          -0.34202
        ],
        [
          0.0,
          1.0,
          0.0
        ],
        [
          0.34202,
          0.0,
          -0.939693
        ],
        [
          18.1768,
          0.0,
          -79.8934
        ]
      ]
    },
    {
      "name": "universal_airfield_tower_c",
      "tm": [
        [
          0.965926,
          0.0,
          0.258819
        ],
        [
          0.0,
          1.0,
          0.0
        ],
        [
          -0.258819,
          0.0,
          0.965926
        ],
        [
          109.205,
          0.0,
          -1.80039
        ]
      ]
    },
    {
      "name": "universal_airfield_barrels_group_c",
      "tm": [
        [
          -0.809017,
          0.0,
          0.587785
        ],
        [
          0.0,
          1.0,
          0.0
        ],
        [
          -0.587785,
          0.0,
          -0.809017
        ],
        [
          -30.3906,
          0.0,
          -10.9765
        ]
      ]
    },
    {
      "name": "universal_airfield_fuel_tent_b",
      "tm": [
        [
          -0.981627,
          0.0,
          0.190809
        ],
        [
          0.0,
          1.0,
          0.0
        ],
        [
          -0.190809,
          0.0,
          -0.981627
        ],
        [
          -37.75,
          -0.479726,
          -21.3821
        ]
      ]
    },
    {
      "name": "universal_airfield_sandbags_b",
      "tm": [
        [
          -0.173648,
          0.0,
          -0.984808
        ],
        [
          0.0,
          1.0,
          0.0
        ],
        [
          0.984808,
          0.0,
          -0.173648
        ],
        [
          -29.6755,
          0.0,
          -1.49273
        ]
      ]
    },
    {
      "name": "universal_airfield_sandbags_a",
      "tm": [
        [
          -0.258819,
          0.0,
          0.965926
        ],
        [
          0.0,
          1.0,
          0.0
        ],
        [
          -0.965926,
          0.0,
          -0.258819
        ],
        [
          -36.6287,
          0.0085187,
          -28.2574
        ]
      ]
    },
    {
      "name": "studebaker_us6_u1",
      "tm": [
        [
          -0.956305,
          0.0,
          0.292372
        ],
        [
          0.0,
          1.0,
          0.0
        ],
        [
          -0.292372,
          0.0,
          -0.956305
        ],
        [
          -19.1025,
          0.0,
          -11.7247
        ]
      ]
    },
    {
      "name": "uaz_452",
      "tm": [
        [
          0.573577,
          0.0,
          -0.819152
        ],
        [
          0.0,
          1.0,
          0.0
        ],
        [
          0.819152,
          0.0,
          0.573577
        ],
        [
          -38.1784,
          0.0,
          62.8523
        ]
      ]
    },
    {
      "name": "uaz_452",
      "tm": [
        [
          3.13916e-7,
          0.0,
          1.0
        ],
        [
          0.0,
          1.0,
          0.0
        ],
        [
          -1.0,
          0.0,
          3.13916e-7
        ],
        [
          -63.6741,
          0.0,
          8.2818
        ]
      ]
    },
    {
      "name": "studebaker_us6_u1",
      "tm": [
        [
          -0.5,
          0.0,
          0.866025
        ],
        [
          0.0,
          1.0,
          0.0
        ],
        [
          -0.866025,
          0.0,
          -0.5
        ],
        [
          41.5917,
          0.0,
          -88.8463
        ]
      ]
    },
    {
      "name": "universal_airfield_tent_d",
      "tm": [
        [
          0.173648,
          0.0,
          -0.984808
        ],
        [
          0.0,
          1.0,
          0.0
        ],
        [
          0.984808,
          0.0,
          0.173648
        ],
        [
          -119.036,
          0.0,
          -3.51065
        ]
      ]
    },
    {
      "name": "universal_airfield_barrels_group_d",
      "tm": [
        [
          -0.559192,
          0.0,
          -0.829038
        ],
        [
          0.0,
          1.0,
          0.0
        ],
        [
          0.829038,
          0.0,
          -0.559192
        ],
        [
          28.047,
          0.0,
          -71.1739
        ]
      ]
    },
    {
      "name": "universal_airfield_fuel_box_c",
      "tm": [
        [
          -0.965926,
          0.0,
          0.258819
        ],
        [
          0.0,
          1.0,
          0.0
        ],
        [
          -0.258819,
          0.0,
          -0.965926
        ],
        [
          33.0089,
          0.0055019,
          -82.2342
        ]
      ]
    },
    {
      "name": "universal_airfield_fuel_tank_a",
      "tm": [
        [
          -0.5,
          0.0,
          0.866025
        ],
        [
          0.0,
          1.0,
          0.0
        ],
        [
          -0.866025,
          0.0,
          -0.5
        ],
        [
          33.0594,
          0.0,
          -61.0839
        ]
      ]
    },
    {
      "name": "universal_airfield_barrels_group_a",
      "tm": [
        [
          0.997564,
          0.0,
          0.0697567
        ],
        [
          0.0,
          1.0,
          0.0
        ],
        [
          -0.0697567,
          0.0,
          0.997564
        ],
        [
          -27.9194,
          0.0,
          -32.7354
        ]
      ]
    },
    {
      "name": "universal_airfield_fuel_box_a",
      "tm": [
        [
          -0.984808,
          0.0,
          -0.173648
        ],
        [
          0.0,
          1.0,
          0.0
        ],
        [
          0.173648,
          0.0,
          -0.984808
        ],
        [
          -22.9408,
          0.0,
          -41.4642
        ]
      ]
    },
    {
      "name": "universal_airfield_fuel_box_b",
      "tm": [
        [
          0.258819,
          0.0,
          0.965926
        ],
        [
          0.0,
          1.0,
          0.0
        ],
        [
          -0.965926,
          0.0,
          0.258819
        ],
        [
          -40.009,
          0.0,
          -8.27625
        ]
      ]
    },
    {
      "name": "uaz_31514",
      "tm": [
        [
          0.996195,
          0.0,
          -0.0871551
        ],
        [
          0.0,
          1.0,
          0.0
        ],
        [
          0.0871551,
          0.0,
          0.996195
        ],
        [
          -115.398,
          0.0,
          -31.5784
        ]
      ]
    }
  ]
}