[
  {
    "className": "composit"
  },
  {
    "size": [272.0,272.0]
  },
  {
    "airfield": [
      {
        "start": [125.0,0.0,0.0]
      },
      {
        "end": [-125.0,0.0,0.0]
      },
      {
        "width": 250.0
      },
      {
        "spawn": [20.0,0.0,96.0]
      },
      {
        "spawn": [-68.0,0.0,96.0]
      },
      {
        "spawn": [-36.0,0.0,-100.0]
      },
      {
        "spawn": [-106.0,0.0,32.0]
      },
      {
        "spawn": [-80.0,0.0,32.0]
      },
      {
        "spawn": [-50.0,0.0,32.0]
      },
      {
        "spawn": [-12.0,0.0,32.0]
      },
      {
        "spawn": [24.0,0.0,32.0]
      },
      {
        "spawn": [58.0,0.0,32.0]
      },
      {
        "spawn": [24.0,0.0,68.0]
      },
      {
        "spawn": [18.0,0.0,32.0]
      },
      {
        "spawn": [-90.0,0.0,-8.0]
      },
      {
        "spawn": [2.0,0.0,-8.0]
      },
      {
        "spawn": [58.0,0.0,-8.0]
      },
      {
        "spawn": [65.0,0.0,68.0]
      },
      {
        "spawn": [102.0,0.0,32.0]
      },
      {
        "repairTags": {
          "type_attack_helicopter": true,
          "type_utility_helicopter": true
        }
      }
    ]
  },
  {
    "storage": {
      "start": [-24.0,0.0,-23.0],
      "end": [-95.0,0.0,-23.0],
      "width": 250.0
    }
  },
  {
    "parking": {
      "start": [-10.0,0.0,-34.0],
      "end": [56.0,0.0,-34.0],
      "width": 250.0
    }
  },
  {
    "dwelling": {
      "start": [-21.0,0.0,11.0],
      "end": [7.0,0.0,12.0],
      "width": 250.0
    }
  },
  {
    "node": {
      "name": "^^dynHelipad_beton_a_mesh",
      "tm": [
        [1.0,0.0,0.0],
        [0.0,1.0,0.0],
        [0.0,0.0,1.0],
        [0.0,0.0,0.0]
      ]
    }
  },
  {
    "node": {
      "name": "+NoTreesBox000",
      "tm": [
        [125.0,0.0,0.0],
        [0.0,15.0,0.0],
        [0.0,0.0,125.0],
        [0.0,0.0,0.0]
      ]
    }
  },
  {
    "node": {
      "name": "universal_airfield_tent_f",
      "tm": [
        [1.0,0.0,0.0],
        [0.0,1.0,0.0],
        [0.0,0.0,1.0],
        [-113.591,0.0,-88.73]
      ]
    }
  },
  {
    "node": {
      "name": "universal_airfield_tower_c",
      "tm": [
        [1.0,0.0,0.0],
        [0.0,1.0,0.0],
        [0.0,0.0,1.0],
        [87.4392,0.0,-117.023]
      ]
    }
  },
  {
    "node": {
      "name": "universal_airfield_shed_a",
      "tm": [
        [-0.984808,0.0,0.173648],
        [0.0,1.0,0.0],
        [-0.173648,0.0,-0.984808],
        [-52.5526,0.0,-53.8319]
      ]
    }
  },
  {
    "node": {
      "name": "universal_airfield_tower_a",
      "tm": [
        [1.0,0.0,0.0],
        [0.0,1.0,0.0],
        [0.0,0.0,1.0],
        [-108.316,0.0,-100.699]
      ]
    }
  },
  {
    "node": {
      "name": "universal_airfield_tent_d",
      "tm": [
        [1.0,0.0,0.0],
        [0.0,1.0,0.0],
        [0.0,0.0,1.0],
        [-104.149,0.0,-84.3091]
      ]
    }
  },
  {
    "node": {
      "name": "universal_airfield_barrack_a",
      "tm": [
        [-4.37114e-08,0.0,1.0],
        [0.0,1.0,0.0],
        [-1.0,0.0,-4.37114e-08],
        [-39.4485,0.0,-37.6967]
      ]
    }
  },
  {
    "node": {
      "name": "universal_airfield_fuel_tank_a",
      "tm": [
        [0.707107,0.0,-0.707107],
        [0.0,1.0,0.0],
        [0.707107,0.0,0.707107],
        [86.9713,0.0,-40.2914]
      ]
    }
  },
  {
    "node": {
      "name": "universal_airfield_hangar_b",
      "tm": [
        [1.19249e-08,0.0,-1.0],
        [0.0,1.0,0.0],
        [1.0,0.0,1.19249e-08],
        [117.114,0.0,-79.4817]
      ]
    }
  },
  {
    "node": {
      "name": "universal_airfield_barrack_g",
      "tm": [
        [1.0,0.0,0.0],
        [0.0,1.0,0.0],
        [0.0,0.0,1.0],
        [3.6014,0.0,-91.0908]
      ]
    }
  },
  {
    "node": {
      "name": "universal_airfield_tent_b",
      "tm": [
        [0.5,0.0,-0.866025],
        [0.0,1.0,0.0],
        [0.866025,0.0,0.5],
        [-94.1913,-0.188131,-91.1755]
      ]
    }
  },
  {
    "node": {
      "name": "universal_airfield_tent_e",
      "tm": [
        [0.422618,0.0,0.906308],
        [0.0,1.0,0.0],
        [-0.906308,0.0,0.422618],
        [-122.851,0.0,-85.9683]
      ]
    }
  },
  {
    "node": {
      "name": "universal_airfield_tent_h",
      "tm": [
        [0.5,0.0,0.866025],
        [0.0,1.0,0.0],
        [-0.866025,0.0,0.5],
        [-123.076,-0.430349,-99.059]
      ]
    }
  },
  {
    "node": {
      "name": "universal_airfield_tent_i",
      "tm": [
        [1.0,0.0,0.0],
        [0.0,1.0,0.0],
        [0.0,0.0,1.0],
        [-113.596,-0.359314,-78.304]
      ]
    }
  },
  {
    "node": {
      "name": "universal_airfield_tent_e",
      "tm": [
        [1.0,0.0,0.0],
        [0.0,1.0,0.0],
        [0.0,0.0,1.0],
        [-103.834,0.0,-74.0264]
      ]
    }
  },
  {
    "node": {
      "name": "universal_airfield_tent_f",
      "tm": [
        [0.573576,0.0,0.819152],
        [0.0,1.0,0.0],
        [-0.819152,0.0,0.573576],
        [-94.2772,0.0,-78.2935]
      ]
    }
  },
  {
    "node": {
      "name": "universal_airfield_tent_d",
      "tm": [
        [0.258819,0.0,-0.965926],
        [0.0,1.0,0.0],
        [0.965926,0.0,0.258819],
        [-125.393,0.0,-75.6381]
      ]
    }
  },
  {
    "node": {
      "name": "universal_airfield_tent_e",
      "tm": [
        [0.5,0.0,-0.866025],
        [0.0,1.0,0.0],
        [0.866025,0.0,0.5],
        [-119.414,0.0,-69.2881]
      ]
    }
  },
  {
    "node": {
      "name": "universal_airfield_tent_f",
      "tm": [
        [0.258819,0.0,0.965926],
        [0.0,1.0,0.0],
        [-0.965926,0.0,0.258819],
        [-108.184,0.0,-66.2092]
      ]
    }
  },
  {
    "node": {
      "name": "universal_airfield_tent_i",
      "tm": [
        [0.422618,0.0,0.906308],
        [0.0,1.0,0.0],
        [-0.906308,0.0,0.422618],
        [-100.287,-0.359314,-67.1759]
      ]
    }
  },
  {
    "node": {
      "name": "universal_airfield_barrels_group_a",
      "tm": [
        [0.999848,0.0,-0.0174521],
        [0.0,1.0,0.0],
        [0.0174521,0.0,0.999848],
        [91.5939,0.0,-33.4772]
      ]
    }
  },
  {
    "node": {
      "name": "universal_airfield_fuel_box_d",
      "tm": [
        [-4.37114e-08,0.0,-1.0],
        [0.0,1.0,0.0],
        [1.0,0.0,-4.37114e-08],
        [101.845,0.0,-37.8007]
      ]
    }
  },
  {
    "node": {
      "name": "universal_airfield_fuel_box_b",
      "tm": [
        [-4.37114e-08,0.0,-1.0],
        [0.0,1.0,0.0],
        [1.0,0.0,-4.37114e-08],
        [102.672,0.0,-47.6165]
      ]
    }
  },
  {
    "node": {
      "name": "universal_airfield_barrack_b",
      "tm": [
        [-4.37114e-08,0.0,1.0],
        [0.0,1.0,0.0],
        [-1.0,0.0,-4.37114e-08],
        [48.2176,0.0,-68.4345]
      ]
    }
  },
  {
    "node": {
      "name": "universal_airfield_barrack_d",
      "tm": [
        [-4.37114e-08,0.0,1.0],
        [0.0,1.0,0.0],
        [-1.0,0.0,-4.37114e-08],
        [49.6237,0.0,-82.6455]
      ]
    }
  },
  {
    "node": {
      "name": "universal_airfield_barrack_f",
      "tm": [
        [-1.0,0.0,1.50996e-07],
        [0.0,1.0,0.0],
        [-1.50996e-07,0.0,-1.0],
        [39.5816,0.0,-54.3702]
      ]
    }
  },
  {
    "node": {
      "name": "universal_airfield_tent_d",
      "tm": [
        [0.866025,0.0,0.5],
        [0.0,1.0,0.0],
        [-0.5,0.0,0.866025],
        [-126.819,0.0,-62.3529]
      ]
    }
  },
  {
    "node": {
      "name": "universal_airfield_tent_d",
      "tm": [
        [0.906308,0.0,-0.422618],
        [0.0,1.0,0.0],
        [0.422618,0.0,0.906308],
        [-115.76,0.0,-61.2727]
      ]
    }
  },
  {
    "node": {
      "name": "uaz_452",
      "tm": [
        [0.996195,0.0,0.0871563],
        [0.0,1.0,0.0],
        [-0.0871563,0.0,0.996195],
        [-61.5205,0.0,-43.6336]
      ]
    }
  },
  {
    "node": {
      "name": "uaz_452",
      "tm": [
        [-5.20549e-07,0.0,1.0],
        [0.0,1.0,0.0],
        [-1.0,0.0,-5.20549e-07],
        [94.4176,0.0,-96.7002]
      ]
    }
  },
  {
    "node": {
      "name": "studebaker_us6_u1",
      "tm": [
        [-0.173648,0.0,0.984808],
        [0.0,1.0,0.0],
        [-0.984808,0.0,-0.173648],
        [49.6421,0.0,-46.432]
      ]
    }
  },
  {
    "node": {
      "name": "studebaker_us6_u1",
      "tm": [
        [0.996195,0.0,0.0871555],
        [0.0,1.0,0.0],
        [-0.0871555,0.0,0.996195],
        [-59.2815,0.0,-47.1785]
      ]
    }
  },
  {
    "node": {
      "name": "uaz_31514",
      "tm": [
        [1.0,0.0,1.74846e-07],
        [0.0,1.0,0.0],
        [-1.74846e-07,0.0,1.0],
        [56.3092,0.0,-47.1382]
      ]
    }
  },
  {
    "node": {
      "name": "studebaker_us6_u1",
      "tm": [
        [-0.390731,0.0,0.920505],
        [0.0,1.0,0.0],
        [-0.920505,0.0,-0.390731],
        [93.2613,0.0,-46.4535]
      ]
    }
  },
  {
    "node": {
      "name": "universal_airfield_fuel_box_d",
      "tm": [
        [0.996195,0.0,0.0871557],
        [0.0,1.0,0.0],
        [-0.0871557,0.0,0.996195],
        [-59.9092,0.0,-22.0724]
      ]
    }
  },
  {
    "node": {
      "name": "universal_airfield_barrels_group_b",
      "tm": [
        [-0.62932,0.0,0.777147],
        [0.0,1.0,0.0],
        [-0.777147,0.0,-0.62932],
        [-52.5009,0.0,-27.8966]
      ]
    }
  },
  {
    "node": {
      "name": "universal_airfield_barrels_group_d",
      "tm": [
        [-0.809017,0.0,-0.587786],
        [0.0,1.0,0.0],
        [0.587786,0.0,-0.809017],
        [-62.0588,0.0,-35.6341]
      ]
    }
  }
]