[
  {
    "className": "composit"
  },
  {
    "size": [272.0,272.0]
  },
  {
    "airfield": [
      {
        "start": [125.0,0.0,0.0]
      },
      {
        "end": [-125.0,0.0,0.0]
      },
      {
        "width": 250.0
      },
      {
        "spawn": [-43.0,0.0,65.0]
      },
      {
        "spawn": [-43.0,0.0,-63.0]
      },
      {
        "spawn": [-110.0,0.0,2.0]
      },
      {
        "spawn": [54.0,0.0,-4.0]
      },
      {
        "spawn": [-50.0,0.0,0.0]
      },
      {
        "spawn": [47.0,0.0,-61.0]
      },
      {
        "spawn": [-44.0,0.0,-121.0]
      },
      {
        "spawn": [-85.0,0.0,41.0]
      },
      {
        "spawn": [114.0,0.0,114.0]
      },
      {
        "spawn": [24.0,0.0,23.0]
      },
      {
        "spawn": [-118.0,0.0,115.0]
      },
      {
        "spawn": [-4.0,0.0,102.0]
      },
      {
        "spawn": [-56.0,0.0,120.0]
      },
      {
        "spawn": [-102.0,0.0,-103.0]
      },
      {
        "spawn": [51.0,0.0,-120.0]
      },
      {
        "spawn": [-79.0,0.0,-40.0]
      },
      {
        "repairTags": {
          "type_attack_helicopter": true,
          "type_utility_helicopter": true,
          "vtol_jet": true
        }
      }
    ]
  },
  {
    "storage": {
      "start": [-24.0,0.0,-23.0],
      "end": [-95.0,0.0,-23.0],
      "width": 250.0
    }
  },
  {
    "parking": {
      "start": [-10.0,0.0,-34.0],
      "end": [56.0,0.0,-34.0],
      "width": 250.0
    }
  },
  {
    "dwelling": {
      "start": [-21.0,0.0,11.0],
      "end": [7.0,0.0,12.0],
      "width": 250.0
    }
  },
  {
    "node": {
      "name": "^^dynHelipad_snow_c_mesh",
      "tm": [
        [1.0,0.0,0.0],
        [0.0,1.0,0.0],
        [0.0,0.0,1.0],
        [0.0,0.0,0.0]
      ]
    }
  },
  {
    "node": {
      "name": "+NoTreesBox000",
      "tm": [
        [140.0,0.0,0.0],
        [0.0,15.0,0.0],
        [0.0,0.0,140.0],
        [0.0,0.0,0.0]
      ]
    }
  },
  {
    "node": {
      "name": "universal_airfield_tower_a_snow",
      "tm": [
        [1.0,0.0,0.0],
        [0.0,1.0,0.0],
        [0.0,0.0,1.0],
        [15.8758,0.0,-101.448]
      ]
    }
  },
  {
    "node": {
      "name": "universal_airfield_fuel_box_a_snow",
      "tm": [
        [-0.732598,0.0,0.680661],
        [0.0,1.0,0.0],
        [-0.680661,0.0,-0.732598],
        [-113.46,0.0,-59.4905]
      ]
    }
  },
  {
    "node": {
      "name": "universal_airfield_shed_a_snow",
      "tm": [
        [1.0,0.0,-4.76837e-07],
        [0.0,1.0,0.0],
        [4.76837e-07,0.0,1.0],
        [52.9825,0.0,109.064]
      ]
    }
  },
  {
    "node": {
      "name": "universal_airfield_barrack_f_snow",
      "tm": [
        [1.94707e-07,0.0,1.0],
        [0.0,1.0,0.0],
        [-1.0,0.0,1.94707e-07],
        [37.154,0.0,108.574]
      ]
    }
  },
  {
    "node": {
      "name": "universal_airfield_hangar_d_snow",
      "tm": [
        [-4.37114e-08,0.0,1.0],
        [0.0,1.0,0.0],
        [-1.0,0.0,-4.37114e-08],
        [7.03393,0.0,54.4802]
      ]
    }
  },
  {
    "node": {
      "name": "universal_airfield_tower_b_snow",
      "tm": [
        [0.173648,0.0,0.984808],
        [0.0,1.0,0.0],
        [-0.984808,0.0,0.173648],
        [61.9895,0.0,103.697]
      ]
    }
  },
  {
    "node": {
      "name": "universal_airfield_table_a_snow",
      "tm": [
        [0.906308,0.0,-0.422618],
        [0.0,1.0,0.0],
        [0.422618,0.0,0.906308],
        [77.2119,0.0,-97.1963]
      ]
    }
  },
  {
    "node": {
      "name": "universal_airfield_barrack_c_snow",
      "tm": [
        [-1.0,0.0,1.50996e-07],
        [0.0,1.0,0.0],
        [-1.50996e-07,0.0,-1.0],
        [91.8957,0.0,-91.5442]
      ]
    }
  },
  {
    "node": {
      "name": "universal_airfield_shed_a_snow",
      "tm": [
        [-1.0,0.0,3.25841e-07],
        [0.0,1.0,0.0],
        [-3.25841e-07,0.0,-1.0],
        [-9.8839,0.0,-16.0924]
      ]
    }
  },
  {
    "node": {
      "name": "universal_airfield_barrack_e_snow",
      "tm": [
        [-4.37114e-08,0.0,-1.0],
        [0.0,1.0,0.0],
        [1.0,0.0,-4.37114e-08],
        [116.855,0.0,-43.9813]
      ]
    }
  },
  {
    "node": {
      "name": "universal_airfield_barrack_g_snow",
      "tm": [
        [-4.37114e-08,0.0,1.0],
        [0.0,1.0,0.0],
        [-1.0,0.0,-4.37114e-08],
        [117.554,0.0,5.09122]
      ]
    }
  },
  {
    "node": {
      "name": "universal_airfield_barrack_e_snow",
      "tm": [
        [-4.37114e-08,0.0,-1.0],
        [0.0,1.0,0.0],
        [1.0,0.0,-4.37114e-08],
        [116.855,0.0,-62.256]
      ]
    }
  },
  {
    "node": {
      "name": "universal_airfield_fuel_tank_a",
      "tm": [
        [0.34202,0.0,-0.939693],
        [0.0,1.0,0.0],
        [0.939693,0.0,0.34202],
        [-52.2253,0.0,36.2811]
      ]
    }
  },
  {
    "node": {
      "name": "universal_airfield_fuel_tank_b",
      "tm": [
        [-0.984808,0.0,-0.173648],
        [0.0,1.0,0.0],
        [0.173648,0.0,-0.984808],
        [-22.7113,0.0,-76.0804]
      ]
    }
  },
  {
    "node": {
      "name": "universal_airfield_shed_a_snow",
      "tm": [
        [0.354021,0.0,0.935238],
        [0.0,1.0,0.0],
        [-0.935238,0.0,0.354021],
        [-93.2175,0.0,88.4701]
      ]
    }
  },
  {
    "node": {
      "name": "universal_airfield_fuel_tank_b",
      "tm": [
        [0.922575,0.0,0.385819],
        [0.0,1.0,0.0],
        [-0.385819,0.0,0.922575],
        [-81.6557,0.0,-41.7536]
      ]
    }
  },
  {
    "node": {
      "name": "universal_airfield_fuel_tent_c_snow",
      "tm": [
        [-0.212594,0.0,0.977141],
        [0.0,1.0,0.0],
        [-0.977141,0.0,-0.212594],
        [-97.0052,0.0,77.9991]
      ]
    }
  },
  {
    "node": {
      "name": "universal_airfield_hangar_b_snow",
      "tm": [
        [1.0,0.0,0.0],
        [0.0,1.0,0.0],
        [0.0,0.0,1.0],
        [81.9108,0.0,62.0011]
      ]
    }
  },
  {
    "node": {
      "name": "universal_airfield_tent_c_snow",
      "tm": [
        [-4.37114e-08,0.0,-1.0],
        [0.0,1.0,0.0],
        [1.0,0.0,-4.37114e-08],
        [100.448,0.0,55.9453]
      ]
    }
  },
  {
    "node": {
      "name": "universal_airfield_fuel_tent_c_snow",
      "tm": [
        [-0.739931,0.0,-0.672682],
        [0.0,1.0,0.0],
        [0.672682,0.0,-0.739931],
        [-1.73767,0.0,-36.5842]
      ]
    }
  },
  {
    "node": {
      "name": "universal_airfield_fuel_tent_c_snow",
      "tm": [
        [0.790951,0.0,-0.61188],
        [0.0,1.0,0.0],
        [0.61188,0.0,0.790951],
        [-33.0069,0.0,29.9341]
      ]
    }
  },
  {
    "node": {
      "name": "universal_airfield_fuel_tent_c_snow",
      "tm": [
        [-0.465237,0.0,-0.885186],
        [0.0,1.0,0.0],
        [0.885186,0.0,-0.465237],
        [120.598,0.0,-21.8404]
      ]
    }
  },
  {
    "node": {
      "name": "universal_airfield_fuel_box_a_snow",
      "tm": [
        [-0.998723,0.0,0.0505119],
        [0.0,1.0,0.0],
        [-0.0505119,0.0,-0.998723],
        [117.088,0.0,-102.547]
      ]
    }
  }
]