[
  {
    "className": "composit"
  },
  {
    "size": [543.0,272.0]
  },
  {
    "airfield": [
      {
        "start": [250.0,0.0,0.0]
      },
      {
        "end": [-250.0,0.0,0.0]
      },
      {
        "width": 500.0
      },
      {
        "spawn": [-155.0,0.0,21.0]
      },
      {
        "spawn": [-83.0,0.0,24.0]
      },
      {
        "spawn": [57.0,0.0,23.0]
      },
      {
        "spawn": [129.0,0.0,25.0]
      },
      {
        "spawn": [-25.0,0.0,86.0]
      },
      {
        "spawn": [-152.0,0.0,85.0]
      },
      {
        "spawn": [-117.0,0.0,85.0]
      },
      {
        "spawn": [-78.0,0.0,85.0]
      },
      {
        "spawn": [-44.0,0.0,85.0]
      },
      {
        "spawn": [-10.0,0.0,85.0]
      },
      {
        "spawn": [30.0,0.0,85.0]
      },
      {
        "spawn": [73.0,0.0,85.0]
      },
      {
        "spawn": [112.0,0.0,85.0]
      },
      {
        "spawn": [204.0,0.0,56.0]
      },
      {
        "spawn": [204.0,0.0,23.0]
      },
      {
        "spawn": [204.0,0.0,-13.0]
      },
      {
        "repairTags": {
          "type_attack_helicopter": true,
          "type_utility_helicopter": true
        }
      }
    ]
  },
  {
    "storage": {
      "start": [-24.0,0.0,-23.0],
      "end": [-95.0,0.0,-23.0],
      "width": 550.0
    }
  },
  {
    "parking": {
      "start": [-10.0,0.0,-34.0],
      "end": [56.0,0.0,-34.0],
      "width": 550.0
    }
  },
  {
    "dwelling": {
      "start": [-21.0,0.0,11.0],
      "end": [7.0,0.0,12.0],
      "width": 550.0
    }
  },
  {
    "node": {
      "name": "^^dynHelipad_beton_b_mesh",
      "tm": [
        [1.0,0.0,0.0],
        [0.0,1.0,0.0],
        [0.0,0.0,1.0],
        [0.0,0.0,0.0]
      ]
    }
  },
  {
    "node": {
      "name": "+NoTreesBox000",
      "tm": [
        [250.0,0.0,0.0],
        [0.0,15.0,0.0],
        [0.0,0.0,125.0],
        [0.0,0.0,0.0]
      ]
    }
  },
  {
    "node": {
      "name": "universal_airfield_fuel_tent_b",
      "tm": [
        [-0.275638,0.0,-0.961262],
        [0.0,1.0,0.0],
        [0.961262,0.0,-0.275638],
        [-53.1491,-0.479726,-7.18416]
      ]
    }
  },
  {
    "node": {
      "name": "universal_airfield_barrels_group_d",
      "tm": [
        [0.358368,0.0,-0.93358],
        [0.0,1.0,0.0],
        [0.93358,0.0,0.358368],
        [-40.3062,0.0,25.1795]
      ]
    }
  },
  {
    "node": {
      "name": "universal_airfield_tower_a",
      "tm": [
        [0.707107,0.0,0.707107],
        [0.0,1.0,0.0],
        [-0.707107,0.0,0.707107],
        [207.045,0.0,-98.6878]
      ]
    }
  },
  {
    "node": {
      "name": "universal_airfield_table_a",
      "tm": [
        [-0.422619,0.0,-0.906308],
        [0.0,1.0,0.0],
        [0.906308,0.0,-0.422619],
        [-236.661,0.0,-99.4185]
      ]
    }
  },
  {
    "node": {
      "name": "universal_airfield_hangar_b",
      "tm": [
        [1.0,0.0,0.0],
        [0.0,1.0,0.0],
        [0.0,0.0,1.0],
        [185.962,0.0,101.162]
      ]
    }
  },
  {
    "node": {
      "name": "universal_airfield_hangar_b",
      "tm": [
        [1.0,0.0,0.0],
        [0.0,1.0,0.0],
        [0.0,0.0,1.0],
        [223.01,0.0,101.162]
      ]
    }
  },
  {
    "node": {
      "name": "universal_airfield_barrack_d",
      "tm": [
        [1.0,0.0,0.0],
        [0.0,1.0,0.0],
        [0.0,0.0,1.0],
        [249.171,0.0,50.0785]
      ]
    }
  },
  {
    "node": {
      "name": "universal_airfield_tent_a",
      "tm": [
        [0.906308,0.0,0.422618],
        [0.0,1.0,0.0],
        [-0.422618,0.0,0.906308],
        [171.024,0.0,43.8507]
      ]
    }
  },
  {
    "node": {
      "name": "universal_airfield_hangar_c",
      "tm": [
        [1.0,0.0,0.0],
        [0.0,1.0,0.0],
        [0.0,0.0,1.0],
        [28.2921,0.0,-82.9143]
      ]
    }
  },
  {
    "node": {
      "name": "universal_airfield_barrack_c",
      "tm": [
        [-1.0,0.0,0.0],
        [0.0,1.0,0.0],
        [-1.78814e-07,0.0,-1.0],
        [150.449,0.0,-58.3818]
      ]
    }
  },
  {
    "node": {
      "name": "universal_airfield_barrack_e",
      "tm": [
        [-1.19209e-07,0.0,1.0],
        [0.0,1.0,0.0],
        [-1.0,0.0,-2.98023e-08],
        [116.613,0.0,-36.0368]
      ]
    }
  },
  {
    "node": {
      "name": "universal_airfield_tent_h",
      "tm": [
        [-0.422618,0.0,-0.906308],
        [0.0,1.0,0.0],
        [0.906308,0.0,-0.422618],
        [-176.257,-0.430349,-76.0059]
      ]
    }
  },
  {
    "node": {
      "name": "universal_airfield_tent_g",
      "tm": [
        [0.819152,0.0,0.573576],
        [0.0,1.0,0.0],
        [-0.573576,0.0,0.819152],
        [167.424,0.0,-6.06406]
      ]
    }
  },
  {
    "node": {
      "name": "universal_airfield_tent_g",
      "tm": [
        [0.984808,0.0,-0.173648],
        [0.0,1.0,0.0],
        [0.173648,0.0,0.984808],
        [-139.983,0.0,-14.46]
      ]
    }
  },
  {
    "node": {
      "name": "universal_airfield_tent_b",
      "tm": [
        [0.906308,0.0,-0.422618],
        [0.0,1.0,0.0],
        [0.422618,0.0,0.906308],
        [-236.68,-0.188131,-99.423]
      ]
    }
  },
  {
    "node": {
      "name": "universal_airfield_tent_f",
      "tm": [
        [0.5,0.0,-0.866025],
        [0.0,1.0,0.0],
        [0.866025,0.0,0.5],
        [-231.842,0.0,-112.977]
      ]
    }
  },
  {
    "node": {
      "name": "universal_airfield_barrack_b",
      "tm": [
        [-1.0,0.0,0.0],
        [0.0,1.0,0.0],
        [-1.78814e-07,0.0,-1.0],
        [92.7086,0.0,-71.7253]
      ]
    }
  },
  {
    "node": {
      "name": "universal_airfield_tower_a",
      "tm": [
        [0.0871559,0.0,-0.996195],
        [0.0,1.0,0.0],
        [0.996195,0.0,0.0871561],
        [-236.165,0.0,24.5793]
      ]
    }
  },
  {
    "node": {
      "name": "universal_airfield_tent_c",
      "tm": [
        [-0.906308,0.0,0.422618],
        [0.0,1.0,0.0],
        [-0.422618,0.0,-0.906308],
        [168.216,0.0,14.7611]
      ]
    }
  },
  {
    "node": {
      "name": "universal_airfield_tent_d",
      "tm": [
        [0.258819,0.0,0.965926],
        [0.0,1.0,0.0],
        [-0.965926,0.0,0.258819],
        [-177.86,0.0,-116.531]
      ]
    }
  },
  {
    "node": {
      "name": "universal_airfield_tent_d",
      "tm": [
        [-0.819152,0.0,-0.573576],
        [0.0,1.0,0.0],
        [0.573576,0.0,-0.819152],
        [-189.311,0.0,-122.393]
      ]
    }
  },
  {
    "node": {
      "name": "universal_airfield_tent_d",
      "tm": [
        [-0.173648,0.0,-0.984808],
        [0.0,1.0,0.0],
        [0.984808,0.0,-0.173648],
        [-210.54,0.0,-97.0888]
      ]
    }
  },
  {
    "node": {
      "name": "universal_airfield_tent_e",
      "tm": [
        [-0.573576,0.0,-0.819152],
        [0.0,1.0,0.0],
        [0.819152,0.0,-0.573576],
        [-214.198,0.0,-115.963]
      ]
    }
  },
  {
    "node": {
      "name": "universal_airfield_tent_f",
      "tm": [
        [-0.0871556,0.0,-0.996195],
        [0.0,1.0,0.0],
        [0.996195,0.0,-0.0871556],
        [-220.264,0.0,-107.518]
      ]
    }
  },
  {
    "node": {
      "name": "universal_airfield_tent_i",
      "tm": [
        [-0.0871556,0.0,-0.996195],
        [0.0,1.0,0.0],
        [0.996195,0.0,-0.0871556],
        [-210.361,-0.359314,-105.375]
      ]
    }
  },
  {
    "node": {
      "name": "universal_airfield_tent_d",
      "tm": [
        [0.984808,0.0,0.173648],
        [0.0,1.0,0.0],
        [-0.173648,0.0,0.984808],
        [-202.693,0.0,-117.059]
      ]
    }
  },
  {
    "node": {
      "name": "universal_airfield_tent_e",
      "tm": [
        [0.0871558,0.0,-0.996194],
        [0.0,1.0,0.0],
        [0.996194,0.0,0.0871558],
        [-199.343,0.0,-104.342]
      ]
    }
  },
  {
    "node": {
      "name": "universal_airfield_tent_b",
      "tm": [
        [1.0,0.0,0.0],
        [0.0,1.0,0.0],
        [0.0,0.0,1.0],
        [-188.992,-0.188131,-110.345]
      ]
    }
  },
  {
    "node": {
      "name": "universal_airfield_tent_f",
      "tm": [
        [-0.258819,0.0,0.965926],
        [0.0,1.0,0.0],
        [-0.965926,0.0,-0.258819],
        [-203.939,0.0,-59.5118]
      ]
    }
  },
  {
    "node": {
      "name": "universal_airfield_tent_d",
      "tm": [
        [0.984807,0.0,0.17365],
        [0.0,1.0,0.0],
        [-0.173649,0.0,0.984808],
        [-214.305,0.0,-57.1838]
      ]
    }
  },
  {
    "node": {
      "name": "universal_airfield_tent_e",
      "tm": [
        [0.5,7.10543e-15,0.866025],
        [0.0,1.0,-1.42109e-14],
        [-0.866025,-7.10543e-15,0.5],
        [-205.365,0.0,-70.3956]
      ]
    }
  },
  {
    "node": {
      "name": "universal_airfield_tent_f",
      "tm": [
        [-0.996195,0.0,0.0871555],
        [0.0,1.0,0.0],
        [-0.0871557,0.0,-0.996195],
        [-224.021,0.0,-63.8109]
      ]
    }
  },
  {
    "node": {
      "name": "universal_airfield_tent_h",
      "tm": [
        [0.173648,0.0,-0.984808],
        [0.0,1.0,0.0],
        [0.984808,0.0,0.173648],
        [-233.27,-0.430349,-58.6297]
      ]
    }
  },
  {
    "node": {
      "name": "universal_airfield_tent_i",
      "tm": [
        [0.965926,0.0,0.258819],
        [0.0,1.0,0.0],
        [-0.258819,0.0,0.965926],
        [-196.839,-0.359314,-74.4265]
      ]
    }
  },
  {
    "node": {
      "name": "universal_airfield_tent_e",
      "tm": [
        [-0.939692,0.0,0.34202],
        [0.0,1.0,0.0],
        [-0.34202,0.0,-0.939693],
        [-228.627,0.0,-74.0045]
      ]
    }
  },
  {
    "node": {
      "name": "universal_airfield_tent_b",
      "tm": [
        [0.766044,0.0,-0.642788],
        [0.0,1.0,0.0],
        [0.642788,0.0,0.766044],
        [-242.987,-0.188131,-72.2974]
      ]
    }
  },
  {
    "node": {
      "name": "universal_airfield_tent_d",
      "tm": [
        [-0.906308,0.0,-0.422619],
        [1.77636e-15,1.0,-7.10543e-15],
        [0.422619,7.10543e-15,-0.906308],
        [-194.755,0.0,-64.556]
      ]
    }
  },
  {
    "node": {
      "name": "universal_airfield_tent_f",
      "tm": [
        [0.984808,0.0,0.173648],
        [0.0,1.0,0.0],
        [-0.173648,0.0,0.984808],
        [-166.614,0.0,-82.2455]
      ]
    }
  },
  {
    "node": {
      "name": "universal_airfield_tent_e",
      "tm": [
        [-0.34202,0.0,-0.939692],
        [0.0,1.0,0.0],
        [0.939693,0.0,-0.34202],
        [-186.633,0.0,-74.3716]
      ]
    }
  },
  {
    "node": {
      "name": "universal_airfield_fuel_box_a",
      "tm": [
        [1.0,0.0,1.86265e-08],
        [0.0,1.0,0.0],
        [-1.86265e-08,0.0,1.0],
        [-56.7983,0.0,37.4994]
      ]
    }
  },
  {
    "node": {
      "name": "universal_airfield_fuel_box_b",
      "tm": [
        [0.965926,0.0,-0.258819],
        [0.0,1.0,0.0],
        [0.258819,0.0,0.965926],
        [-34.4381,0.0,34.7741]
      ]
    }
  },
  {
    "node": {
      "name": "universal_airfield_fuel_box_d",
      "tm": [
        [1.06725,0.0,0.0231219],
        [0.0,1.0,0.0],
        [-0.0202902,0.0,0.936548],
        [-45.666,0.0,40.7057]
      ]
    }
  },
  {
    "node": {
      "name": "universal_airfield_fuel_tent_c",
      "tm": [
        [-0.903409,0.0,-0.39751],
        [0.0,1.0,0.0],
        [0.408054,0.0,-0.927371],
        [-39.9955,-0.12207,-5.89985]
      ]
    }
  },
  {
    "node": {
      "name": "universal_airfield_barrels_group_b",
      "tm": [
        [-0.854379,0.0,0.353629],
        [0.0,1.0,0.0],
        [-0.413594,0.0,-0.999254],
        [-56.2998,0.0,26.0339]
      ]
    }
  },
  {
    "node": {
      "name": "universal_airfield_tent_c",
      "tm": [
        [0.996195,7.10543e-15,-0.0871558],
        [-2.13163e-14,1.0,-3.55271e-15],
        [0.0871558,-7.10543e-15,0.996195],
        [-233.357,0.0,-84.7426]
      ]
    }
  },
  {
    "node": {
      "name": "universal_airfield_tent_e",
      "tm": [
        [0.866026,0.0,0.5],
        [-3.55271e-15,1.0,2.66454e-15],
        [-0.5,4.44089e-15,0.866025],
        [-223.454,0.0,-96.4148]
      ]
    }
  },
  {
    "node": {
      "name": "universal_airfield_fuel_tank_a",
      "tm": [
        [-0.939692,0.0,-0.34202],
        [0.0,1.0,0.0],
        [0.342021,8.88178e-16,-0.939693],
        [-38.4661,0.0,12.039]
      ]
    }
  },
  {
    "node": {
      "name": "universal_airfield_fuel_tank_a",
      "tm": [
        [0.965926,0.0,-0.258819],
        [0.0,1.0,0.0],
        [0.258819,0.0,0.965926],
        [-56.4382,0.0,7.2017]
      ]
    }
  },
  {
    "node": {
      "name": "universal_airfield_fuel_tank_a",
      "tm": [
        [0.499999,0.0,-0.866025],
        [0.0,1.0,0.0],
        [0.866026,0.0,0.5],
        [-55.3929,0.0,14.5635]
      ]
    }
  },
  {
    "node": {
      "name": "universal_airfield_hangar_d",
      "tm": [
        [-1.19209e-07,0.0,1.0],
        [0.0,1.0,0.0],
        [-1.0,0.0,-2.98023e-08],
        [-115.37,0.0,-11.1049]
      ]
    }
  },
  {
    "node": {
      "name": "universal_airfield_barrack_c",
      "tm": [
        [-1.19209e-07,0.0,1.0],
        [0.0,1.0,0.0],
        [-1.0,0.0,-2.98023e-08],
        [83.1962,0.0,-41.011]
      ]
    }
  },
  {
    "node": {
      "name": "studebaker_us6_u1",
      "tm": [
        [1.0,0.0,5.96047e-07],
        [0.0,1.0,0.0],
        [-5.96046e-07,0.0,1.0],
        [223.498,0.0,29.988]
      ]
    }
  },
  {
    "node": {
      "name": "us_general_m35",
      "tm": [
        [1.0,0.0,5.96047e-07],
        [0.0,1.0,0.0],
        [-5.96046e-07,0.0,1.0],
        [222.802,0.0,34.4242]
      ]
    }
  },
  {
    "node": {
      "name": "us_general_m35",
      "tm": [
        [1.0,0.0,2.18557e-07],
        [0.0,1.0,0.0],
        [-2.18557e-07,0.0,1.0],
        [133.472,0.0,-56.6853]
      ]
    }
  },
  {
    "node": {
      "name": "dodge_m37_b1",
      "tm": [
        [1.0,0.0,-4.76837e-07],
        [0.0,1.0,0.0],
        [4.76837e-07,0.0,1.0],
        [222.202,0.0,25.373]
      ]
    }
  },
  {
    "node": {
      "name": "studebaker_us6_u1",
      "tm": [
        [-0.819153,0.0,0.573576],
        [0.0,1.0,0.0],
        [-0.573576,0.0,-0.819152],
        [-162.251,0.0,-91.4516]
      ]
    }
  },
  {
    "node": {
      "name": "us_general_m35",
      "tm": [
        [1.0,0.0,-4.76837e-07],
        [0.0,1.0,0.0],
        [4.76837e-07,0.0,1.0],
        [-133.848,0.0,-0.762955]
      ]
    }
  },
  {
    "node": {
      "name": "mercedess_oil_truck",
      "tm": [
        [-0.866025,0.0,0.5],
        [0.0,1.0,0.0],
        [-0.500001,0.0,-0.866025],
        [-32.735,0.0,3.20634]
      ]
    }
  },
  {
    "node": {
      "name": "dodge_m37_b1",
      "tm": [
        [0.939693,0.0,-0.34202],
        [0.0,1.0,0.0],
        [0.342019,0.0,0.939692],
        [-29.8942,0.0,43.0229]
      ]
    }
  },
  {
    "node": {
      "name": "universal_airfield_hangar_c",
      "tm": [
        [-0.819152,0.0,-0.573576],
        [0.0,1.0,0.0],
        [0.573576,0.0,-0.819152],
        [225.149,0.0,-42.8821]
      ]
    }
  },
  {
    "node": {
      "name": "universal_airfield_tent_d",
      "tm": [
        [-0.965926,0.0,-0.258819],
        [0.0,1.0,0.0],
        [0.258819,0.0,-0.965926],
        [-216.097,0.0,-71.9235]
      ]
    }
  },
  {
    "node": {
      "name": "universal_airfield_barrels_group_c",
      "tm": [
        [0.809017,0.0,-0.587785],
        [0.0,1.0,0.0],
        [0.587785,0.0,0.809017],
        [-49.5812,0.0,28.7589]
      ]
    }
  },
  {
    "node": {
      "name": "universal_airfield_fuel_tent_b",
      "tm": [
        [-0.275638,0.0,-0.961262],
        [0.0,1.0,0.0],
        [0.961262,0.0,-0.275638],
        [-53.1491,0.0,-7.18416]
      ]
    }
  }
]