[
  {
    "className": "composit"
  },
  {
    "size": [272.0,272.0]
  },
  {
    "airfield": [
      {
        "start": [125.0,0.0,0.0]
      },
      {
        "end": [-125.0,0.0,0.0]
      },
      {
        "width": 250.0
      },
      {
        "spawn": [43.0,0.0,65.0]
      },
      {
        "spawn": [-45.0,0.0,-63.0]
      },
      {
        "spawn": [84.0,0.0,-65.0]
      },
      {
        "spawn": [-41.0,0.0,-2.0]
      },
      {
        "spawn": [0.0,0.0,-2.0]
      },
      {
        "spawn": [42.0,0.0,-2.0]
      },
      {
        "spawn": [78.0,0.0,-4.0]
      },
      {
        "spawn": [0.0,0.0,34.0]
      },
      {
        "spawn": [-1.0,0.0,-37.0]
      },
      {
        "spawn": [46.0,0.0,-38.0]
      },
      {
        "spawn": [81.0,0.0,50.0]
      },
      {
        "spawn": [3.0,0.0,81.0]
      },
      {
        "spawn": [-95.0,0.0,2.0]
      },
      {
        "spawn": [-75.0,0.0,-37.0]
      },
      {
        "spawn": [-46.0,0.0,-105.0]
      },
      {
        "spawn": [42.0,0.0,-101.0]
      },
      {
        "repairTags": {
          "type_attack_helicopter": true,
          "type_utility_helicopter": true
        }
      }
    ]
  },
  {
    "storage": {
      "start": [-24.0,0.0,-23.0],
      "end": [-95.0,0.0,-23.0],
      "width": 250.0
    }
  },
  {
    "parking": {
      "start": [-10.0,0.0,-34.0],
      "end": [56.0,0.0,-34.0],
      "width": 250.0
    }
  },
  {
    "dwelling": {
      "start": [-21.0,0.0,11.0],
      "end": [7.0,0.0,12.0],
      "width": 250.0
    }
  },
  {
    "node": {
      "name": "^^dynHelipad_mud_a_mesh",
      "tm": [
        [1.0,0.0,0.0],
        [0.0,1.0,0.0],
        [0.0,0.0,1.0],
        [0.0,0.0,0.0]
      ]
    }
  },
  {
    "node": {
      "name": "+NoTreesBox000",
      "tm": [
        [140.0,0.0,0.0],
        [0.0,15.0,0.0],
        [0.0,0.0,140.0],
        [0.0,0.0,0.0]
      ]
    }
  },
  {
    "node": {
      "name": "universal_airfield_hangar_a",
      "tm": [
        [1.0,0.0,0.0],
        [0.0,1.0,0.0],
        [0.0,0.0,1.0],
        [-49.2249,0.0,76.1102]
      ]
    }
  },
  {
    "node": {
      "name": "universal_airfield_fuel_tank_c",
      "tm": [
        [0.707107,0.0,-0.707107],
        [0.0,1.0,0.0],
        [0.707107,0.0,0.707107],
        [-116.425,0.0,56.1159]
      ]
    }
  },
  {
    "node": {
      "name": "universal_airfield_table_a",
      "tm": [
        [-1.0,0.0,8.74228e-08],
        [0.0,1.0,0.0],
        [-8.74228e-08,0.0,-1.0],
        [-106.214,0.0,38.1562]
      ]
    }
  },
  {
    "node": {
      "name": "universal_airfield_barrack_d",
      "tm": [
        [1.0,0.0,0.0],
        [0.0,1.0,0.0],
        [0.0,0.0,1.0],
        [-96.1161,0.0,42.9597]
      ]
    }
  },
  {
    "node": {
      "name": "universal_airfield_fuel_tank_a",
      "tm": [
        [0.707107,0.0,-0.707107],
        [0.0,1.0,0.0],
        [0.707107,0.0,0.707107],
        [80.3684,0.0,16.6921]
      ]
    }
  },
  {
    "node": {
      "name": "universal_airfield_fuel_box_e",
      "tm": [
        [7.54979e-08,0.0,1.0],
        [0.0,1.0,0.0],
        [-1.0,0.0,7.54979e-08],
        [-121.929,0.0,-79.6351]
      ]
    }
  },
  {
    "node": {
      "name": "universal_airfield_fuel_box_b",
      "tm": [
        [1.0,0.0,0.0],
        [0.0,1.0,0.0],
        [0.0,0.0,1.0],
        [-117.759,0.0,-68.0209]
      ]
    }
  },
  {
    "node": {
      "name": "universal_airfield_tower_a",
      "tm": [
        [-4.37114e-08,0.0,-1.0],
        [0.0,1.0,0.0],
        [1.0,0.0,-4.37114e-08],
        [-126.374,0.0,56.4278]
      ]
    }
  },
  {
    "node": {
      "name": "universal_airfield_fuel_box_b",
      "tm": [
        [0.639309,0.0,-0.76895],
        [0.0,1.0,0.0],
        [0.76895,0.0,0.639309],
        [99.5542,0.0,-44.814]
      ]
    }
  },
  {
    "node": {
      "name": "universal_airfield_tent_h",
      "tm": [
        [-0.707107,0.0,-0.707107],
        [0.0,1.0,0.0],
        [0.707107,0.0,-0.707107],
        [90.828,0.0,15.9224]
      ]
    }
  },
  {
    "node": {
      "name": "universal_airfield_fuel_box_e",
      "tm": [
        [0.707107,0.0,-0.707107],
        [0.0,1.0,0.0],
        [0.707107,0.0,0.707107],
        [109.72,0.0,118.155]
      ]
    }
  },
  {
    "node": {
      "name": "universal_airfield_fuel_box_d",
      "tm": [
        [-4.37114e-08,0.0,-1.0],
        [0.0,1.0,0.0],
        [1.0,0.0,-4.37114e-08],
        [117.313,0.0,112.372]
      ]
    }
  },
  {
    "node": {
      "name": "universal_airfield_fuel_box_e",
      "tm": [
        [-0.707107,0.0,-0.707107],
        [0.0,1.0,0.0],
        [0.707107,0.0,-0.707107],
        [111.168,0.0,104.126]
      ]
    }
  },
  {
    "node": {
      "name": "universal_airfield_fuel_tank_b",
      "tm": [
        [-4.37114e-08,0.0,1.0],
        [0.0,1.0,0.0],
        [-1.0,0.0,-4.37114e-08],
        [92.6309,0.0,94.1421]
      ]
    }
  },
  {
    "node": {
      "name": "universal_airfield_fuel_box_e",
      "tm": [
        [-0.707107,0.0,-0.707107],
        [0.0,1.0,0.0],
        [0.707107,0.0,-0.707107],
        [18.4568,0.0,-86.9797]
      ]
    }
  },
  {
    "node": {
      "name": "universal_airfield_tent_b",
      "tm": [
        [0.944485,0.0,0.328553],
        [0.0,1.0,0.0],
        [-0.328553,0.0,0.944485],
        [-123.94,0.0,39.9268]
      ]
    }
  },
  {
    "node": {
      "name": "universal_airfield_tent_h",
      "tm": [
        [0.412496,0.0,0.910959],
        [0.0,1.0,0.0],
        [-0.910959,0.0,0.412496],
        [-115.773,0.0,-101.468]
      ]
    }
  },
  {
    "node": {
      "name": "universal_airfield_fuel_tent_a",
      "tm": [
        [-0.241922,0.0,0.970296],
        [0.0,1.0,0.0],
        [-0.970296,0.0,-0.241922],
        [103.795,0.0,11.4777]
      ]
    }
  },
  {
    "node": {
      "name": "universal_airfield_fuel_tent_a",
      "tm": [
        [0.241922,0.0,-0.970296],
        [0.0,1.0,0.0],
        [0.970296,0.0,0.241922],
        [-122.01,0.0,27.9065]
      ]
    }
  },
  {
    "node": {
      "name": "universal_airfield_fuel_tent_c",
      "tm": [
        [-0.559194,0.0,-0.829037],
        [0.0,1.0,0.0],
        [0.829037,0.0,-0.559194],
        [106.672,0.0,-0.816536]
      ]
    }
  },
  {
    "node": {
      "name": "universal_airfield_sandbags_a",
      "tm": [
        [-0.308782,0.0,0.951133],
        [0.0,1.0,0.0],
        [-0.951133,0.0,-0.308782],
        [-59.3685,0.0,14.7876]
      ]
    }
  },
  {
    "node": {
      "name": "universal_airfield_sandbags_b",
      "tm": [
        [-1.0,0.0,1.50996e-07],
        [0.0,1.0,0.0],
        [-1.50996e-07,0.0,-1.0],
        [-56.2283,0.0,19.789]
      ]
    }
  },
  {
    "node": {
      "name": "universal_airfield_shed_a",
      "tm": [
        [6.63608e-07,0.0,1.0],
        [0.0,1.0,0.0],
        [-1.0,0.0,6.63608e-07],
        [-63.4866,0.0,19.6357]
      ]
    }
  },
  {
    "node": {
      "name": "universal_airfield_sandbags_a",
      "tm": [
        [0.345483,0.0,0.938425],
        [0.0,1.0,0.0],
        [-0.938425,0.0,0.345483],
        [-60.1733,0.0,24.7583]
      ]
    }
  }
]