[
  {
    "className": "composit"
  },
  {
    "size": [272.0,272.0]
  },
  {
    "airfield": [
      {
        "start": [250.0,0.0,0.0]
      },
      {
        "end": [-250.0,0.0,0.0]
      },
      {
        "width": 500.0
      },
      {
        "spawn": [-235.0,0.0,0.0]
      },
      {
        "spawn": [-82.0,0.0,87.0]
      },
      {
        "spawn": [-80.0,0.0,-85.0]
      },
      {
        "spawn": [-187.0,0.0,19.0]
      },
      {
        "spawn": [-145.0,0.0,19.0]
      },
      {
        "spawn": [186.0,0.0,-21.0]
      },
      {
        "spawn": [-147.0,0.0,-21.0]
      },
      {
        "spawn": [-101.0,0.0,21.0]
      },
      {
        "spawn": [-38.0,0.0,21.0]
      },
      {
        "spawn": [-103.0,0.0,-22.0]
      },
      {
        "spawn": [-45.0,0.0,-21.0]
      },
      {
        "spawn": [-12.0,0.0,-0.0]
      },
      {
        "spawn": [40.0,0.0,2.0]
      },
      {
        "spawn": [-187.0,0.0,-71.0]
      },
      {
        "spawn": [-188.0,0.0,69.0]
      },
      {
        "spawn": [15.0,0.0,64.0]
      },
      {
        "repairTags": {
          "type_attack_helicopter": true,
          "type_utility_helicopter": true
        }
      }
    ]
  },
  {
    "storage": {
      "start": [-24.0,0.0,-23.0],
      "end": [-95.0,0.0,-23.0],
      "width": 250.0
    }
  },
  {
    "parking": {
      "start": [-10.0,0.0,-34.0],
      "end": [56.0,0.0,-34.0],
      "width": 250.0
    }
  },
  {
    "dwelling": {
      "start": [-21.0,0.0,11.0],
      "end": [7.0,0.0,12.0],
      "width": 250.0
    }
  },
  {
    "node": {
      "name": "^^dynHelipad_concrete_snow_c_mesh",
      "tm": [
        [1.0,0.0,0.0],
        [0.0,1.0,0.0],
        [0.0,0.0,1.0],
        [0.0,0.0,0.0]
      ]
    }
  },
  {
    "node": {
      "name": "+NoTreesBox000",
      "tm": [
        [275.0,0.0,0.0],
        [0.0,15.0,0.0],
        [0.0,0.0,140.0],
        [0.0,0.0,0.0]
      ]
    }
  },
  {
    "node": {
      "name": "universal_airfield_hangar_a_snow",
      "tm": [
        [1.19249e-08,0.0,1.0],
        [0.0,1.0,0.0],
        [-1.0,0.0,1.19249e-08],
        [234.261,0.0,83.7399]
      ]
    }
  },
  {
    "node": {
      "name": "universal_airfield_tower_b_snow",
      "tm": [
        [1.94707e-07,0.0,-1.0],
        [0.0,1.0,0.0],
        [1.0,0.0,1.94707e-07],
        [55.2935,0.0,-81.0318]
      ]
    }
  },
  {
    "node": {
      "name": "universal_airfield_hangar_d_snow",
      "tm": [
        [-1.0,0.0,1.50996e-07],
        [0.0,1.0,0.0],
        [-1.50996e-07,0.0,-1.0],
        [98.6066,0.0,-96.7791]
      ]
    }
  },
  {
    "node": {
      "name": "universal_airfield_tower_a_snow",
      "tm": [
        [1.0,0.0,0.0],
        [0.0,1.0,0.0],
        [0.0,0.0,1.0],
        [143.883,0.0,106.651]
      ]
    }
  },
  {
    "node": {
      "name": "universal_airfield_hangar_b_snow",
      "tm": [
        [1.0,0.0,3.01992e-07],
        [0.0,1.0,0.0],
        [-3.01992e-07,0.0,1.0],
        [74.2542,0.0,68.8519]
      ]
    }
  },
  {
    "node": {
      "name": "universal_airfield_tent_h_snow",
      "tm": [
        [0.5,0.0,-0.866025],
        [0.0,1.0,0.0],
        [0.866025,0.0,0.5],
        [-197.328,0.0,127.81]
      ]
    }
  },
  {
    "node": {
      "name": "universal_airfield_tent_a_snow",
      "tm": [
        [1.0,0.0,0.0],
        [0.0,1.0,0.0],
        [0.0,0.0,1.0],
        [22.1659,0.0,-95.7289]
      ]
    }
  },
  {
    "node": {
      "name": "universal_airfield_tent_c_snow",
      "tm": [
        [1.0,0.0,0.0],
        [0.0,1.0,0.0],
        [0.0,0.0,1.0],
        [3.55704,0.0,-55.8962]
      ]
    }
  },
  {
    "node": {
      "name": "universal_airfield_fuel_box_a_snow",
      "tm": [
        [0.965926,0.0,-0.258819],
        [0.0,1.0,0.0],
        [0.258819,0.0,0.965926],
        [-43.822,0.0,80.7216]
      ]
    }
  },
  {
    "node": {
      "name": "universal_airfield_fuel_box_e_snow",
      "tm": [
        [1.0,0.0,0.0],
        [0.0,1.0,0.0],
        [0.0,0.0,1.0],
        [250.612,0.0,12.0878]
      ]
    }
  },
  {
    "node": {
      "name": "universal_airfield_fuel_tent_c_snow",
      "tm": [
        [-0.978148,0.0,-0.207912],
        [0.0,1.0,0.0],
        [0.207912,0.0,-0.978148],
        [-196.685,0.0,-51.3681]
      ]
    }
  },
  {
    "node": {
      "name": "universal_airfield_fuel_tent_c_snow",
      "tm": [
        [0.857168,0.0,-0.515038],
        [0.0,1.0,0.0],
        [0.515038,0.0,0.857168],
        [122.897,0.0,-100.622]
      ]
    }
  },
  {
    "node": {
      "name": "universal_airfield_fuel_tank_c",
      "tm": [
        [-4.37114e-08,0.0,1.0],
        [0.0,1.0,0.0],
        [-1.0,0.0,-4.37114e-08],
        [-186.521,0.0,-56.1075]
      ]
    }
  },
  {
    "node": {
      "name": "universal_airfield_fuel_tank_c",
      "tm": [
        [0.906308,0.0,-0.422618],
        [0.0,1.0,0.0],
        [0.422618,0.0,0.906308],
        [56.3772,0.0,47.4414]
      ]
    }
  },
  {
    "node": {
      "name": "universal_airfield_hangar_a_snow",
      "tm": [
        [1.19249e-08,0.0,1.0],
        [0.0,1.0,0.0],
        [-1.0,0.0,1.19249e-08],
        [234.261,0.0,34.5528]
      ]
    }
  },
  {
    "node": {
      "name": "universal_airfield_fuel_box_a_snow",
      "tm": [
        [-0.819152,0.0,0.573576],
        [0.0,1.0,0.0],
        [-0.573576,0.0,-0.819152],
        [-140.137,0.0,78.5689]
      ]
    }
  },
  {
    "node": {
      "name": "universal_airfield_fuel_tank_c",
      "tm": [
        [0.422618,0.0,-0.906308],
        [0.0,1.0,0.0],
        [0.906308,0.0,0.422618],
        [-201.173,0.0,120.908]
      ]
    }
  },
  {
    "node": {
      "name": "universal_airfield_fuel_box_e_snow",
      "tm": [
        [-0.984808,0.0,-0.173648],
        [0.0,1.0,0.0],
        [0.173648,0.0,-0.984808],
        [-29.721,0.0,-71.5457]
      ]
    }
  },
  {
    "node": {
      "name": "universal_airfield_tower_c_snow",
      "tm": [
        [1.0,0.0,0.0],
        [0.0,1.0,0.0],
        [0.0,0.0,1.0],
        [151.29,0.0,-40.8693]
      ]
    }
  },
  {
    "node": {
      "name": "universal_airfield_barrack_a_snow",
      "tm": [
        [-4.37114e-08,0.0,1.0],
        [0.0,1.0,0.0],
        [-1.0,0.0,-4.37114e-08],
        [249.166,0.0,-74.1231]
      ]
    }
  },
  {
    "node": {
      "name": "universal_airfield_barrels_group_a_snow",
      "tm": [
        [0.913545,0.0,0.406737],
        [0.0,1.0,0.0],
        [-0.406737,0.0,0.913545],
        [205.707,0.0,58.3549]
      ]
    }
  },
  {
    "node": {
      "name": "universal_airfield_barrack_b_snow",
      "tm": [
        [-1.0,0.0,-8.74228e-08],
        [0.0,1.0,0.0],
        [8.74228e-08,0.0,-1.0],
        [258.441,0.0,-29.3561]
      ]
    }
  },
  {
    "node": {
      "name": "universal_airfield_shed_a_snow",
      "tm": [
        [-0.996195,0.0,-0.0871556],
        [0.0,1.0,0.0],
        [0.0871556,0.0,-0.996195],
        [147.536,0.0,-102.488]
      ]
    }
  },
  {
    "node": {
      "name": "universal_airfield_tent_b_snow",
      "tm": [
        [0.5,0.0,-0.866026],
        [0.0,1.0,0.0],
        [0.866026,0.0,0.5],
        [-165.141,0.0,-87.1513]
      ]
    }
  },
  {
    "node": {
      "name": "universal_airfield_barrack_f_snow",
      "tm": [
        [1.0,0.0,-2.38419e-07],
        [0.0,1.0,0.0],
        [2.38419e-07,0.0,1.0],
        [-14.1732,0.0,38.2207]
      ]
    }
  },
  {
    "node": {
      "name": "universal_airfield_tent_c_snow",
      "tm": [
        [0.984808,0.0,0.173648],
        [0.0,1.0,0.0],
        [-0.173648,0.0,0.984808],
        [36.1052,0.0,-60.631]
      ]
    }
  },
  {
    "node": {
      "name": "universal_airfield_barrack_a_snow",
      "tm": [
        [-4.37114e-08,0.0,1.0],
        [0.0,1.0,0.0],
        [-1.0,0.0,-4.37114e-08],
        [210.554,0.0,-99.6247]
      ]
    }
  },
  {
    "node": {
      "name": "universal_airfield_tent_a_snow",
      "tm": [
        [1.0,0.0,0.0],
        [0.0,1.0,0.0],
        [0.0,0.0,1.0],
        [188.726,0.0,-34.9128]
      ]
    }
  },
  {
    "node": {
      "name": "universal_airfield_fuel_tank_c",
      "tm": [
        [0.422618,0.0,-0.906308],
        [0.0,1.0,0.0],
        [0.906308,0.0,0.422618],
        [118.03,0.0,-43.0933]
      ]
    }
  },
  {
    "node": {
      "name": "universal_airfield_shed_a_snow",
      "tm": [
        [-0.422618,0.0,0.906308],
        [0.0,1.0,0.0],
        [-0.906308,0.0,-0.422618],
        [-5.26221,0.0,-77.6967]
      ]
    }
  },
  {
    "node": {
      "name": "universal_airfield_shed_a_snow",
      "tm": [
        [-0.422618,0.0,0.906308],
        [0.0,1.0,0.0],
        [-0.906308,0.0,-0.422618],
        [-251.78,0.0,-116.888]
      ]
    }
  },
  {
    "node": {
      "name": "universal_airfield_barrack_f_snow",
      "tm": [
        [0.642788,0.0,0.766044],
        [0.0,1.0,0.0],
        [-0.766044,0.0,0.642788],
        [-0.961926,0.0,123.987]
      ]
    }
  }
]