{
  "className": "composit",
  "size": [
    272.0,
    272.0
  ],
  "airfield": {
    "start": [
      125.0,
      0.0,
      0.0
    ],
    "end": [
      -125.0,
      0.0,
      0.0
    ],
    "width": 250.0,
    "spawn": [
      [
        43.0,
        0.0,
        65.0
      ],
      [
        -45.0,
        0.0,
        -63.0
      ],
      [
        -43.0,
        0.0,
        66.0
      ],
      [
        54.0,
        0.0,
        -4.0
      ],
      [
        -44.0,
        0.0,
        12.0
      ],
      [
        0.0,
        0.0,
        3.0
      ],
      [
        -87.0,
        0.0,
        46.0
      ],
      [
        3.0,
        0.0,
        39.0
      ],
      [
        58.0,
        0.0,
        118.0
      ],
      [
        8.0,
        0.0,
        -43.0
      ],
      [
        107.0,
        0.0,
        54.0
      ],
      [
        3.0,
        0.0,
        87.0
      ],
      [
        -51.0,
        0.0,
        116.0
      ],
      [
        -102.0,
        0.0,
        -49.0
      ],
      [
        -10.0,
        0.0,
        -105.0
      ],
      [
        -124.0,
        0.0,
        70.0
      ]
    ],
    "repairTags": {
      "type_attack_helicopter": true,
      "type_utility_helicopter": true,
      "vtol_jet": true
    }
  },
  "storage": {
    "start": [
      -24.0,
      0.0,
      -23.0
    ],
    "end": [
      -95.0,
      0.0,
      -23.0
    ],
    "width": 250.0
  },
  "parking": {
    "start": [
      -10.0,
      0.0,
      -34.0
    ],
    "end": [
      56.0,
      0.0,
      -34.0
    ],
    "width": 250.0
  },
  "dwelling": {
    "start": [
      -21.0,
      0.0,
      11.0
    ],
    "end": [
      7.0,
      0.0,
      12.0
    ],
    "width": 250.0
  },
  "node": [
    {
      "name": "^^dynHelipad_snow_b_mesh",
      "tm": [
        [
          1.0,
          0.0,
          0.0
        ],
        [
          0.0,
          1.0,
          0.0
        ],
        [
          0.0,
          0.0,
          1.0
        ],
        [
          0.0,
          0.0,
          0.0
        ]
      ]
    },
    {
      "name": "+NoTreesBox000",
      "tm": [
        [
          140.0,
          0.0,
          0.0
        ],
        [
          0.0,
          15.0,
          0.0
        ],
        [
          0.0,
          0.0,
          140.0
        ],
        [
          0.0,
          0.0,
          0.0
        ]
      ]
    },
    {
      "name": "universal_airfield_table_a_snow",
      "tm": [
        [
          -1.0,
          0.0,
          8.74228e-8
        ],
        [
          0.0,
          1.0,
          0.0
        ],
        [
          -8.74228e-8,
          0.0,
          -1.0
        ],
        [
          112.831,
          0.0,
          -53.3962
        ]
      ]
    },
    {
      "name": "universal_airfield_sandbags_a_snow",
      "tm": [
        [
          -0.707107,
          0.0,
          -0.707107
        ],
        [
          0.0,
          1.0,
          0.0
        ],
        [
          0.707107,
          0.0,
          -0.707107
        ],
        [
          76.6987,
          0.0,
          -34.6299
        ]
      ]
    },
    {
      "name": "universal_airfield_sandbags_a_snow",
      "tm": [
        [
          0.707107,
          0.0,
          0.707107
        ],
        [
          0.0,
          1.0,
          0.0
        ],
        [
          -0.707107,
          0.0,
          0.707107
        ],
        [
          79.4168,
          0.0,
          -37.4218
        ]
      ]
    },
    {
      "name": "universal_airfield_fuel_box_b_snow",
      "tm": [
        [
          -0.76895,
          0.0,
          -0.639309
        ],
        [
          0.0,
          1.0,
          0.0
        ],
        [
          0.639309,
          0.0,
          -0.76895
        ],
        [
          127.58,
          0.0,
          -65.8203
        ]
      ]
    },
    {
      "name": "universal_airfield_tent_h_snow",
      "tm": [
        [
          -0.707107,
          0.0,
          0.707107
        ],
        [
          0.0,
          1.0,
          0.0
        ],
        [
          -0.707107,
          0.0,
          -0.707107
        ],
        [
          100.518,
          0.0,
          -13.7081
        ]
      ]
    },
    {
      "name": "universal_airfield_barrack_c_snow",
      "tm": [
        [
          1.0,
          0.0,
          1.74846e-7
        ],
        [
          0.0,
          1.0,
          0.0
        ],
        [
          -1.74846e-7,
          0.0,
          1.0
        ],
        [
          122.954,
          0.0,
          -45.4233
        ]
      ]
    },
    {
      "name": "universal_airfield_fuel_tank_a",
      "tm": [
        [
          -0.707107,
          0.0,
          0.707107
        ],
        [
          0.0,
          1.0,
          0.0
        ],
        [
          -0.707107,
          0.0,
          -0.707107
        ],
        [
          77.6024,
          0.0,
          -88.1823
        ]
      ]
    },
    {
      "name": "universal_airfield_table_a_snow",
      "tm": [
        [
          -1.0,
          0.0,
          8.74228e-8
        ],
        [
          0.0,
          1.0,
          0.0
        ],
        [
          -8.74228e-8,
          0.0,
          -1.0
        ],
        [
          112.831,
          0.0,
          -37.2919
        ]
      ]
    },
    {
      "name": "universal_airfield_shed_a_snow",
      "tm": [
        [
          0.707107,
          0.0,
          0.707107
        ],
        [
          0.0,
          1.0,
          0.0
        ],
        [
          -0.707107,
          0.0,
          0.707107
        ],
        [
          -126.8,
          0.0,
          122.491
        ]
      ]
    },
    {
      "name": "universal_airfield_hangar_b_snow",
      "tm": [
        [
          1.0,
          0.0,
          0.0
        ],
        [
          0.0,
          1.0,
          0.0
        ],
        [
          0.0,
          0.0,
          1.0
        ],
        [
          48.2985,
          0.0,
          -89.8638
        ]
      ]
    },
    {
      "name": "universal_airfield_fuel_tank_b",
      "tm": [
        [
          0.707107,
          0.0,
          -0.707107
        ],
        [
          0.0,
          1.0,
          0.0
        ],
        [
          0.707107,
          0.0,
          0.707107
        ],
        [
          -115.348,
          0.0,
          -96.4216
        ]
      ]
    },
    {
      "name": "universal_airfield_fuel_box_c_snow",
      "tm": [
        [
          0.486343,
          0.0,
          -0.873768
        ],
        [
          0.0,
          1.0,
          0.0
        ],
        [
          0.873768,
          0.0,
          0.486343
        ],
        [
          115.119,
          0.0,
          99.9266
        ]
      ]
    },
    {
      "name": "universal_airfield_fuel_box_d_snow",
      "tm": [
        [
          -4.37114e-8,
          0.0,
          -1.0
        ],
        [
          0.0,
          1.0,
          0.0
        ],
        [
          1.0,
          0.0,
          -4.37114e-8
        ],
        [
          117.497,
          0.0,
          91.7866
        ]
      ]
    },
    {
      "name": "universal_airfield_fuel_box_e_snow",
      "tm": [
        [
          -4.37114e-8,
          0.0,
          1.0
        ],
        [
          0.0,
          1.0,
          0.0
        ],
        [
          -1.0,
          0.0,
          -4.37114e-8
        ],
        [
          101.465,
          0.0,
          98.2574
        ]
      ]
    },
    {
      "name": "universal_airfield_fuel_box_c_snow",
      "tm": [
        [
          7.54979e-8,
          0.0,
          1.0
        ],
        [
          0.0,
          1.0,
          0.0
        ],
        [
          -1.0,
          0.0,
          7.54979e-8
        ],
        [
          -131.042,
          0.0,
          115.358
        ]
      ]
    },
    {
      "name": "universal_airfield_fuel_box_c_snow",
      "tm": [
        [
          -0.88407,
          0.0,
          0.467355
        ],
        [
          0.0,
          1.0,
          0.0
        ],
        [
          -0.467355,
          0.0,
          -0.88407
        ],
        [
          -105.14,
          0.0,
          -115.962
        ]
      ]
    },
    {
      "name": "universal_airfield_fuel_box_d_snow",
      "tm": [
        [
          -0.707107,
          0.0,
          0.707107
        ],
        [
          0.0,
          1.0,
          0.0
        ],
        [
          -0.707107,
          0.0,
          -0.707107
        ],
        [
          -109.202,
          0.0,
          -105.574
        ]
      ]
    },
    {
      "name": "universal_airfield_fuel_box_e_snow",
      "tm": [
        [
          4.88762e-7,
          0.0,
          -1.0
        ],
        [
          0.0,
          1.0,
          0.0
        ],
        [
          1.0,
          0.0,
          4.88762e-7
        ],
        [
          -93.069,
          0.0,
          -111.735
        ]
      ]
    },
    {
      "name": "universal_airfield_fuel_tank_a",
      "tm": [
        [
          1.0,
          0.0,
          -1.74846e-7
        ],
        [
          0.0,
          1.0,
          0.0
        ],
        [
          1.74846e-7,
          0.0,
          1.0
        ],
        [
          -93.2699,
          0.0,
          -10.6667
        ]
      ]
    },
    {
      "name": "universal_airfield_fuel_box_d_snow",
      "tm": [
        [
          -0.847063,
          0.0,
          0.531493
        ],
        [
          0.0,
          1.0,
          0.0
        ],
        [
          -0.531493,
          0.0,
          -0.847063
        ],
        [
          -64.9806,
          0.0,
          -11.7765
        ]
      ]
    },
    {
      "name": "universal_airfield_fuel_box_c_snow",
      "tm": [
        [
          1.0,
          0.0,
          0.0
        ],
        [
          0.0,
          1.0,
          0.0
        ],
        [
          0.0,
          0.0,
          1.0
        ],
        [
          88.8301,
          0.995006,
          9.24846
        ]
      ]
    },
    {
      "name": "universal_airfield_fuel_tent_a_snow",
      "tm": [
        [
          -0.241922,
          0.0,
          0.970296
        ],
        [
          0.0,
          1.0,
          0.0
        ],
        [
          -0.970296,
          0.0,
          -0.241922
        ],
        [
          98.8649,
          0.0,
          7.12216
        ]
      ]
    },
    {
      "name": "universal_airfield_fuel_tent_c_snow",
      "tm": [
        [
          -0.994998,
          0.0,
          -0.099898
        ],
        [
          0.0,
          1.0,
          0.0
        ],
        [
          0.099898,
          0.0,
          -0.994998
        ],
        [
          119.126,
          0.0,
          -67.1234
        ]
      ]
    },
    {
      "name": "universal_airfield_fuel_tent_c_snow",
      "tm": [
        [
          0.764053,
          0.0,
          -0.645153
        ],
        [
          0.0,
          1.0,
          0.0
        ],
        [
          0.645153,
          0.0,
          0.764053
        ],
        [
          103.887,
          0.0,
          -1.18602
        ]
      ]
    },
    {
      "name": "universal_airfield_tent_h_snow",
      "tm": [
        [
          -0.980623,
          0.0,
          -0.195904
        ],
        [
          0.0,
          1.0,
          0.0
        ],
        [
          0.195904,
          0.0,
          -0.980623
        ],
        [
          113.655,
          0.0,
          112.617
        ]
      ]
    },
    {
      "name": "universal_airfield_fuel_tent_a_snow",
      "tm": [
        [
          0.0950578,
          0.0,
          -0.995472
        ],
        [
          0.0,
          1.0,
          0.0
        ],
        [
          0.995472,
          0.0,
          0.0950578
        ],
        [
          -107.004,
          0.0,
          2.35001
        ]
      ]
    },
    {
      "name": "universal_airfield_fuel_tent_c_snow",
      "tm": [
        [
          0.411669,
          0.0,
          0.911334
        ],
        [
          0.0,
          1.0,
          0.0
        ],
        [
          -0.911334,
          0.0,
          0.411669
        ],
        [
          -106.018,
          0.0,
          10.5594
        ]
      ]
    },
    {
      "name": "universal_airfield_fuel_tent_a_snow",
      "tm": [
        [
          0.983878,
          0.0,
          0.178843
        ],
        [
          0.0,
          1.0,
          0.0
        ],
        [
          -0.178843,
          0.0,
          0.983878
        ],
        [
          109.171,
          0.0,
          105.922
        ]
      ]
    },
    {
      "name": "universal_airfield_hangar_d_snow",
      "tm": [
        [
          1.0,
          0.0,
          1.74846e-7
        ],
        [
          0.0,
          1.0,
          0.0
        ],
        [
          -1.74846e-7,
          0.0,
          1.0
        ],
        [
          95.0232,
          0.0,
          -97.9491
        ]
      ]
    },
    {
      "name": "universal_airfield_hangar_d_snow",
      "tm": [
        [
          1.0,
          0.0,
          1.74846e-7
        ],
        [
          0.0,
          1.0,
          0.0
        ],
        [
          -1.74846e-7,
          0.0,
          1.0
        ],
        [
          74.414,
          0.0,
          -99.4773
        ]
      ]
    },
    {
      "name": "universal_airfield_tower_c_snow",
      "tm": [
        [
          0.707107,
          0.0,
          0.707107
        ],
        [
          0.0,
          1.0,
          0.0
        ],
        [
          -0.707107,
          0.0,
          0.707107
        ],
        [
          105.348,
          0.0,
          -71.5169
        ]
      ]
    },
    {
      "name": "universal_airfield_sandbags_b_snow",
      "tm": [
        [
          0.707107,
          0.0,
          -0.707107
        ],
        [
          0.0,
          1.0,
          0.0
        ],
        [
          0.707107,
          0.0,
          0.707107
        ],
        [
          70.3095,
          0.0,
          -36.1512
        ]
      ]
    },
    {
      "name": "universal_airfield_shed_a_snow",
      "tm": [
        [
          -0.707107,
          0.0,
          -0.707107
        ],
        [
          0.0,
          1.0,
          0.0
        ],
        [
          0.707107,
          0.0,
          -0.707107
        ],
        [
          75.2275,
          0.0,
          -42.0482
        ]
      ]
    },
    {
      "name": "universal_airfield_sandbags_a_snow",
      "tm": [
        [
          0.707107,
          0.0,
          0.707107
        ],
        [
          0.0,
          1.0,
          0.0
        ],
        [
          -0.707107,
          0.0,
          0.707107
        ],
        [
          71.0698,
          0.0,
          -46.0676
        ]
      ]
    },
    {
      "name": "universal_airfield_sandbags_a_snow",
      "tm": [
        [
          -0.707107,
          0.0,
          -0.707107
        ],
        [
          0.0,
          1.0,
          0.0
        ],
        [
          0.707107,
          0.0,
          -0.707107
        ],
        [
          68.3518,
          0.0,
          -43.2758
        ]
      ]
    }
  ]
}