{
  "classname": "composit",
  "size": [
    4500.0,
    4200.0
  ],
  "node": [
    {
      "name": "ground_level",
      "tm": [
        [
          2300.0,
          0.0,
          0.0
        ],
        [
          0.0,
          200.0,
          0.0
        ],
        [
          0.0,
          0.0,
          2200.0
        ],
        [
          200.0,
          -2.0,
          0.0
        ]
      ]
    },
    {
      "name": "++NoTreesBox000",
      "tm": [
        [
          3300.0,
          0.0,
          0.0
        ],
        [
          0.0,
          100.0,
          0.0
        ],
        [
          0.0,
          0.0,
          3200.0
        ],
        [
          0.0,
          -30.0,
          0.0
        ]
      ]
    },
    {
      "tm": [
        [
          1.0,
          0.0,
          0.0
        ],
        [
          0.0,
          1.0,
          0.0
        ],
        [
          0.0,
          0.0,
          1.0
        ],
        [
          0.0,
          0.0,
          0.0
        ]
      ],
      "name": "^^dyn_archipelago_a_mesh"
    },
    {
      "name": "inf_airport_building_service_h",
      "tm": [
        [
          -0.0656,
          0.0,
          0.9978
        ],
        [
          0.0,
          1.0,
          0.0
        ],
        [
          -0.9978,
          0.0,
          -0.0656
        ],
        [
          -760.8425,
          -0.1,
          787.3991
        ]
      ]
    },
    {
      "name": "airfield_barrack_a",
      "tm": [
        [
          -0.0656,
          0.0,
          0.9978
        ],
        [
          0.0,
          1.0,
          0.0
        ],
        [
          -0.9978,
          0.0,
          -0.0656
        ],
        [
          -1038.4158,
          -0.1,
          928.2462
        ]
      ]
    },
    {
      "name": "universal_airfield_barrack_c",
      "tm": [
        [
          -0.9978,
          0.0,
          -0.0656
        ],
        [
          0.0,
          1.0,
          0.0
        ],
        [
          0.0656,
          0.0,
          -0.9978
        ],
        [
          -1070.702,
          -0.1,
          896.4787
        ]
      ]
    },
    {
      "name": "universal_airfield_barrack_d",
      "tm": [
        [
          -0.9978,
          0.0,
          -0.0656
        ],
        [
          0.0,
          1.0,
          0.0
        ],
        [
          0.0656,
          0.0,
          -0.9978
        ],
        [
          -1069.0361,
          -0.1,
          864.2336
        ]
      ]
    },
    {
      "name": "universal_airfield_barrack_f",
      "tm": [
        [
          -0.0656,
          0.0,
          0.9978
        ],
        [
          0.0,
          1.0,
          0.0
        ],
        [
          -0.9978,
          0.0,
          -0.0656
        ],
        [
          -1072.6483,
          -0.1,
          926.815
        ]
      ]
    },
    {
      "name": "inf_airport_building_service_h",
      "tm": [
        [
          0.9978,
          0.0,
          0.0656
        ],
        [
          0.0,
          1.0,
          0.0
        ],
        [
          -0.0656,
          0.0,
          0.9978
        ],
        [
          -1030.7982,
          -0.1,
          820.6915
        ]
      ]
    },
    {
      "name": "airfield_barrack_a",
      "tm": [
        [
          0.9978,
          0.0,
          0.0656
        ],
        [
          0.0,
          1.0,
          0.0
        ],
        [
          -0.0656,
          0.0,
          0.9978
        ],
        [
          -989.5076,
          -0.1,
          830.9995
        ]
      ]
    },
    {
      "name": "inf_airport_building_1_floors_b",
      "tm": [
        [
          -0.0656,
          0.0,
          0.9978
        ],
        [
          0.0,
          1.0,
          0.0
        ],
        [
          -0.9978,
          0.0,
          -0.0656
        ],
        [
          -1030.2738,
          -0.1,
          900.3564
        ]
      ]
    },
    {
      "name": "universal_airfield_fuel_box_a",
      "tm": [
        [
          0.0656,
          0.0,
          -0.9978
        ],
        [
          0.0,
          1.0,
          0.0
        ],
        [
          0.9978,
          0.0,
          0.0656
        ],
        [
          -1040.5402,
          -0.1,
          903.2098
        ]
      ]
    },
    {
      "name": "universal_airfield_barrack_b",
      "tm": [
        [
          0.0656,
          0.0,
          -0.9978
        ],
        [
          0.0,
          1.0,
          0.0
        ],
        [
          0.9978,
          0.0,
          0.0656
        ],
        [
          -1049.8796,
          -0.1,
          738.535
        ]
      ]
    },
    {
      "name": "inf_airport_building_1_floors_b",
      "tm": [
        [
          0.9978,
          0.0,
          0.0656
        ],
        [
          0.0,
          1.0,
          0.0
        ],
        [
          -0.0656,
          0.0,
          0.9978
        ],
        [
          -992.3427,
          -0.1,
          864.2797
        ]
      ]
    },
    {
      "name": "air_hangar_field_building_a",
      "tm": [
        [
          -0.9978,
          0.0,
          -0.0656
        ],
        [
          0.0,
          1.0,
          0.0
        ],
        [
          0.0656,
          0.0,
          -0.9978
        ],
        [
          -1065.2421,
          -0.1,
          823.0906
        ]
      ]
    },
    {
      "name": "air_port_building_service_a_part_a",
      "tm": [
        [
          -0.9978,
          0.0,
          -0.0656
        ],
        [
          0.0,
          1.0,
          0.0
        ],
        [
          0.0656,
          0.0,
          -0.9978
        ],
        [
          -1060.8372,
          -0.1,
          777.1301
        ]
      ]
    },
    {
      "name": "air_port_building_straddle_carriers_service_b",
      "tm": [
        [
          -0.0517,
          0.0,
          0.9987
        ],
        [
          0.0,
          1.0,
          0.0
        ],
        [
          -0.9987,
          0.0,
          -0.0517
        ],
        [
          -1169.5709,
          -0.1,
          764.046
        ]
      ]
    },
    {
      "name": "inf_airport_building_straddle_carriers_service_b",
      "tm": [
        [
          -0.0517,
          0.0,
          0.9987
        ],
        [
          0.0,
          1.0,
          0.0
        ],
        [
          -0.9987,
          0.0,
          -0.0517
        ],
        [
          -1175.3785,
          -0.1,
          874.5366
        ]
      ]
    },
    {
      "name": "universal_airfield_hangar_g",
      "tm": [
        [
          0.9987,
          0.0,
          0.0517
        ],
        [
          0.0,
          1.0,
          0.0
        ],
        [
          -0.0517,
          0.0,
          0.9987
        ],
        [
          -1212.1462,
          -0.1,
          817.2048
        ]
      ]
    },
    {
      "name": "air_hangar_field_tower_c",
      "tm": [
        [
          -0.9987,
          0.0,
          -0.0517
        ],
        [
          0.0,
          1.0,
          0.0
        ],
        [
          0.0517,
          0.0,
          -0.9987
        ],
        [
          -1190.2235,
          -0.1,
          797.866
        ]
      ]
    },
    {
      "name": "universal_airfield_fence_a",
      "tm": [
        [
          0.9978,
          0.0,
          0.0656
        ],
        [
          0.0,
          1.0,
          0.0
        ],
        [
          -0.0656,
          0.0,
          0.9978
        ],
        [
          -1020.6035,
          -0.1,
          941.1797
        ]
      ]
    },
    {
      "name": "universal_airfield_fence_column_a",
      "tm": [
        [
          0.9978,
          0.0,
          0.0656
        ],
        [
          0.0,
          1.0,
          0.0
        ],
        [
          -0.0656,
          0.0,
          0.9978
        ],
        [
          -1022.4404,
          -0.1,
          941.059
        ]
      ]
    },
    {
      "name": "universal_airfield_gate_a",
      "tm": [
        [
          0.9978,
          0.0,
          0.0656
        ],
        [
          0.0,
          1.0,
          0.0
        ],
        [
          -0.0656,
          0.0,
          0.9978
        ],
        [
          -1016.6979,
          -0.1,
          941.4318
        ]
      ]
    },
    {
      "name": "universal_airfield_fence_a",
      "tm": [
        [
          0.9978,
          0.0,
          0.0656
        ],
        [
          0.0,
          1.0,
          0.0
        ],
        [
          -0.0656,
          0.0,
          0.9978
        ],
        [
          -1024.2765,
          -0.1,
          940.9396
        ]
      ]
    },
    {
      "name": "universal_airfield_fence_column_a",
      "tm": [
        [
          0.9978,
          0.0,
          0.0656
        ],
        [
          0.0,
          1.0,
          0.0
        ],
        [
          -0.0656,
          0.0,
          0.9978
        ],
        [
          -1026.113,
          -0.1,
          940.8187
        ]
      ]
    },
    {
      "name": "universal_airfield_fence_a",
      "tm": [
        [
          0.9978,
          0.0,
          0.0656
        ],
        [
          0.0,
          1.0,
          0.0
        ],
        [
          -0.0656,
          0.0,
          0.9978
        ],
        [
          -1027.9503,
          -0.1,
          940.6973
        ]
      ]
    },
    {
      "name": "universal_airfield_fence_column_a",
      "tm": [
        [
          0.9978,
          0.0,
          0.0656
        ],
        [
          0.0,
          1.0,
          0.0
        ],
        [
          -0.0656,
          0.0,
          0.9978
        ],
        [
          -1029.7872,
          -0.1,
          940.5766
        ]
      ]
    },
    {
      "name": "universal_airfield_fence_a",
      "tm": [
        [
          0.9978,
          0.0,
          0.0656
        ],
        [
          0.0,
          1.0,
          0.0
        ],
        [
          -0.0656,
          0.0,
          0.9978
        ],
        [
          -1031.6234,
          -0.1,
          940.4571
        ]
      ]
    },
    {
      "name": "universal_airfield_fence_column_a",
      "tm": [
        [
          0.9978,
          0.0,
          0.0656
        ],
        [
          0.0,
          1.0,
          0.0
        ],
        [
          -0.0656,
          0.0,
          0.9978
        ],
        [
          -1033.4602,
          -0.1,
          940.3365
        ]
      ]
    },
    {
      "name": "universal_airfield_fence_a",
      "tm": [
        [
          0.9978,
          0.0,
          0.0656
        ],
        [
          0.0,
          1.0,
          0.0
        ],
        [
          -0.0656,
          0.0,
          0.9978
        ],
        [
          -1035.2924,
          -0.1,
          940.2171
        ]
      ]
    },
    {
      "name": "universal_airfield_fence_column_a",
      "tm": [
        [
          0.9978,
          0.0,
          0.0656
        ],
        [
          0.0,
          1.0,
          0.0
        ],
        [
          -0.0656,
          0.0,
          0.9978
        ],
        [
          -1037.1293,
          -0.1,
          940.0961
        ]
      ]
    },
    {
      "name": "universal_airfield_fence_a",
      "tm": [
        [
          0.9978,
          0.0,
          0.0656
        ],
        [
          0.0,
          1.0,
          0.0
        ],
        [
          -0.0656,
          0.0,
          0.9978
        ],
        [
          -1038.9653,
          -0.1,
          939.9769
        ]
      ]
    },
    {
      "name": "universal_airfield_fence_column_a",
      "tm": [
        [
          0.9978,
          0.0,
          0.0656
        ],
        [
          0.0,
          1.0,
          0.0
        ],
        [
          -0.0656,
          0.0,
          0.9978
        ],
        [
          -1040.8022,
          -0.1,
          939.8561
        ]
      ]
    },
    {
      "name": "universal_airfield_fence_a",
      "tm": [
        [
          0.9978,
          0.0,
          0.0656
        ],
        [
          0.0,
          1.0,
          0.0
        ],
        [
          -0.0656,
          0.0,
          0.9978
        ],
        [
          -1042.6392,
          -0.1,
          939.7344
        ]
      ]
    },
    {
      "name": "universal_airfield_fence_column_a",
      "tm": [
        [
          0.9978,
          0.0,
          0.0656
        ],
        [
          0.0,
          1.0,
          0.0
        ],
        [
          -0.0656,
          0.0,
          0.9978
        ],
        [
          -1044.4761,
          -0.1,
          939.6138
        ]
      ]
    },
    {
      "name": "universal_airfield_fence_a",
      "tm": [
        [
          0.9978,
          0.0,
          0.0656
        ],
        [
          0.0,
          1.0,
          0.0
        ],
        [
          -0.0656,
          0.0,
          0.9978
        ],
        [
          -1046.3121,
          -0.1,
          939.4943
        ]
      ]
    },
    {
      "name": "universal_airfield_fence_column_a",
      "tm": [
        [
          0.9978,
          0.0,
          0.0656
        ],
        [
          0.0,
          1.0,
          0.0
        ],
        [
          -0.0656,
          0.0,
          0.9978
        ],
        [
          -1048.1492,
          -0.1,
          939.3736
        ]
      ]
    },
    {
      "name": "universal_airfield_fence_a",
      "tm": [
        [
          0.9978,
          0.0,
          0.0656
        ],
        [
          0.0,
          1.0,
          0.0
        ],
        [
          -0.0656,
          0.0,
          0.9978
        ],
        [
          -1049.9851,
          -0.1,
          939.2535
        ]
      ]
    },
    {
      "name": "universal_airfield_fence_column_a",
      "tm": [
        [
          0.9978,
          0.0,
          0.0656
        ],
        [
          0.0,
          1.0,
          0.0
        ],
        [
          -0.0656,
          0.0,
          0.9978
        ],
        [
          -1051.8224,
          -0.1,
          939.1331
        ]
      ]
    },
    {
      "name": "universal_airfield_fence_a",
      "tm": [
        [
          0.9978,
          0.0,
          0.0656
        ],
        [
          0.0,
          1.0,
          0.0
        ],
        [
          -0.0656,
          0.0,
          0.9978
        ],
        [
          -1053.6581,
          -0.1,
          939.0134
        ]
      ]
    },
    {
      "name": "universal_airfield_fence_column_a",
      "tm": [
        [
          0.9978,
          0.0,
          0.0656
        ],
        [
          0.0,
          1.0,
          0.0
        ],
        [
          -0.0656,
          0.0,
          0.9978
        ],
        [
          -1055.4949,
          -0.1,
          938.8928
        ]
      ]
    },
    {
      "name": "universal_airfield_fence_a",
      "tm": [
        [
          0.9978,
          0.0,
          0.0656
        ],
        [
          0.0,
          1.0,
          0.0
        ],
        [
          -0.0656,
          0.0,
          0.9978
        ],
        [
          -1057.3323,
          -0.1,
          938.7713
        ]
      ]
    },
    {
      "name": "universal_airfield_fence_column_a",
      "tm": [
        [
          0.9978,
          0.0,
          0.0656
        ],
        [
          0.0,
          1.0,
          0.0
        ],
        [
          -0.0656,
          0.0,
          0.9978
        ],
        [
          -1059.1692,
          -0.1,
          938.6506
        ]
      ]
    },
    {
      "name": "universal_airfield_fence_a",
      "tm": [
        [
          0.9978,
          0.0,
          0.0656
        ],
        [
          0.0,
          1.0,
          0.0
        ],
        [
          -0.0656,
          0.0,
          0.9978
        ],
        [
          -1061.0052,
          -0.1,
          938.5312
        ]
      ]
    },
    {
      "name": "universal_airfield_fence_column_a",
      "tm": [
        [
          0.9978,
          0.0,
          0.0656
        ],
        [
          0.0,
          1.0,
          0.0
        ],
        [
          -0.0656,
          0.0,
          0.9978
        ],
        [
          -1062.8417,
          -0.1,
          938.4102
        ]
      ]
    },
    {
      "name": "universal_airfield_fence_a",
      "tm": [
        [
          0.9978,
          0.0,
          0.0656
        ],
        [
          0.0,
          1.0,
          0.0
        ],
        [
          -0.0656,
          0.0,
          0.9978
        ],
        [
          -1064.6742,
          -0.1,
          938.2911
        ]
      ]
    },
    {
      "name": "universal_airfield_fence_column_a",
      "tm": [
        [
          0.9978,
          0.0,
          0.0656
        ],
        [
          0.0,
          1.0,
          0.0
        ],
        [
          -0.0656,
          0.0,
          0.9978
        ],
        [
          -1066.5112,
          -0.1,
          938.1702
        ]
      ]
    },
    {
      "name": "universal_airfield_fence_a",
      "tm": [
        [
          0.9978,
          0.0,
          0.0656
        ],
        [
          0.0,
          1.0,
          0.0
        ],
        [
          -0.0656,
          0.0,
          0.9978
        ],
        [
          -1068.3472,
          -0.1,
          938.051
        ]
      ]
    },
    {
      "name": "universal_airfield_fence_column_a",
      "tm": [
        [
          0.9978,
          0.0,
          0.0656
        ],
        [
          0.0,
          1.0,
          0.0
        ],
        [
          -0.0656,
          0.0,
          0.9978
        ],
        [
          -1070.1842,
          -0.1,
          937.9301
        ]
      ]
    },
    {
      "name": "universal_airfield_fence_a",
      "tm": [
        [
          0.9978,
          0.0,
          0.0656
        ],
        [
          0.0,
          1.0,
          0.0
        ],
        [
          -0.0656,
          0.0,
          0.9978
        ],
        [
          -1072.0211,
          -0.1,
          937.8085
        ]
      ]
    },
    {
      "name": "universal_airfield_fence_column_a",
      "tm": [
        [
          0.9978,
          0.0,
          0.0656
        ],
        [
          0.0,
          1.0,
          0.0
        ],
        [
          -0.0656,
          0.0,
          0.9978
        ],
        [
          -1073.858,
          -0.1,
          937.6878
        ]
      ]
    },
    {
      "name": "universal_airfield_fence_a",
      "tm": [
        [
          0.9978,
          0.0,
          0.0656
        ],
        [
          0.0,
          1.0,
          0.0
        ],
        [
          -0.0656,
          0.0,
          0.9978
        ],
        [
          -1075.6941,
          -0.1,
          937.5684
        ]
      ]
    },
    {
      "name": "universal_airfield_fence_column_a",
      "tm": [
        [
          0.9978,
          0.0,
          0.0656
        ],
        [
          0.0,
          1.0,
          0.0
        ],
        [
          -0.0656,
          0.0,
          0.9978
        ],
        [
          -1077.531,
          -0.1,
          937.4476
        ]
      ]
    },
    {
      "name": "universal_airfield_fence_a",
      "tm": [
        [
          0.9978,
          0.0,
          0.0656
        ],
        [
          0.0,
          1.0,
          0.0
        ],
        [
          -0.0656,
          0.0,
          0.9978
        ],
        [
          -1079.3716,
          -0.1,
          937.3266
        ]
      ]
    },
    {
      "name": "universal_airfield_fence_column_a",
      "tm": [
        [
          0.9978,
          0.0,
          0.0656
        ],
        [
          0.0,
          1.0,
          0.0
        ],
        [
          -0.0656,
          0.0,
          0.9978
        ],
        [
          -1081.2086,
          -0.1,
          937.2057
        ]
      ]
    },
    {
      "name": "universal_airfield_fence_a",
      "tm": [
        [
          0.9978,
          0.0,
          0.0656
        ],
        [
          0.0,
          1.0,
          0.0
        ],
        [
          -0.0656,
          0.0,
          0.9978
        ],
        [
          -1083.0446,
          -0.1,
          937.0865
        ]
      ]
    },
    {
      "name": "universal_airfield_fence_column_a",
      "tm": [
        [
          0.9978,
          0.0,
          0.0656
        ],
        [
          0.0,
          1.0,
          0.0
        ],
        [
          -0.0656,
          0.0,
          0.9978
        ],
        [
          -1084.8816,
          -0.1,
          936.9656
        ]
      ]
    },
    {
      "name": "universal_airfield_fence_a",
      "tm": [
        [
          0.9978,
          0.0,
          0.0656
        ],
        [
          0.0,
          1.0,
          0.0
        ],
        [
          -0.0656,
          0.0,
          0.9978
        ],
        [
          -1086.7185,
          -0.1,
          936.8441
        ]
      ]
    },
    {
      "name": "universal_airfield_fence_column_a",
      "tm": [
        [
          0.9978,
          0.0,
          0.0656
        ],
        [
          0.0,
          1.0,
          0.0
        ],
        [
          -0.0656,
          0.0,
          0.9978
        ],
        [
          -1088.5554,
          -0.1,
          936.7233
        ]
      ]
    },
    {
      "name": "universal_airfield_fence_a",
      "tm": [
        [
          0.9978,
          0.0,
          0.0656
        ],
        [
          0.0,
          1.0,
          0.0
        ],
        [
          -0.0656,
          0.0,
          0.9978
        ],
        [
          -1090.3915,
          -0.1,
          936.6039
        ]
      ]
    },
    {
      "name": "universal_airfield_fence_column_a",
      "tm": [
        [
          0.9978,
          0.0,
          0.0656
        ],
        [
          0.0,
          1.0,
          0.0
        ],
        [
          -0.0656,
          0.0,
          0.9978
        ],
        [
          -1092.2284,
          -0.1,
          936.4831
        ]
      ]
    },
    {
      "name": "universal_airfield_fence_a",
      "tm": [
        [
          -0.0656,
          0.0,
          0.9978
        ],
        [
          0.0,
          1.0,
          0.0
        ],
        [
          -0.9978,
          0.0,
          -0.0656
        ],
        [
          -1092.1086,
          -0.1,
          934.6458
        ]
      ]
    },
    {
      "name": "universal_airfield_fence_column_a",
      "tm": [
        [
          -0.0656,
          0.0,
          0.9978
        ],
        [
          0.0,
          1.0,
          0.0
        ],
        [
          -0.9978,
          0.0,
          -0.0656
        ],
        [
          -1091.9877,
          -0.1,
          932.8085
        ]
      ]
    },
    {
      "name": "universal_airfield_fence_a",
      "tm": [
        [
          -0.0656,
          0.0,
          0.9978
        ],
        [
          0.0,
          1.0,
          0.0
        ],
        [
          -0.9978,
          0.0,
          -0.0656
        ],
        [
          -1091.8685,
          -0.1,
          930.9727
        ]
      ]
    },
    {
      "name": "universal_airfield_fence_column_a",
      "tm": [
        [
          -0.0656,
          0.0,
          0.9978
        ],
        [
          0.0,
          1.0,
          0.0
        ],
        [
          -0.9978,
          0.0,
          -0.0656
        ],
        [
          -1091.7474,
          -0.1,
          929.1358
        ]
      ]
    },
    {
      "name": "universal_airfield_fence_a",
      "tm": [
        [
          -0.0656,
          0.0,
          0.9978
        ],
        [
          0.0,
          1.0,
          0.0
        ],
        [
          -0.9978,
          0.0,
          -0.0656
        ],
        [
          -1091.6261,
          -0.1,
          927.299
        ]
      ]
    },
    {
      "name": "universal_airfield_fence_column_a",
      "tm": [
        [
          -0.0656,
          0.0,
          0.9978
        ],
        [
          0.0,
          1.0,
          0.0
        ],
        [
          -0.9978,
          0.0,
          -0.0656
        ],
        [
          -1091.5054,
          -0.1,
          925.4621
        ]
      ]
    },
    {
      "name": "universal_airfield_fence_a",
      "tm": [
        [
          -0.0656,
          0.0,
          0.9978
        ],
        [
          0.0,
          1.0,
          0.0
        ],
        [
          -0.9978,
          0.0,
          -0.0656
        ],
        [
          -1091.3856,
          -0.1,
          923.6257
        ]
      ]
    },
    {
      "name": "universal_airfield_fence_column_a",
      "tm": [
        [
          -0.0656,
          0.0,
          0.9978
        ],
        [
          0.0,
          1.0,
          0.0
        ],
        [
          -0.9978,
          0.0,
          -0.0656
        ],
        [
          -1091.265,
          -0.1,
          921.7888
        ]
      ]
    },
    {
      "name": "universal_airfield_fence_a",
      "tm": [
        [
          -0.0656,
          0.0,
          0.9978
        ],
        [
          0.0,
          1.0,
          0.0
        ],
        [
          -0.9978,
          0.0,
          -0.0656
        ],
        [
          -1091.1448,
          -0.1,
          919.9512
        ]
      ]
    },
    {
      "name": "universal_airfield_fence_column_a",
      "tm": [
        [
          -0.0656,
          0.0,
          0.9978
        ],
        [
          0.0,
          1.0,
          0.0
        ],
        [
          -0.9978,
          0.0,
          -0.0656
        ],
        [
          -1091.0238,
          -0.1,
          918.114
        ]
      ]
    },
    {
      "name": "universal_airfield_fence_a",
      "tm": [
        [
          -0.0656,
          0.0,
          0.9978
        ],
        [
          0.0,
          1.0,
          0.0
        ],
        [
          -0.9978,
          0.0,
          -0.0656
        ],
        [
          -1090.9044,
          -0.1,
          916.2778
        ]
      ]
    },
    {
      "name": "universal_airfield_fence_column_a",
      "tm": [
        [
          -0.0656,
          0.0,
          0.9978
        ],
        [
          0.0,
          1.0,
          0.0
        ],
        [
          -0.9978,
          0.0,
          -0.0656
        ],
        [
          -1090.7837,
          -0.1,
          914.441
        ]
      ]
    },
    {
      "name": "universal_airfield_fence_a",
      "tm": [
        [
          -0.0656,
          0.0,
          0.9978
        ],
        [
          0.0,
          1.0,
          0.0
        ],
        [
          -0.9978,
          0.0,
          -0.0656
        ],
        [
          -1090.662,
          -0.1,
          912.6038
        ]
      ]
    },
    {
      "name": "universal_airfield_fence_column_a",
      "tm": [
        [
          -0.0656,
          0.0,
          0.9978
        ],
        [
          0.0,
          1.0,
          0.0
        ],
        [
          -0.9978,
          0.0,
          -0.0656
        ],
        [
          -1090.5413,
          -0.1,
          910.7672
        ]
      ]
    },
    {
      "name": "universal_airfield_fence_a",
      "tm": [
        [
          -0.0656,
          0.0,
          0.9978
        ],
        [
          0.0,
          1.0,
          0.0
        ],
        [
          -0.9978,
          0.0,
          -0.0656
        ],
        [
          -1090.4219,
          -0.1,
          908.9308
        ]
      ]
    },
    {
      "name": "universal_airfield_fence_column_a",
      "tm": [
        [
          -0.0656,
          0.0,
          0.9978
        ],
        [
          0.0,
          1.0,
          0.0
        ],
        [
          -0.9978,
          0.0,
          -0.0656
        ],
        [
          -1090.3011,
          -0.1,
          907.0941
        ]
      ]
    },
    {
      "name": "universal_airfield_fence_a",
      "tm": [
        [
          -0.0656,
          0.0,
          0.9978
        ],
        [
          0.0,
          1.0,
          0.0
        ],
        [
          -0.9978,
          0.0,
          -0.0656
        ],
        [
          -1090.1821,
          -0.1,
          905.262
        ]
      ]
    },
    {
      "name": "universal_airfield_fence_column_a",
      "tm": [
        [
          -0.0656,
          0.0,
          0.9978
        ],
        [
          0.0,
          1.0,
          0.0
        ],
        [
          -0.9978,
          0.0,
          -0.0656
        ],
        [
          -1090.0614,
          -0.1,
          903.4252
        ]
      ]
    },
    {
      "name": "universal_airfield_fence_a",
      "tm": [
        [
          -0.0656,
          0.0,
          0.9978
        ],
        [
          0.0,
          1.0,
          0.0
        ],
        [
          -0.9978,
          0.0,
          -0.0656
        ],
        [
          -1089.9419,
          -0.1,
          901.5892
        ]
      ]
    },
    {
      "name": "universal_airfield_fence_column_a",
      "tm": [
        [
          -0.0656,
          0.0,
          0.9978
        ],
        [
          0.0,
          1.0,
          0.0
        ],
        [
          -0.9978,
          0.0,
          -0.0656
        ],
        [
          -1089.8209,
          -0.1,
          899.752
        ]
      ]
    },
    {
      "name": "universal_airfield_fence_a",
      "tm": [
        [
          -0.0656,
          0.0,
          0.9978
        ],
        [
          0.0,
          1.0,
          0.0
        ],
        [
          -0.9978,
          0.0,
          -0.0656
        ],
        [
          -1089.6996,
          -0.1,
          897.9152
        ]
      ]
    },
    {
      "name": "universal_airfield_fence_column_a",
      "tm": [
        [
          -0.0656,
          0.0,
          0.9978
        ],
        [
          0.0,
          1.0,
          0.0
        ],
        [
          -0.9978,
          0.0,
          -0.0656
        ],
        [
          -1089.5785,
          -0.1,
          896.0781
        ]
      ]
    },
    {
      "name": "universal_airfield_fence_a",
      "tm": [
        [
          -0.0656,
          0.0,
          0.9978
        ],
        [
          0.0,
          1.0,
          0.0
        ],
        [
          -0.9978,
          0.0,
          -0.0656
        ],
        [
          -1089.4595,
          -0.1,
          894.2422
        ]
      ]
    },
    {
      "name": "universal_airfield_fence_column_a",
      "tm": [
        [
          -0.0656,
          0.0,
          0.9978
        ],
        [
          0.0,
          1.0,
          0.0
        ],
        [
          -0.9978,
          0.0,
          -0.0656
        ],
        [
          -1089.3384,
          -0.1,
          892.4052
        ]
      ]
    },
    {
      "name": "universal_airfield_fence_a",
      "tm": [
        [
          -0.0656,
          0.0,
          0.9978
        ],
        [
          0.0,
          1.0,
          0.0
        ],
        [
          -0.9978,
          0.0,
          -0.0656
        ],
        [
          -1089.2189,
          -0.1,
          890.5692
        ]
      ]
    },
    {
      "name": "universal_airfield_fence_column_a",
      "tm": [
        [
          -0.0656,
          0.0,
          0.9978
        ],
        [
          0.0,
          1.0,
          0.0
        ],
        [
          -0.9978,
          0.0,
          -0.0656
        ],
        [
          -1089.0978,
          -0.1,
          888.7321
        ]
      ]
    },
    {
      "name": "universal_airfield_fence_a",
      "tm": [
        [
          -0.0656,
          0.0,
          0.9978
        ],
        [
          0.0,
          1.0,
          0.0
        ],
        [
          -0.9978,
          0.0,
          -0.0656
        ],
        [
          -1088.9783,
          -0.1,
          886.8961
        ]
      ]
    },
    {
      "name": "universal_airfield_fence_column_a",
      "tm": [
        [
          -0.0656,
          0.0,
          0.9978
        ],
        [
          0.0,
          1.0,
          0.0
        ],
        [
          -0.9978,
          0.0,
          -0.0656
        ],
        [
          -1088.8578,
          -0.1,
          885.059
        ]
      ]
    },
    {
      "name": "universal_airfield_fence_a",
      "tm": [
        [
          -0.0656,
          0.0,
          0.9978
        ],
        [
          0.0,
          1.0,
          0.0
        ],
        [
          -0.9978,
          0.0,
          -0.0656
        ],
        [
          -1088.736,
          -0.1,
          883.222
        ]
      ]
    },
    {
      "name": "universal_airfield_fence_column_a",
      "tm": [
        [
          -0.0656,
          0.0,
          0.9978
        ],
        [
          0.0,
          1.0,
          0.0
        ],
        [
          -0.9978,
          0.0,
          -0.0656
        ],
        [
          -1088.6152,
          -0.1,
          881.3852
        ]
      ]
    },
    {
      "name": "universal_airfield_fence_a",
      "tm": [
        [
          -0.0656,
          0.0,
          0.9978
        ],
        [
          0.0,
          1.0,
          0.0
        ],
        [
          -0.9978,
          0.0,
          -0.0656
        ],
        [
          -1088.4958,
          -0.1,
          879.5491
        ]
      ]
    },
    {
      "name": "universal_airfield_fence_column_a",
      "tm": [
        [
          -0.0656,
          0.0,
          0.9978
        ],
        [
          0.0,
          1.0,
          0.0
        ],
        [
          -0.9978,
          0.0,
          -0.0656
        ],
        [
          -1088.3752,
          -0.1,
          877.7122
        ]
      ]
    },
    {
      "name": "universal_airfield_fence_a",
      "tm": [
        [
          -0.0656,
          0.0,
          0.9978
        ],
        [
          0.0,
          1.0,
          0.0
        ],
        [
          -0.9978,
          0.0,
          -0.0656
        ],
        [
          -1088.2561,
          -0.1,
          875.8801
        ]
      ]
    },
    {
      "name": "universal_airfield_fence_column_a",
      "tm": [
        [
          -0.0656,
          0.0,
          0.9978
        ],
        [
          0.0,
          1.0,
          0.0
        ],
        [
          -0.9978,
          0.0,
          -0.0656
        ],
        [
          -1088.1354,
          -0.1,
          874.0434
        ]
      ]
    },
    {
      "name": "universal_airfield_fence_a",
      "tm": [
        [
          -0.0656,
          0.0,
          0.9978
        ],
        [
          0.0,
          1.0,
          0.0
        ],
        [
          -0.9978,
          0.0,
          -0.0656
        ],
        [
          -1088.016,
          -0.1,
          872.2072
        ]
      ]
    },
    {
      "name": "universal_airfield_fence_column_a",
      "tm": [
        [
          -0.0656,
          0.0,
          0.9978
        ],
        [
          0.0,
          1.0,
          0.0
        ],
        [
          -0.9978,
          0.0,
          -0.0656
        ],
        [
          -1087.8949,
          -0.1,
          870.3701
        ]
      ]
    },
    {
      "name": "universal_airfield_fence_a",
      "tm": [
        [
          -0.0656,
          0.0,
          0.9978
        ],
        [
          0.0,
          1.0,
          0.0
        ],
        [
          -0.9978,
          0.0,
          -0.0656
        ],
        [
          -1087.7737,
          -0.1,
          868.5333
        ]
      ]
    },
    {
      "name": "universal_airfield_fence_column_a",
      "tm": [
        [
          -0.0656,
          0.0,
          0.9978
        ],
        [
          0.0,
          1.0,
          0.0
        ],
        [
          -0.9978,
          0.0,
          -0.0656
        ],
        [
          -1087.6526,
          -0.1,
          866.6961
        ]
      ]
    },
    {
      "name": "universal_airfield_fence_a",
      "tm": [
        [
          -0.0656,
          0.0,
          0.9978
        ],
        [
          0.0,
          1.0,
          0.0
        ],
        [
          -0.9978,
          0.0,
          -0.0656
        ],
        [
          -1087.5334,
          -0.1,
          864.8604
        ]
      ]
    },
    {
      "name": "universal_airfield_fence_column_a",
      "tm": [
        [
          -0.0656,
          0.0,
          0.9978
        ],
        [
          0.0,
          1.0,
          0.0
        ],
        [
          -0.9978,
          0.0,
          -0.0656
        ],
        [
          -1087.4124,
          -0.1,
          863.0233
        ]
      ]
    },
    {
      "name": "universal_airfield_fence_a",
      "tm": [
        [
          -0.0656,
          0.0,
          0.9978
        ],
        [
          0.0,
          1.0,
          0.0
        ],
        [
          -0.9978,
          0.0,
          -0.0656
        ],
        [
          -1087.2915,
          -0.1,
          861.183
        ]
      ]
    },
    {
      "name": "universal_airfield_fence_column_a",
      "tm": [
        [
          -0.0656,
          0.0,
          0.9978
        ],
        [
          0.0,
          1.0,
          0.0
        ],
        [
          -0.9978,
          0.0,
          -0.0656
        ],
        [
          -1087.1705,
          -0.1,
          859.3459
        ]
      ]
    },
    {
      "name": "universal_airfield_fence_a",
      "tm": [
        [
          -0.0656,
          0.0,
          0.9978
        ],
        [
          0.0,
          1.0,
          0.0
        ],
        [
          -0.9978,
          0.0,
          -0.0656
        ],
        [
          -1087.0511,
          -0.1,
          857.5097
        ]
      ]
    },
    {
      "name": "universal_airfield_fence_column_a",
      "tm": [
        [
          -0.0656,
          0.0,
          0.9978
        ],
        [
          0.0,
          1.0,
          0.0
        ],
        [
          -0.9978,
          0.0,
          -0.0656
        ],
        [
          -1086.9304,
          -0.1,
          855.6729
        ]
      ]
    },
    {
      "name": "universal_airfield_fence_a",
      "tm": [
        [
          -0.0656,
          0.0,
          0.9978
        ],
        [
          0.0,
          1.0,
          0.0
        ],
        [
          -0.9978,
          0.0,
          -0.0656
        ],
        [
          -1086.8087,
          -0.1,
          853.8358
        ]
      ]
    },
    {
      "name": "universal_airfield_fence_column_a",
      "tm": [
        [
          -0.0656,
          0.0,
          0.9978
        ],
        [
          0.0,
          1.0,
          0.0
        ],
        [
          -0.9978,
          0.0,
          -0.0656
        ],
        [
          -1086.6881,
          -0.1,
          851.9988
        ]
      ]
    },
    {
      "name": "universal_airfield_fence_a",
      "tm": [
        [
          -0.0656,
          0.0,
          0.9978
        ],
        [
          0.0,
          1.0,
          0.0
        ],
        [
          -0.9978,
          0.0,
          -0.0656
        ],
        [
          -1086.5679,
          -0.1,
          850.1595
        ]
      ]
    },
    {
      "name": "universal_airfield_fence_column_a",
      "tm": [
        [
          -0.0656,
          0.0,
          0.9978
        ],
        [
          0.0,
          1.0,
          0.0
        ],
        [
          -0.9978,
