{
  "className": "composit",
  "size": [
    2048.0,
    256.0
  ],
  "node": [
    {
      "name": "%^^dynTrench_long_mesh_b",
      "tm": [
        [
          1.0,
          0.0,
          0.0
        ],
        [
          0.0,
          1.0,
          0.0
        ],
        [
          0.0,
          0.0,
          1.0
        ],
        [
          0.0,
          0.0,
          0.0
        ]
      ]
    },
    {
      "name": "+NoTreesBox001",
      "tm": [
        [
          100.0,
          0.0,
          0.0
        ],
        [
          0.0,
          53.1758,
          0.0
        ],
        [
          0.0,
          0.0,
          50.0
        ],
        [
          0.0,
          0.0,
          0.0
        ]
      ]
    },
    {
      "name": "position",
      "type": "#AA_80mm",
      "tm": [
        [
          0.996195,
          0.0,
          -0.0871555
        ],
        [
          0.0,
          1.0,
          0.0
        ],
        [
          0.0871555,
          0.0,
          0.996195
        ],
        [
          386.985,
          0.0,
          -401.635
        ]
      ]
    },
    {
      "name": "position",
      "type": "#AT_35mm",
      "tm": [
        [
          0.642788,
          0.0,
          0.766044
        ],
        [
          0.0,
          1.0,
          0.0
        ],
        [
          -0.766044,
          0.0,
          0.642788
        ],
        [
          684.711,
          0.0,
          -315.071
        ]
      ]
    },
    {
      "name": "position",
      "type": "#75mm_pak40_a",
      "tm": [
        [
          0.34202,
          0.0,
          0.939693
        ],
        [
          0.0,
          1.0,
          0.0
        ],
        [
          -0.939693,
          0.0,
          0.34202
        ],
        [
          870.769,
          0.0,
          -347.736
        ]
      ]
    },
    {
      "name": "position",
      "type": "#Ar_rockets",
      "tm": [
        [
          0.5,
          0.0,
          0.866025
        ],
        [
          0.0,
          1.0,
          0.0
        ],
        [
          -0.866025,
          0.0,
          0.5
        ],
        [
          487.529,
          0.0,
          -496.156
        ]
      ]
    },
    {
      "name": "position",
      "type": "#AA_searchlight",
      "tm": [
        [
          0.0,
          1.0,
          0.0
        ],
        [
          0.5,
          8.14603e-8,
          -0.866026
        ],
        [
          -0.866026,
          0.0,
          -0.5
        ],
        [
          679.411,
          0.0,
          -823.685
        ]
      ]
    },
    {
      "name": "position",
      "type": "#turret_AA_20mm",
      "tm": [
        [
          -0.422618,
          0.0,
          0.906308
        ],
        [
          0.906308,
          -4.37114e-8,
          0.422618
        ],
        [
          3.9616e-8,
          1.0,
          1.84732e-8
        ],
        [
          746.867,
          73.5529,
          -790.887
        ]
      ]
    },
    {
      "name": "position",
      "type": "#turret_AA_20mm",
      "tm": [
        [
          -0.573576,
          0.0,
          0.819152
        ],
        [
          0.819152,
          -4.37114e-8,
          0.573576
        ],
        [
          3.58063e-8,
          1.0,
          2.50718e-8
        ],
        [
          466.187,
          89.6881,
          -724.891
        ]
      ]
    },
    {
      "name": "position",
      "type": "#turret_AA_20mm",
      "tm": [
        [
          0.766044,
          0.0,
          0.642788
        ],
        [
          0.642788,
          -4.37114e-8,
          -0.766044
        ],
        [
          2.80971e-8,
          1.0,
          -3.34849e-8
        ],
        [
          608.559,
          82.8732,
          -811.874
        ]
      ]
    },
    {
      "name": "position",
      "type": "#75mm_pak40_a",
      "tm": [
        [
          -0.0871554,
          0.0,
          0.996195
        ],
        [
          0.0,
          1.0,
          0.0
        ],
        [
          -0.996195,
          0.0,
          -0.0871554
        ],
        [
          596.941,
          0.0,
          -263.14
        ]
      ]
    },
    {
      "name": "position",
      "type": "#75mm_pak40_a",
      "tm": [
        [
          -0.573576,
          0.0,
          0.819152
        ],
        [
          0.0,
          1.0,
          0.0
        ],
        [
          -0.819152,
          0.0,
          -0.573576
        ],
        [
          316.984,
          0.0,
          -206.796
        ]
      ]
    },
    {
      "name": "position",
      "type": "#75mm_pak40_a",
      "tm": [
        [
          -0.5,
          0.0,
          0.866026
        ],
        [
          0.0,
          1.0,
          0.0
        ],
        [
          -0.866026,
          0.0,
          -0.5
        ],
        [
          112.031,
          0.0,
          -174.562
        ]
      ]
    },
    {
      "name": "position",
      "type": "#75mm_pak40_a",
      "tm": [
        [
          -0.866025,
          0.0,
          0.5
        ],
        [
          0.0,
          1.0,
          0.0
        ],
        [
          -0.5,
          0.0,
          -0.866025
        ],
        [
          -333.304,
          0.0,
          -180.472
        ]
      ]
    },
    {
      "name": "position",
      "type": "#75mm_pak40_a",
      "tm": [
        [
          -0.866025,
          0.0,
          0.5
        ],
        [
          0.0,
          1.0,
          0.0
        ],
        [
          -0.5,
          0.0,
          -0.866025
        ],
        [
          -588.22,
          0.0,
          -272.381
        ]
      ]
    },
    {
      "name": "position",
      "type": "#75mm_pak40_a",
      "tm": [
        [
          -0.819152,
          0.0,
          0.573577
        ],
        [
          0.0,
          1.0,
          0.0
        ],
        [
          -0.573577,
          0.0,
          -0.819152
        ],
        [
          -930.941,
          0.0,
          -380.607
        ]
      ]
    },
    {
      "name": "position",
      "type": "#AT_35mm",
      "tm": [
        [
          -0.258819,
          0.0,
          0.965926
        ],
        [
          0.0,
          1.0,
          0.0
        ],
        [
          -0.965926,
          0.0,
          -0.258819
        ],
        [
          759.452,
          0.0,
          -319.484
        ]
      ]
    },
    {
      "name": "position",
      "type": "#AT_35mm",
      "tm": [
        [
          0.642788,
          0.0,
          0.766044
        ],
        [
          0.0,
          1.0,
          0.0
        ],
        [
          -0.766044,
          0.0,
          0.642788
        ],
        [
          414.429,
          0.0,
          -219.398
        ]
      ]
    },
    {
      "name": "position",
      "type": "#AT_35mm",
      "tm": [
        [
          -0.258819,
          0.0,
          0.965926
        ],
        [
          0.0,
          1.0,
          0.0
        ],
        [
          -0.965926,
          0.0,
          -0.258819
        ],
        [
          515.643,
          0.0,
          -257.626
        ]
      ]
    },
    {
      "name": "position",
      "type": "#AT_35mm",
      "tm": [
        [
          0.642787,
          0.0,
          0.766045
        ],
        [
          0.0,
          1.0,
          0.0
        ],
        [
          -0.766045,
          0.0,
          0.642787
        ],
        [
          224.332,
          0.0,
          -190.905
        ]
      ]
    },
    {
      "name": "position",
      "type": "#AT_35mm",
      "tm": [
        [
          0.173648,
          0.0,
          0.984808
        ],
        [
          0.0,
          1.0,
          0.0
        ],
        [
          -0.984808,
          0.0,
          0.173648
        ],
        [
          8.82428,
          0.0,
          -162.335
        ]
      ]
    },
    {
      "name": "position",
      "type": "#AT_35mm",
      "tm": [
        [
          -0.0871559,
          0.0,
          0.996195
        ],
        [
          0.0,
          1.0,
          0.0
        ],
        [
          -0.996195,
          0.0,
          -0.0871559
        ],
        [
          -85.3018,
          0.0,
          -144.661
        ]
      ]
    },
    {
      "name": "position",
      "type": "#AT_35mm",
      "tm": [
        [
          -0.5,
          0.0,
          0.866025
        ],
        [
          0.0,
          1.0,
          0.0
        ],
        [
          -0.866025,
          0.0,
          -0.5
        ],
        [
          -233.273,
          0.0,
          -148.335
        ]
      ]
    },
    {
      "name": "position",
      "type": "#AT_35mm",
      "tm": [
        [
          -0.5,
          0.0,
          0.866025
        ],
        [
          0.0,
          1.0,
          0.0
        ],
        [
          -0.866025,
          0.0,
          -0.5
        ],
        [
          -486.236,
          0.0,
          -253.366
        ]
      ]
    },
    {
      "name": "position",
      "type": "#AT_35mm",
      "tm": [
        [
          -0.5,
          0.0,
          0.866025
        ],
        [
          0.0,
          1.0,
          0.0
        ],
        [
          -0.866025,
          0.0,
          -0.5
        ],
        [
          -704.573,
          0.0,
          -294.791
        ]
      ]
    },
    {
      "name": "position",
      "type": "#AT_35mm",
      "tm": [
        [
          0.258819,
          0.0,
          0.965926
        ],
        [
          0.0,
          1.0,
          0.0
        ],
        [
          -0.965926,
          0.0,
          0.258819
        ],
        [
          -820.804,
          0.0,
          -361.2
        ]
      ]
    },
    {
      "name": "position",
      "type": "#AA_80mm",
      "tm": [
        [
          0.939693,
          0.0,
          0.34202
        ],
        [
          0.0,
          1.0,
          0.0
        ],
        [
          -0.34202,
          0.0,
          0.939693
        ],
        [
          -111.803,
          0.0,
          -371.865
        ]
      ]
    },
    {
      "name": "position",
      "type": "#AA_80mm",
      "tm": [
        [
          0.819152,
          0.0,
          -0.573576
        ],
        [
          0.0,
          1.0,
          0.0
        ],
        [
          0.573576,
          0.0,
          0.819152
        ],
        [
          -449.044,
          0.0,
          -420.984
        ]
      ]
    },
    {
      "name": "position",
      "type": "#AA_80mm",
      "tm": [
        [
          0.819152,
          0.0,
          0.573577
        ],
        [
          0.0,
          1.0,
          0.0
        ],
        [
          -0.573577,
          0.0,
          0.819152
        ],
        [
          -779.597,
          0.0,
          -497.436
        ]
      ]
    },
    {
      "name": "position",
      "type": "#AA_80mm",
      "tm": [
        [
          0.939693,
          0.0,
          0.34202
        ],
        [
          0.0,
          1.0,
          0.0
        ],
        [
          -0.34202,
          0.0,
          0.939693
        ],
        [
          800.328,
          0.0,
          -540.775
        ]
      ]
    },
    {
      "name": "position",
      "type": "#Ar_120mm",
      "tm": [
        [
          0.906308,
          0.0,
          0.422618
        ],
        [
          0.0,
          1.0,
          0.0
        ],
        [
          -0.422618,
          0.0,
          0.906308
        ],
        [
          716.018,
          0.0,
          -518.483
        ]
      ]
    },
    {
      "name": "position",
      "type": "#Ar_120mm",
      "tm": [
        [
          -0.0871556,
          0.0,
          0.996195
        ],
        [
          0.0,
          1.0,
          0.0
        ],
        [
          -0.996195,
          0.0,
          -0.0871556
        ],
        [
          393.063,
          0.0,
          -343.559
        ]
      ]
    },
    {
      "name": "position",
      "type": "#Ar_120mm",
      "tm": [
        [
          0.422618,
          0.0,
          0.906308
        ],
        [
          0.0,
          1.0,
          0.0
        ],
        [
          -0.906308,
          0.0,
          0.422618
        ],
        [
          -247.775,
          0.0,
          -253.153
        ]
      ]
    },
    {
      "name": "position",
      "type": "#Ar_120mm",
      "tm": [
        [
          0.0871558,
          0.0,
          0.996195
        ],
        [
          0.0,
          1.0,
          0.0
        ],
        [
          -0.996195,
          0.0,
          0.0871558
        ],
        [
          -599.24,
          0.0,
          -464.762
        ]
      ]
    },
    {
      "name": "position",
      "type": "#Ar_120mm",
      "tm": [
        [
          -0.707107,
          0.0,
          0.707107
        ],
        [
          0.0,
          1.0,
          0.0
        ],
        [
          -0.707107,
          0.0,
          -0.707107
        ],
        [
          -200.914,
          0.0,
          -716.653
        ]
      ]
    },
    {
      "name": "position",
      "type": "#Ar_120mm",
      "tm": [
        [
          0.906308,
          0.0,
          0.422618
        ],
        [
          0.0,
          1.0,
          0.0
        ],
        [
          -0.422618,
          0.0,
          0.906308
        ],
        [
          292.254,
          0.0,
          -767.12
        ]
      ]
    },
    {
      "name": "position",
      "type": "#Ar_120mm",
      "tm": [
        [
          0.906308,
          0.0,
          0.422618
        ],
        [
          0.0,
          1.0,
          0.0
        ],
        [
          -0.422618,
          0.0,
          0.906308
        ],
        [
          -2.91379,
          0.0,
          -735.175
        ]
      ]
    },
    {
      "name": "position",
      "type": "#Ar_120mm",
      "tm": [
        [
          0.707107,
          0.0,
          0.707107
        ],
        [
          0.0,
          1.0,
          0.0
        ],
        [
          -0.707107,
          0.0,
          0.707107
        ],
        [
          -614.895,
          0.0,
          -718.824
        ]
      ]
    },
    {
      "name": "position",
      "type": "#Ar_120mm",
      "tm": [
        [
          0.906308,
          0.0,
          0.422618
        ],
        [
          0.0,
          1.0,
          0.0
        ],
        [
          -0.422618,
          0.0,
          0.906308
        ],
        [
          -204.226,
          0.0,
          -360.294
        ]
      ]
    },
    {
      "name": "position",
      "type": "#Ar_120mm",
      "tm": [
        [
          0.422618,
          0.0,
          0.906308
        ],
        [
          0.0,
          1.0,
          0.0
        ],
        [
          -0.906308,
          0.0,
          0.422618
        ],
        [
          -651.885,
          0.0,
          -360.966
        ]
      ]
    },
    {
      "name": "position",
      "type": "#Ar_120mm",
      "tm": [
        [
          0.766044,
          0.0,
          0.642788
        ],
        [
          0.0,
          1.0,
          0.0
        ],
        [
          -0.642788,
          0.0,
          0.766044
        ],
        [
          119.624,
          0.0,
          -256.417
        ]
      ]
    },
    {
      "name": "position",
      "type": "#Ar_120mm",
      "tm": [
        [
          -0.766044,
          0.0,
          0.642788
        ],
        [
          0.0,
          1.0,
          0.0
        ],
        [
          -0.642788,
          0.0,
          -0.766044
        ],
        [
          795.779,
          0.0,
          -412.245
        ]
      ]
    },
    {
      "name": "position",
      "type": "#75mm_pak40_a",
      "tm": [
        [
          -0.0871553,
          0.0,
          0.996195
        ],
        [
          0.0,
          1.0,
          0.0
        ],
        [
          -0.996195,
          0.0,
          -0.0871553
        ],
        [
          -486.066,
          0.0,
          -328.323
        ]
      ]
    },
    {
      "name": "position",
      "type": "#75mm_pak40_a",
      "tm": [
        [
          -0.996195,
          0.0,
          -0.0871551
        ],
        [
          0.0,
          1.0,
          0.0
        ],
        [
          0.0871551,
          0.0,
          -0.996195
        ],
        [
          -168.48,
          0.0,
          -248.172
        ]
      ]
    },
    {
      "name": "position",
      "type": "#Ar_120mm",
      "tm": [
        [
          -0.173648,
          0.0,
          0.984808
        ],
        [
          0.0,
          1.0,
          0.0
        ],
        [
          -0.984808,
          0.0,
          -0.173648
        ],
        [
          -819.734,
          0.0,
          -421.424
        ]
      ]
    },
    {
      "name": "position",
      "type": "#75mm_pak40_a",
      "tm": [
        [
          -0.819152,
          0.0,
          0.573577
        ],
        [
          0.0,
          1.0,
          0.0
        ],
        [
          -0.573577,
          0.0,
          -0.819152
        ],
        [
          -909.193,
          0.0,
          -446.01
        ]
      ]
    },
    {
      "name": "position",
      "type": "#75mm_pak40_a",
      "tm": [
        [
          -0.819152,
          0.0,
          0.573577
        ],
        [
          0.0,
          1.0,
          0.0
        ],
        [
          -0.573577,
          0.0,
          -0.819152
        ],
        [
          -568.371,
          0.0,
          -357.717
        ]
      ]
    },
    {
      "name": "position",
      "type": "#75mm_pak40_a",
      "tm": [
        [
          -0.819152,
          0.0,
          0.573577
        ],
        [
          0.0,
          1.0,
          0.0
        ],
        [
          -0.573577,
          0.0,
          -0.819152
        ],
        [
          -757.241,
          0.0,
          -390.531
        ]
      ]
    },
    {
      "name": "position",
      "type": "#75mm_pak40_a",
      "tm": [
        [
          -0.939692,
          0.0,
          0.342021
        ],
        [
          0.0,
          1.0,
          0.0
        ],
        [
          -0.342021,
          0.0,
          -0.939692
        ],
        [
          -369.725,
          0.0,
          -270.149
        ]
      ]
    },
    {
      "name": "position",
      "type": "#75mm_pak40_a",
      "tm": [
        [
          -0.173648,
          0.0,
          0.984808
        ],
        [
          0.0,
          1.0,
          0.0
        ],
        [
          -0.984808,
          0.0,
          -0.173648
        ],
        [
          -24.1838,
          0.0,
          -235.003
        ]
      ]
    },
    {
      "name": "position",
      "type": "#75mm_pak40_a",
      "tm": [
        [
          0.5,
          0.0,
          0.866025
        ],
        [
          0.0,
          1.0,
          0.0
        ],
        [
          -0.866025,
          0.0,
          0.5
        ],
        [
          321.33,
          0.0,
          -311.137
        ]
      ]
    },
    {
      "name": "position",
      "type": "#75mm_pak40_a",
      "tm": [
        [
          0.5,
          0.0,
          0.866025
        ],
        [
          0.0,
          1.0,
          0.0
        ],
        [
          -0.866025,
          0.0,
          0.5
        ],
        [
          726.387,
          0.0,
          -419.338
        ]
      ]
    },
    {
      "name": "position",
      "type": "#75mm_pak40_a",
      "tm": [
        [
          4.33126e-7,
          0.0,
          1.0
        ],
        [
          0.0,
          1.0,
          0.0
        ],
        [
          -1.0,
          0.0,
          4.33126e-7
        ],
        [
          515.889,
          0.0,
          -341.776
        ]
      ]
    },
    {
      "name": "position",
      "type": "#75mm_pak40_a",
      "tm": [
        [
          0.642788,
          0.0,
          0.766044
        ],
        [
          0.0,
          1.0,
          0.0
        ],
        [
          -0.766044,
          0.0,
          0.642788
        ],
        [
          875.741,
          0.0,
          -451.467
        ]
      ]
    },
    {
      "name": "position",
      "type": "#Ar_120mm",
      "tm": [
        [
          -0.422618,
          0.0,
          0.906308
        ],
        [
          0.0,
          1.0,
          0.0
        ],
        [
          -0.906308,
          0.0,
          -0.422618
        ],
        [
          648.475,
          0.0,
          -379.798
        ]
      ]
    },
    {
      "name": "position",
      "type": "#75mm_pak40_a",
      "tm": [
        [
          0.5,
          0.0,
          0.866025
        ],
        [
          0.0,
          1.0,
          0.0
        ],
        [
          -0.866025,
          0.0,
          0.5
        ],
        [
          567.803,
          0.0,
          -378.277
        ]
      ]
    },
    {
      "name": "position",
      "type": "#75mm_pak40_a",
      "tm": [
        [
          -0.573576,
          0.0,
          0.819152
        ],
        [
          0.0,
          1.0,
          0.0
        ],
        [
          -0.819152,
          0.0,
          -0.573576
        ],
        [
          193.504,
          0.0,
          -279.544
        ]
      ]
    },
    {
      "name": "position",
      "type": "#Ar_120mm",
      "tm": [
        [
          -0.642788,
          0.0,
          0.766044
        ],
        [
          0.0,
          1.0,
          0.0
        ],
        [
          -0.766044,
          0.0,
          -0.642788
        ],
        [
          -361.644,
          0.0,
          -410.463
        ]
      ]
    },
    {
      "name": "position",
      "type": "#AA_80mm",
      "tm": [
        [
          0.866025,
          0.0,
          0.5
        ],
        [
          0.0,
          1.0,
          0.0
        ],
        [
          -0.5,
          0.0,
          0.866025
        ],
        [
          130.212,
          0.0,
          -384.321
        ]
      ]
    },
    {
      "name": "position",
      "type": "#Ar_120mm",
      "tm": [
        [
          0.906308,
          0.0,
          0.422618
        ],
        [
          0.0,
          1.0,
          0.0
        ],
        [
          -0.422618,
          0.0,
          0.906308
        ],
        [
          43.9807,
          0.0,
          -361.867
        ]
      ]
    },
    {
      "name": "position",
      "type": "#Ar_120mm",
      "tm": [
        [
          0.866025,
          0.0,
          0.5
        ],
        [
          0.0,
          1.0,
          0.0
        ],
        [
          -0.5,
          0.0,
          0.866025
        ],
        [
          257.429,
          0.0,
          -386.255
        ]
      ]
    },
    {
      "name": "position",
      "type": "#Ar_120mm",
      "tm": [
        [
          -0.5,
          0.0,
          0.866026
        ],
        [
          0.0,
          1.0,
          0.0
        ],
        [
          -0.866026,
          0.0,
          -0.5
        ],
        [
          629.03,
          0.0,
          -476.967
        ]
      ]
    },
    {
      "name": "position",
      "type": "#AA_searchlight",
      "tm": [
        [
          0.0,
          1.0,
          0.0
        ],
        [
          0.5,
          0.0,
          -0.866026
        ],
        [
          -0.866026,
          0.0,
          -0.5
        ],
        [
          386.689,
          0.0,
          -773.699
        ]
      ]
    },
    {
      "name": "position",
      "type": "#AA_searchlight",
      "tm": [
        [
          0.0,
          1.0,
          0.0
        ],
        [
          0.5,
          0.0,
          -0.866026
        ],
        [
          -0.866026,
          0.0,
          -0.5
        ],
        [
          -432.289,
          0.0,
          -676.729
        ]
      ]
    },
    {
      "name": "position",
      "type": "#Ar_120mm",
      "tm": [
        [
          -0.707107,
          0.0,
          0.707107
        ],
        [
          0.0,
          1.0,
          0.0
        ],
        [
          -0.707107,
          0.0,
          -0.707107
        ],
        [
          145.713,
          0.0,
          -678.893
        ]
      ]
    },
    {
      "name": "position",
      "type": "#Ar_120mm",
      "tm": [
        [
          -0.707107,
          0.0,
          0.707107
        ],
        [
          0.0,
          1.0,
          0.0
        ],
        [
          -0.707107,
          0.0,
          -0.707107
        ],
        [
          -764.838,
          0.0,
          -774.417
        ]
      ]
    },
    {
      "name": "position",
      "type": "#AA_searchlight",
      "tm": [
        [
          0.0,
          1.0,
          0.0
        ],
        [
          -0.766045,
          0.0,
          -0.642788
        ],
        [
          -0.642788,
          0.0,
          0.766045
        ],
        [
          -554.896,
          0.0,
          -763.406
        ]
      ]
    },
    {
      "name": "position",
      "type": "#Ar_120mm",
      "tm": [
        [
          -0.707107,
          0.0,
          0.707107
        ],
        [
          0.0,
          1.0,
          0.0
        ],
        [
          -0.707107,
          0.0,
          -0.707107
        ],
        [
          -933.321,
          0.0,
          -824.604
        ]
      ]
    },
    {
      "name": "position",
      "type": "#AA_searchlight",
      "tm": [
        [
          0.0,
          1.0,
          0.0
        ],
        [
          -0.766045,
          0.0,
          -0.642788
        ],
        [
          -0.642788,
          0.0,
          0.766045
        ],
        [
          -836.811,
          0.0,
          -800.913
        ]
      ]
    },
    {
      "name": "position",
      "type": "#AA_80mm",
      "tm": [
        [
          0.819152,
          0.0,
          0.573577
        ],
        [
          0.0,
          1.0,
          0.0
        ],
        [
          -0.573577,
          0.0,
          0.819152
        ],
        [
          -488.208,
          0.0,
          -742.892
        ]
      ]
    },
    {
      "name": "position",
      "type": "#AA_80mm",
      "tm": [
        [
          0.707107,
          0.0,
          -0.707107
        ],
        [
          0.0,
          1.0,
          0.0
        ],
        [
          0.707107,
          0.0,
          0.707107
        ],
        [
          -349.413,
          0.0,
          -679.668
        ]
      ]
    },
    {
      "name": "position",
      "type": "#AA_80mm",
      "tm": [
        [
          0.707107,
          0.0,
          -0.707107
        ],
        [
          0.0,
          1.0,
          0.0
        ],
        [
          0.707107,
          0.0,
          0.707107
        ],
        [
          231.352,
          0.0,
          -705.236
        ]
      ]
    },
    {
      "name": "position",
      "type": "#AA_80mm",
      "tm": [
        [
          0.707107,
          0.0,
          -0.707107
        ],
        [
          0.0,
          1.0,
          0.0
        ],
        [
          0.707107,
          0.0,
          0.707107
        ],
        [
          556.912,
          0.0,
          -741.374
        ]
      ]
    },
    {
      "name": "position",
      "type": "#AA_80mm",
      "tm": [
        [
          0.707107,
          0.0,
          -0.707107
        ],
        [
          0.0,
          1.0,
          0.0
        ],
        [
          0.707107,
          0.0,
          0.707107
        ],
        [
          841.497,
          0.0,
          -813.496
        ]
      ]
    },
    {
      "name": "position",
      "type": "#AA_searchlight",
      "tm": [
        [
          0.0,
          1.0,
          0.0
        ],
        [
          -0.819152,
          0.0,
          -0.573576
        ],
        [
          -0.573576,
          0.0,
          0.819152
        ],
        [
          -61.4022,
          0.0,
          -677.424
        ]
      ]
    },
    {
      "name": "position",
      "type": "#AA_80mm",
      "tm": [
        [
          0.819152,
          0.0,
          0.573577
        ],
        [
          0.0,
          1.0,
          0.0
        ],
        [
          -0.573577,
          0.0,
          0.819152
        ],
        [
          -706.587,
          0.0,
          -702.068
        ]
      ]
    },
    {
      "name": "position",
      "type": "#AA_80mm",
      "tm": [
        [
          0.707107,
          0.0,
          -0.707107
        ],
        [
          0.0,
          1.0,
          0.0
        ],
        [
          0.707107,
          0.0,
          0.707107
        ],
        [
          -268.384,
          0.0,
          -734.156
        ]
      ]
    },
    {
      "name": "position",
      "type": "#AA_searchlight",
      "tm": [
        [
          0.0,
          1.0,
          0.0
        ],
        [
          0.5,
          8.14603e-8,
          -0.866026
        ],
        [
          -0.866026,
          0.0,
          -0.5
        ],
        [
          -144.696,
          0.0,
          -654.847
        ]
      ]
    },
    {
      "name": "position",
      "type": "#AA_80mm",
      "tm": [
        [
          0.819152,
          0.0,
          0.573577
        ],
        [
          0.0,
          1.0,
          0.0
        ],
        [
          -0.573577,
          0.0,
          0.819152
        ],
        [
          72.8936,
          0.0,
          -728.476
        ]
      ]
    },
    {
      "name": "position",
      "type": "#75mm_pak40_a",
      "tm": [
        [
          7.54979e-8,
          0.0,
          1.0
        ],
        [
          0.0,
          1.0,
          0.0
        ],
        [
          -1.0,
          0.0,
          7.54979e-8
        ],
        [
          -156.234,
          0.0,
          -136.249
        ]
      ]
    }
  ]
}