{
  "className": "composit",
  "node": [
    {
      "name": "tape_barrier_pole_gaijin_middle",
      "tm": [
        [
          0.35564,
          0.0,
          -0.934623
        ],
        [
          0.0,
          1.0,
          0.0
        ],
        [
          0.934623,
          0.0,
          0.35564
        ],
        [
          0.0,
          0.0,
          0.0
        ]
      ]
    },
    {
      "name": "tape_barrier_red_segment_a",
      "tm": [
        [
          -0.457918,
          0.0,
          0.888995
        ],
        [
          0.0,
          1.0,
          0.0
        ],
        [
          -0.888995,
          0.0,
          -0.457918
        ],
        [
          0.472938,
          0.0,
          -0.92334
        ]
      ]
    },
    {
      "name": "tape_barrier_pole_gaijin_end",
      "tm": [
        [
          -0.35564,
          0.0,
          0.934623
        ],
        [
          0.0,
          1.0,
          0.0
        ],
        [
          -0.934623,
          0.0,
          -0.35564
        ],
        [
          0.0246827,
          0.0,
          -0.0727539
        ]
      ]
    },
    {
      "name": "tape_barrier_red_segment_a",
      "tm": [
        [
          -0.356913,
          0.0,
          0.934138
        ],
        [
          0.0,
          1.0,
          0.0
        ],
        [
          -0.934138,
          0.0,
          -0.356913
        ],
        [
          -0.374965,
          0.0,
          0.976501
        ]
      ]
    },
    {
      "name": "tape_barrier_pole_gaijin_middle",
      "tm": [
        [
          0.429633,
          0.0,
          -0.903004
        ],
        [
          0.0,
          1.0,
          0.0
        ],
        [
          0.903004,
          0.0,
          0.429633
        ],
        [
          0.943258,
          0.0,
          -1.85992
        ]
      ]
    },
    {
      "name": "tape_barrier_red_segment_a",
      "tm": [
        [
          -0.447134,
          0.0,
          0.894467
        ],
        [
          0.0,
          1.0,
          0.0
        ],
        [
          -0.894467,
          0.0,
          -0.447134
        ],
        [
          1.41325,
          0.0,
          -2.79633
        ]
      ]
    },
    {
      "name": "tape_barrier_pole_gaijin_end",
      "tm": [
        [
          -0.429633,
          0.0,
          0.903004
        ],
        [
          0.0,
          1.0,
          0.0
        ],
        [
          -0.903004,
          0.0,
          -0.429633
        ],
        [
          0.973603,
          0.0,
          -1.93036
        ]
      ]
    },
    {
      "name": "tape_barrier_pole_gaijin_middle",
      "tm": [
        [
          0.475409,
          0.0,
          -0.879765
        ],
        [
          0.0,
          1.0,
          0.0
        ],
        [
          0.879765,
          0.0,
          0.475409
        ],
        [
          1.88054,
          0.0,
          -3.72052
        ]
      ]
    },
    {
      "name": "tape_barrier_red_segment_a",
      "tm": [
        [
          -0.49284,
          0.0,
          0.87012
        ],
        [
          0.0,
          1.0,
          0.0
        ],
        [
          -0.87012,
          0.0,
          -0.49284
        ],
        [
          2.39218,
          0.0,
          -4.61353
        ]
      ]
    },
    {
      "name": "tape_barrier_pole_gaijin_end",
      "tm": [
        [
          -0.475408,
          0.0,
          0.879765
        ],
        [
          0.0,
          1.0,
          0.0
        ],
        [
          -0.879765,
          0.0,
          -0.475408
        ],
        [
          1.91314,
          0.0,
          -3.79028
        ]
      ]
    },
    {
      "name": "tape_barrier_pole_gaijin_middle",
      "tm": [
        [
          0.604123,
          0.0,
          -0.796891
        ],
        [
          0.0,
          1.0,
          0.0
        ],
        [
          0.796891,
          0.0,
          0.604123
        ],
        [
          2.90578,
          0.0,
          -5.50623
        ]
      ]
    },
    {
      "name": "tape_barrier_red_segment_a",
      "tm": [
        [
          -0.604123,
          0.0,
          0.796891
        ],
        [
          0.0,
          1.0,
          0.0
        ],
        [
          -0.796891,
          0.0,
          -0.604123
        ],
        [
          3.52776,
          0.0,
          -6.34369
        ]
      ]
    },
    {
      "name": "tape_barrier_pole_gaijin_end",
      "tm": [
        [
          -0.604123,
          0.0,
          0.796891
        ],
        [
          0.0,
          1.0,
          0.0
        ],
        [
          -0.796891,
          0.0,
          -0.604123
        ],
        [
          2.94986,
          0.0,
          -5.56909
        ]
      ]
    },
    {
      "name": "tape_barrier_pole_gaijin_middle",
      "tm": [
        [
          0.755106,
          0.0,
          -0.655603
        ],
        [
          0.0,
          1.0,
          0.0
        ],
        [
          0.655603,
          0.0,
          0.755106
        ],
        [
          4.16693,
          0.0,
          -7.16174
        ]
      ]
    },
    {
      "name": "tape_barrier_red_segment_a",
      "tm": [
        [
          -0.755106,
          0.0,
          0.655603
        ],
        [
          0.0,
          1.0,
          0.0
        ],
        [
          -0.655603,
          0.0,
          -0.755106
        ],
        [
          4.95449,
          0.0,
          -7.84302
        ]
      ]
    },
    {
      "name": "tape_barrier_pole_gaijin_end",
      "tm": [
        [
          -0.755106,
          0.0,
          0.655603
        ],
        [
          0.0,
          1.0,
          0.0
        ],
        [
          -0.655603,
          0.0,
          -0.755106
        ],
        [
          4.22603,
          0.0,
          -7.21075
        ]
      ]
    },
    {
      "name": "tape_barrier_pole_gaijin_end",
      "tm": [
        [
          -0.818843,
          0.0,
          0.574018
        ],
        [
          0.0,
          1.0,
          0.0
        ],
        [
          -0.574018,
          0.0,
          -0.818843
        ],
        [
          5.80053,
          0.0,
          -8.55579
        ]
      ]
    },
    {
      "name": "tape_barrier_pole_gaijin_middle",
      "tm": [
        [
          0.818843,
          0.0,
          -0.574018
        ],
        [
          0.0,
          1.0,
          0.0
        ],
        [
          0.574018,
          0.0,
          0.818843
        ],
        [
          5.74044,
          0.0,
          -8.50696
        ]
      ]
    },
    {
      "name": "tape_barrier_red_segment_a",
      "tm": [
        [
          0.839552,
          0.0464674,
          -0.580201
        ],
        [
          -0.0298995,
          0.998878,
          0.036734
        ],
        [
          0.568974,
          -0.0132073,
          0.82225
        ],
        [
          6.64247,
          0.0307312,
          -9.14569
        ]
      ]
    },
    {
      "name": "tape_barrier_red_segment_a",
      "tm": [
        [
          -0.844264,
          0.0,
          0.535927
        ],
        [
          0.0,
          1.0,
          0.0
        ],
        [
          -0.535927,
          0.0,
          -0.844264
        ],
        [
          8.34058,
          0.0648041,
          -10.2554
        ]
      ]
    },
    {
      "name": "tape_barrier_pole_gaijin_end",
      "tm": [
        [
          -0.847524,
          0.0,
          0.530758
        ],
        [
          0.0,
          1.0,
          0.0
        ],
        [
          -0.530758,
          0.0,
          -0.847524
        ],
        [
          7.52303,
          0.0648041,
          -9.74341
        ]
      ]
    },
    {
      "name": "tape_barrier_pole_gaijin_middle",
      "tm": [
        [
          0.847524,
          0.0,
          -0.530758
        ],
        [
          0.0,
          1.0,
          0.0
        ],
        [
          0.530758,
          0.0,
          0.847524
        ],
        [
          7.45693,
          0.0648041,
          -9.70422
        ]
      ]
    },
    {
      "name": "tape_barrier_pole_gaijin_middle",
      "tm": [
        [
          0.916749,
          0.0,
          -0.399464
        ],
        [
          0.0,
          1.0,
          0.0
        ],
        [
          0.399464,
          0.0,
          0.916749
        ],
        [
          9.22946,
          0.0648041,
          -10.8094
        ]
      ]
    },
    {
      "name": "tape_barrier_pole_gaijin_end",
      "tm": [
        [
          -0.916749,
          0.0,
          0.399464
        ],
        [
          0.0,
          1.0,
          0.0
        ],
        [
          -0.399464,
          0.0,
          -0.916749
        ],
        [
          9.30278,
          0.0648041,
          -10.8414
        ]
      ]
    },
    {
      "name": "tape_barrier_red_segment_a",
      "tm": [
        [
          -0.916749,
          0.0,
          0.399464
        ],
        [
          0.0,
          1.0,
          0.0
        ],
        [
          -0.399464,
          0.0,
          -0.916749
        ],
        [
          10.1871,
          0.0648041,
          -11.2267
        ]
      ]
    },
    {
      "name": "tape_barrier_pole_gaijin_middle",
      "tm": [
        [
          0.984513,
          0.0,
          -0.17531
        ],
        [
          0.0,
          1.0,
          0.0
        ],
        [
          0.17531,
          0.0,
          0.984513
        ],
        [
          11.1316,
          0.0648041,
          -11.6417
        ]
      ]
    },
    {
      "name": "tape_barrier_pole_gaijin_end",
      "tm": [
        [
          -0.984513,
          0.0,
          0.17531
        ],
        [
          0.0,
          1.0,
          0.0
        ],
        [
          -0.17531,
          0.0,
          -0.984513
        ],
        [
          11.2103,
          0.0648041,
          -11.6558
        ]
      ]
    },
    {
      "name": "tape_barrier_red_segment_a",
      "tm": [
        [
          -0.984513,
          0.0,
          0.17531
        ],
        [
          0.0,
          1.0,
          0.0
        ],
        [
          -0.17531,
          0.0,
          -0.984513
        ],
        [
          12.16,
          0.0648041,
          -11.8249
        ]
      ]
    },
    {
      "name": "tape_barrier_pole_gaijin_middle",
      "tm": [
        [
          0.984513,
          0.0,
          -0.17531
        ],
        [
          0.0,
          1.0,
          0.0
        ],
        [
          0.17531,
          0.0,
          0.984513
        ],
        [
          13.1839,
          0.0648041,
          -12.0072
        ]
      ]
    },
    {
      "name": "tape_barrier_pole_gaijin_middle",
      "tm": [
        [
          0.309357,
          0.0,
          -0.950946
        ],
        [
          0.0,
          1.0,
          0.0
        ],
        [
          0.950946,
          0.0,
          0.309357
        ],
        [
          -0.738797,
          0.0,
          1.95972
        ]
      ]
    },
    {
      "name": "tape_barrier_pole_gaijin_end",
      "tm": [
        [
          -0.309357,
          0.0,
          0.950946
        ],
        [
          0.0,
          1.0,
          0.0
        ],
        [
          -0.950946,
          0.0,
          -0.309357
        ],
        [
          -0.720502,
          0.0,
          1.8739
        ]
      ]
    },
    {
      "name": "tape_barrier_red_segment_a",
      "tm": [
        [
          -0.305318,
          0.0,
          0.952251
        ],
        [
          0.0,
          1.0,
          0.0
        ],
        [
          -0.952251,
          0.0,
          -0.305318
        ],
        [
          -1.07199,
          0.0,
          2.94562
        ]
      ]
    },
    {
      "name": "tape_barrier_pole_gaijin_middle",
      "tm": [
        [
          0.305318,
          0.0,
          -0.952251
        ],
        [
          0.0,
          1.0,
          0.0
        ],
        [
          0.952251,
          0.0,
          0.305318
        ],
        [
          -1.38071,
          0.0,
          3.94232
        ]
      ]
    },
    {
      "name": "tape_barrier_pole_gaijin_end",
      "tm": [
        [
          -0.305318,
          0.0,
          0.952251
        ],
        [
          0.0,
          1.0,
          0.0
        ],
        [
          -0.952251,
          0.0,
          -0.305318
        ],
        [
          -1.35996,
          0.0,
          3.86835
        ]
      ]
    },
    {
      "name": "tape_barrier_red_segment_a",
      "tm": [
        [
          -0.176907,
          0.0,
          0.984228
        ],
        [
          0.0,
          1.0,
          0.0
        ],
        [
          -0.984228,
          0.0,
          -0.176907
        ],
        [
          -1.56917,
          0.0,
          4.9549
        ]
      ]
    },
    {
      "name": "tape_barrier_pole_gaijin_middle",
      "tm": [
        [
          0.201779,
          0.0,
          -0.979431
        ],
        [
          0.0,
          1.0,
          0.0
        ],
        [
          0.979431,
          0.0,
          0.201779
        ],
        [
          -1.75047,
          0.0,
          5.97321
        ]
      ]
    },
    {
      "name": "tape_barrier_pole_gaijin_end",
      "tm": [
        [
          -0.201779,
          0.0,
          0.979431
        ],
        [
          0.0,
          1.0,
          0.0
        ],
        [
          -0.979431,
          0.0,
          -0.201779
        ],
        [
          -1.73935,
          0.0,
          5.89685
        ]
      ]
    },
    {
      "name": "tape_barrier_red_segment_a",
      "tm": [
        [
          -0.169438,
          0.0,
          0.985541
        ],
        [
          0.0,
          1.0,
          0.0
        ],
        [
          -0.985541,
          0.0,
          -0.169438
        ],
        [
          -1.92545,
          0.0,
          6.99188
        ]
      ]
    },
    {
      "name": "tape_barrier_pole_gaijin_middle",
      "tm": [
        [
          0.194346,
          0.0,
          -0.980933
        ],
        [
          0.0,
          1.0,
          0.0
        ],
        [
          0.980933,
          0.0,
          0.194346
        ],
        [
          -2.09903,
          0.0,
          8.01141
        ]
      ]
    },
    {
      "name": "tape_barrier_pole_gaijin_end",
      "tm": [
        [
          -0.194346,
          0.0,
          0.980933
        ],
        [
          0.0,
          1.0,
          0.0
        ],
        [
          -0.980933,
          0.0,
          -0.194346
        ],
        [
          -2.08847,
          0.0,
          7.935
        ]
      ]
    },
    {
      "name": "tape_barrier_red_segment_a",
      "tm": [
        [
          -0.150759,
          0.0,
          0.988571
        ],
        [
          0.0,
          1.0,
          0.0
        ],
        [
          -0.988571,
          0.0,
          -0.150759
        ],
        [
          -2.24842,
          0.0,
          9.02332
        ]
      ]
    },
    {
      "name": "tape_barrier_pole_gaijin_middle",
      "tm": [
        [
          0.17575,
          0.0,
          -0.984435
        ],
        [
          0.0,
          1.0,
          0.0
        ],
        [
          0.984435,
          0.0,
          0.17575
        ],
        [
          -2.40267,
          0.0,
          10.0459
        ]
      ]
    },
    {
      "name": "tape_barrier_pole_gaijin_end",
      "tm": [
        [
          -0.17575,
          0.0,
          0.984435
        ],
        [
          0.0,
          1.0,
          0.0
        ],
        [
          -0.984435,
          0.0,
          -0.17575
        ],
        [
          -2.39356,
          0.0,
          9.96924
        ]
      ]
    },
    {
      "name": "tape_barrier_red_segment_a",
      "tm": [
        [
          -0.0175766,
          0.0,
          0.999846
        ],
        [
          0.0,
          1.0,
          0.0
        ],
        [
          -0.999846,
          0.0,
          -0.0175766
        ],
        [
          -2.42568,
          0.0,
          11.0685
        ]
      ]
    },
    {
      "name": "tape_barrier_pole_gaijin_middle",
      "tm": [
        [
          0.0428953,
          0.0,
          -0.99908
        ],
        [
          0.0,
          1.0,
          0.0
        ],
        [
          0.99908,
          0.0,
          0.0428953
        ],
        [
          -2.45051,
          0.0,
          12.1026
        ]
      ]
    },
    {
      "name": "tape_barrier_pole_gaijin_end",
      "tm": [
        [
          -0.0428952,
          0.0,
          0.99908
        ],
        [
          0.0,
          1.0,
          0.0
        ],
        [
          -0.99908,
          0.0,
          -0.0428952
        ],
        [
          -2.44337,
          0.0,
          12.0253
        ]
      ]
    },
    {
      "name": "tape_barrier_red_segment_a",
      "tm": [
        [
          0.0234265,
          0.0,
          0.999726
        ],
        [
          0.0,
          1.0,
          0.0
        ],
        [
          -0.999726,
          0.0,
          0.0234265
        ],
        [
          -2.42375,
          0.0,
          13.1326
        ]
      ]
    },
    {
      "name": "tape_barrier_pole_gaijin_middle",
      "tm": [
        [
          -0.0396446,
          0.0,
          -0.999214
        ],
        [
          0.0,
          1.0,
          0.0
        ],
        [
          0.999214,
          0.0,
          -0.0396446
        ],
        [
          -2.40478,
          0.0,
          14.1725
        ]
      ]
    },
    {
      "name": "tape_barrier_pole_gaijin_end",
      "tm": [
        [
          0.0396447,
          0.0,
          0.999214
        ],
        [
          0.0,
          1.0,
          0.0
        ],
        [
          -0.999214,
          0.0,
          0.0396447
        ],
        [
          -2.40403,
          0.0,
          14.095
        ]
      ]
    },
    {
      "name": "tape_barrier_red_segment_a",
      "tm": [
        [
          0.0339116,
          0.0,
          0.999425
        ],
        [
          0.0,
          1.0,
          0.0
        ],
        [
          -0.999425,
          0.0,
          0.0339116
        ],
        [
          -2.37356,
          0.0,
          15.1923
        ]
      ]
    },
    {
      "name": "tape_barrier_pole_gaijin_middle",
      "tm": [
        [
          -0.00858703,
          0.0,
          -0.999963
        ],
        [
          0.0,
          1.0,
          0.0
        ],
        [
          0.999963,
          0.0,
          -0.00858703
        ],
        [
          -2.34513,
          0.0,
          16.2264
        ]
      ]
    },
    {
      "name": "tape_barrier_pole_gaijin_end",
      "tm": [
        [
          0.00858718,
          0.0,
          0.999963
        ],
        [
          0.0,
          1.0,
          0.0
        ],
        [
          -0.999963,
          0.0,
          0.00858718
        ],
        [
          -2.34197,
          0.0,
          16.1487
        ]
      ]
    },
    {
      "name": "tape_barrier_red_segment_a",
      "tm": [
        [
          0.0188547,
          0.0,
          0.837638
        ],
        [
          0.0,
          1.0,
          0.0
        ],
        [
          -0.999747,
          0.0,
          0.0225037
        ],
        [
          -2.33076,
          0.0,
          17.104
        ]
      ]
    },
    {
      "name": "tape_barrier_pole_gaijin_middle",
      "tm": [
        [
          -0.0910244,
          0.0,
          -0.995849
        ],
        [
          0.0,
          1.0,
          0.0
        ],
        [
          0.995849,
          0.0,
          -0.0910244
        ],
        [
          -2.3225,
          0.0,
          17.9766
        ]
      ]
    },
    {
      "name": "tape_barrier_pole_gaijin_end",
      "tm": [
        [
          0.0910246,
          0.0,
          0.995849
        ],
        [
          0.0,
          1.0,
          0.0
        ],
        [
          -0.995849,
          0.0,
          0.0910246
        ],
        [
          -2.32575,
          0.0,
          17.8992
        ]
      ]
    },
    {
      "name": "tape_barrier_red_segment_a",
      "tm": [
        [
          0.106851,
          0.0,
          0.994275
        ],
        [
          0.0,
          1.0,
          0.0
        ],
        [
          -0.994275,
          0.0,
          0.106851
        ],
        [
          -2.21116,
          0.0,
          19.0092
        ]
      ]
    },
    {
      "name": "tape_barrier_pole_start",
      "tm": [
        [
          -0.184414,
          0.0,
          -0.982849
        ],
        [
          0.0,
          1.0,
          0.0
        ],
        [
          0.982849,
          0.0,
          -0.184414
        ],
        [
          -2.10675,
          0.0,
          20.0204
        ]
      ]
    },
    {
      "name": "tape_barrier_pole_gaijin_end",
      "tm": [
        [
          0.184414,
          0.0,
          0.982849
        ],
        [
          0.0,
          1.0,
          0.0
        ],
        [
          -0.982849,
          0.0,
          0.184414
        ],
        [
          -2.1173,
          0.0,
          19.9435
        ]
      ]
    }
  ]
}