{
  "className": "composit",
  "node": [
    {
      "name": "tape_barrier_pole_middle",
      "tm": [
        [
          1.0,
          0.0,
          0.0
        ],
        [
          0.0,
          1.0,
          0.0
        ],
        [
          0.0,
          0.0,
          1.0
        ],
        [
          -1.65,
          -0.0000038147,
          3.35
        ]
      ]
    },
    {
      "name": "tape_barrier_pole_middle",
      "tm": [
        [
          0.996602,
          0.0,
          0.0823688
        ],
        [
          0.0,
          1.0,
          0.0
        ],
        [
          -0.0823688,
          0.0,
          0.996602
        ],
        [
          -3.7,
          -0.0000038147,
          3.35
        ]
      ]
    },
    {
      "name": "tape_barrier_pole_middle",
      "tm": [
        [
          0.943057,
          0.0,
          0.332631
        ],
        [
          0.0,
          1.0,
          0.0
        ],
        [
          -0.332631,
          0.0,
          0.943057
        ],
        [
          -5.7,
          -0.0000038147,
          2.8
        ]
      ]
    },
    {
      "name": "tape_barrier_pole_middle",
      "tm": [
        [
          0.688765,
          0.0,
          0.724985
        ],
        [
          0.0,
          1.0,
          0.0
        ],
        [
          -0.724985,
          0.0,
          0.688765
        ],
        [
          -7.6,
          -0.00000488758,
          2.0
        ]
      ]
    },
    {
      "name": "tape_barrier_pole_middle",
      "tm": [
        [
          0.0304556,
          0.0,
          0.999536
        ],
        [
          0.0,
          1.0,
          0.0
        ],
        [
          -0.999536,
          0.0,
          0.0304556
        ],
        [
          -8.5,
          -0.00000238419,
          0.12
        ]
      ]
    },
    {
      "name": "tape_barrier_pole_middle",
      "tm": [
        [
          0.677742,
          0.0,
          -0.735301
        ],
        [
          0.0,
          1.0,
          0.0
        ],
        [
          0.735301,
          0.0,
          0.677742
        ],
        [
          -8.1087,
          -0.00000238419,
          -1.91868
        ]
      ]
    },
    {
      "name": "tape_barrier_pole_middle",
      "tm": [
        [
          -0.893884,
          0.0,
          0.448299
        ],
        [
          0.0,
          1.0,
          0.0
        ],
        [
          -0.448299,
          0.0,
          -0.893884
        ],
        [
          -6.28506,
          3.57628e-7,
          -2.8821
        ]
      ]
    },
    {
      "name": "tape_barrier_pole_middle",
      "tm": [
        [
          -0.986608,
          0.0,
          0.16311
        ],
        [
          0.0,
          1.0,
          0.0
        ],
        [
          -0.16311,
          0.0,
          -0.986608
        ],
        [
          -4.25469,
          4.76837e-7,
          -3.2193
        ]
      ]
    },
    {
      "name": "tape_barrier_pole_middle",
      "tm": [
        [
          -0.998677,
          0.0,
          0.0514185
        ],
        [
          0.0,
          1.0,
          0.0
        ],
        [
          -0.0514185,
          0.0,
          -0.998677
        ],
        [
          -2.18614,
          3.57628e-7,
          -3.31737
        ]
      ]
    },
    {
      "name": "tape_barrier_pole_middle",
      "tm": [
        [
          -0.999966,
          0.0,
          -0.00825618
        ],
        [
          0.0,
          1.0,
          0.0
        ],
        [
          0.00825618,
          0.0,
          -0.999966
        ],
        [
          -0.127963,
          -4.76837e-7,
          -3.33236
        ]
      ]
    },
    {
      "name": "tape_barrier_pole_middle",
      "tm": [
        [
          -0.999904,
          0.0,
          0.0138446
        ],
        [
          0.0,
          1.0,
          0.0
        ],
        [
          -0.0138446,
          0.0,
          -0.999904
        ],
        [
          1.9573,
          -9.53674e-7,
          -3.33094
        ]
      ]
    },
    {
      "name": "tape_barrier_pole_middle",
      "tm": [
        [
          -0.999847,
          0.0,
          -0.0175006
        ],
        [
          0.0,
          1.0,
          0.0
        ],
        [
          0.0175006,
          0.0,
          -0.999847
        ],
        [
          4.03955,
          -9.53674e-7,
          -3.33033
        ]
      ]
    },
    {
      "name": "tape_barrier_pole_middle",
      "tm": [
        [
          -0.999962,
          0.0,
          -0.00872664
        ],
        [
          0.0,
          1.0,
          0.0
        ],
        [
          0.00872664,
          0.0,
          -0.999962
        ],
        [
          6.11804,
          0.00000143051,
          -3.2409
        ]
      ]
    },
    {
      "name": "tape_barrier_pole_middle",
      "tm": [
        [
          -0.954477,
          0.0,
          -0.298284
        ],
        [
          0.0,
          1.0,
          0.0
        ],
        [
          0.298284,
          0.0,
          -0.954477
        ],
        [
          8.17288,
          -4.76837e-7,
          -2.89481
        ]
      ]
    },
    {
      "name": "tape_barrier_pole_middle",
      "tm": [
        [
          -0.537627,
          0.0,
          -0.843183
        ],
        [
          0.0,
          1.0,
          0.0
        ],
        [
          0.843183,
          0.0,
          -0.537627
        ],
        [
          9.97821,
          0.00000190735,
          -1.87504
        ]
      ]
    },
    {
      "name": "tape_barrier_pole_middle",
      "tm": [
        [
          -0.0680153,
          0.0,
          -0.997684
        ],
        [
          0.0,
          1.0,
          0.0
        ],
        [
          0.997684,
          0.0,
          -0.0680153
        ],
        [
          10.2364,
          0.0000025034,
          0.182974
        ]
      ]
    },
    {
      "name": "tape_barrier_pole_middle",
      "tm": [
        [
          0.557745,
          0.0,
          -0.830012
        ],
        [
          0.0,
          1.0,
          0.0
        ],
        [
          0.830012,
          0.0,
          0.557745
        ],
        [
          9.51262,
          0.00000190735,
          2.13066
        ]
      ]
    },
    {
      "name": "tape_barrier_pole_middle",
      "tm": [
        [
          0.889711,
          0.0,
          -0.456524
        ],
        [
          0.0,
          1.0,
          0.0
        ],
        [
          0.456524,
          0.0,
          0.889711
        ],
        [
          7.81857,
          0.00000190735,
          3.34602
        ]
      ]
    },
    {
      "name": "tape_barrier_pole_middle",
      "tm": [
        [
          1.0,
          0.0,
          0.0
        ],
        [
          0.0,
          1.0,
          0.0
        ],
        [
          0.0,
          0.0,
          1.0
        ],
        [
          5.74966,
          0.00000762939,
          3.40603
        ]
      ]
    },
    {
      "name": "tape_barrier_pole_middle",
      "tm": [
        [
          1.0,
          0.0,
          0.0
        ],
        [
          0.0,
          1.0,
          0.0
        ],
        [
          0.0,
          0.0,
          1.0
        ],
        [
          3.66157,
          0.00000667572,
          3.40153
        ]
      ]
    },
    {
      "name": "tape_barrier_pole_middle",
      "tm": [
        [
          1.0,
          0.0,
          0.0
        ],
        [
          0.0,
          1.0,
          0.0
        ],
        [
          0.0,
          0.0,
          1.0
        ],
        [
          1.58631,
          0.00000476837,
          3.40071
        ]
      ]
    },
    {
      "name": "tape_barrier_pole_middle",
      "tm": [
        [
          1.0,
          0.0,
          0.0
        ],
        [
          0.0,
          1.0,
          0.0
        ],
        [
          0.0,
          0.0,
          1.0
        ],
        [
          -0.485655,
          0.00000476837,
          3.40071
        ]
      ]
    },
    {
      "name": "tape_barrier_pole_gaijin_end",
      "tm": [
        [
          1.0,
          0.0,
          0.0
        ],
        [
          0.0,
          1.0,
          0.0
        ],
        [
          0.0,
          0.0,
          1.0
        ],
        [
          -1.65,
          4.76837e-7,
          3.35
        ]
      ]
    },
    {
      "name": "tape_barrier_pole_gaijin_end",
      "tm": [
        [
          0.996609,
          0.0,
          0.0822864
        ],
        [
          0.0,
          1.0,
          0.0
        ],
        [
          -0.0822864,
          0.0,
          0.996609
        ],
        [
          -3.7,
          4.76837e-7,
          3.35
        ]
      ]
    },
    {
      "name": "tape_barrier_pole_gaijin_end",
      "tm": [
        [
          0.943223,
          0.0,
          0.332161
        ],
        [
          0.0,
          1.0,
          0.0
        ],
        [
          -0.332161,
          0.0,
          0.943223
        ],
        [
          -5.7,
          4.76837e-7,
          2.8
        ]
      ]
    },
    {
      "name": "tape_barrier_pole_gaijin_end",
      "tm": [
        [
          0.688355,
          0.0,
          0.725375
        ],
        [
          0.0,
          1.0,
          0.0
        ],
        [
          -0.725375,
          0.0,
          0.688355
        ],
        [
          -7.6,
          4.76837e-7,
          2.0
        ]
      ]
    },
    {
      "name": "tape_barrier_pole_gaijin_end",
      "tm": [
        [
          0.0296662,
          0.0,
          0.999561
        ],
        [
          0.0,
          1.0,
          0.0
        ],
        [
          -0.999561,
          0.0,
          0.0296662
        ],
        [
          -8.5,
          4.76837e-7,
          0.12
        ]
      ]
    },
    {
      "name": "tape_barrier_pole_gaijin_end",
      "tm": [
        [
          0.67816,
          0.0,
          -0.734915
        ],
        [
          0.0,
          1.0,
          0.0
        ],
        [
          0.734915,
          0.0,
          0.67816
        ],
        [
          -8.11,
          4.76837e-7,
          -1.92
        ]
      ]
    },
    {
      "name": "tape_barrier_pole_gaijin_end",
      "tm": [
        [
          -0.894154,
          0.0,
          0.447759
        ],
        [
          0.0,
          1.0,
          0.0
        ],
        [
          -0.447759,
          0.0,
          -0.894154
        ],
        [
          -6.28913,
          4.76837e-7,
          -2.87863
        ]
      ]
    },
    {
      "name": "tape_barrier_pole_gaijin_end",
      "tm": [
        [
          -0.986572,
          0.0,
          0.163326
        ],
        [
          0.0,
          1.0,
          0.0
        ],
        [
          -0.163326,
          0.0,
          -0.986572
        ],
        [
          -4.25297,
          4.76837e-7,
          -3.22
        ]
      ]
    },
    {
      "name": "tape_barrier_pole_gaijin_end",
      "tm": [
        [
          -0.998719,
          0.0,
          0.0505929
        ],
        [
          0.0,
          1.0,
          0.0
        ],
        [
          -0.0505929,
          0.0,
          -0.998719
        ],
        [
          -2.17848,
          4.76837e-7,
          -3.31825
        ]
      ]
    },
    {
      "name": "tape_barrier_pole_gaijin_end",
      "tm": [
        [
          -0.999962,
          0.0,
          -0.00872663
        ],
        [
          0.0,
          1.0,
          0.0
        ],
        [
          0.00872663,
          0.0,
          -0.999962
        ],
        [
          -0.129933,
          4.76837e-7,
          -3.33179
        ]
      ]
    },
    {
      "name": "tape_barrier_pole_gaijin_end",
      "tm": [
        [
          -0.999962,
          0.0,
          -0.00872663
        ],
        [
          0.0,
          1.0,
          0.0
        ],
        [
          0.00872663,
          0.0,
          -0.999962
        ],
        [
          1.96435,
          4.76837e-7,
          -3.33179
        ]
      ]
    },
    {
      "name": "tape_barrier_pole_gaijin_end",
      "tm": [
        [
          -0.999962,
          0.0,
          -0.00872663
        ],
        [
          0.0,
          1.0,
          0.0
        ],
        [
          0.00872663,
          0.0,
          -0.999962
        ],
        [
          4.05103,
          4.76837e-7,
          -3.33179
        ]
      ]
    },
    {
      "name": "tape_barrier_pole_gaijin_end",
      "tm": [
        [
          -0.999962,
          0.0,
          -0.00872663
        ],
        [
          0.0,
          1.0,
          0.0
        ],
        [
          0.00872663,
          0.0,
          -0.999962
        ],
        [
          6.12148,
          3.57628e-7,
          -3.23981
        ]
      ]
    },
    {
      "name": "tape_barrier_pole_gaijin_end",
      "tm": [
        [
          -0.95424,
          0.0,
          -0.299041
        ],
        [
          0.0,
          1.0,
          0.0
        ],
        [
          0.299041,
          0.0,
          -0.95424
        ],
        [
          8.17359,
          2.38419e-7,
          -2.892
        ]
      ]
    },
    {
      "name": "tape_barrier_pole_gaijin_end",
      "tm": [
        [
          -0.5373,
          0.0,
          -0.843391
        ],
        [
          0.0,
          1.0,
          0.0
        ],
        [
          0.843391,
          0.0,
          -0.5373
        ],
        [
          9.98315,
          2.38419e-7,
          -1.87205
        ]
      ]
    },
    {
      "name": "tape_barrier_pole_gaijin_end",
      "tm": [
        [
          -0.0676358,
          0.0,
          -0.99771
        ],
        [
          0.0,
          1.0,
          0.0
        ],
        [
          0.99771,
          0.0,
          -0.0676358
        ],
        [
          10.2424,
          0.00000107288,
          0.191026
        ]
      ]
    },
    {
      "name": "tape_barrier_pole_gaijin_end",
      "tm": [
        [
          0.558102,
          0.0,
          -0.829772
        ],
        [
          0.0,
          1.0,
          0.0
        ],
        [
          0.829772,
          0.0,
          0.558102
        ],
        [
          9.51461,
          0.00000107288,
          2.1266
        ]
      ]
    },
    {
      "name": "tape_barrier_pole_gaijin_end",
      "tm": [
        [
          1.0,
          0.0,
          0.0
        ],
        [
          0.0,
          1.0,
          0.0
        ],
        [
          0.0,
          0.0,
          1.0
        ],
        [
          5.73884,
          0.00000119209,
          3.40635
        ]
      ]
    },
    {
      "name": "tape_barrier_pole_gaijin_end",
      "tm": [
        [
          1.0,
          0.0,
          0.0
        ],
        [
          0.0,
          1.0,
          0.0
        ],
        [
          0.0,
          0.0,
          1.0
        ],
        [
          3.65979,
          0.00000107288,
          3.4026
        ]
      ]
    },
    {
      "name": "tape_barrier_pole_gaijin_end",
      "tm": [
        [
          1.0,
          0.0,
          0.0
        ],
        [
          0.0,
          1.0,
          0.0
        ],
        [
          0.0,
          0.0,
          1.0
        ],
        [
          1.58369,
          0.00000107288,
          3.39914
        ]
      ]
    },
    {
      "name": "tape_barrier_pole_gaijin_end",
      "tm": [
        [
          1.0,
          0.0,
          0.0
        ],
        [
          0.0,
          1.0,
          0.0
        ],
        [
          0.0,
          0.0,
          1.0
        ],
        [
          -0.495845,
          0.00000107288,
          3.39914
        ]
      ]
    },
    {
      "name": "tape_barrier_pole_gaijin_end",
      "tm": [
        [
          0.889416,
          0.0,
          -0.457098
        ],
        [
          0.0,
          1.0,
          0.0
        ],
        [
          0.457098,
          0.0,
          0.889416
        ],
        [
          7.82025,
          0.00000107288,
          3.34489
        ]
      ]
    },
    {
      "name": "tape_barrier_pole_gaijin_end",
      "tm": [
        [
          0.461749,
          0.0,
          -0.887012
        ],
        [
          0.0,
          1.0,
          0.0
        ],
        [
          0.887012,
          0.0,
          0.461749
        ],
        [
          -8.13,
          4.76837e-7,
          -1.9
        ]
      ]
    },
    {
      "name": "tape_barrier_wt_segment_a",
      "tm": [
        [
          1.0,
          0.0,
          0.0
        ],
        [
          0.0,
          1.0,
          0.0
        ],
        [
          0.0,
          0.0,
          1.0
        ],
        [
          -2.7,
          0.00000238419,
          3.35
        ]
      ]
    },
    {
      "name": "tape_barrier_wt_segment_a_half",
      "tm": [
        [
          1.08715,
          0.0,
          0.0596523
        ],
        [
          0.0,
          1.0,
          0.0
        ],
        [
          -0.0547878,
          0.0,
          0.998498
        ],
        [
          -1.07242,
          0.00000238419,
          3.37409
        ]
      ]
    },
    {
      "name": "tape_barrier_wt_segment_a",
      "tm": [
        [
          0.963086,
          0.0,
          0.269195
        ],
        [
          0.0,
          1.0,
          0.0
        ],
        [
          -0.269195,
          0.0,
          0.963086
        ],
        [
          -4.7,
          0.00000238419,
          3.08
        ]
      ]
    },
    {
      "name": "tape_barrier_wt_segment_a",
      "tm": [
        [
          0.924144,
          0.0,
          0.382045
        ],
        [
          0.0,
          1.0,
          0.0
        ],
        [
          -0.382045,
          0.0,
          0.924144
        ],
        [
          -6.65,
          0.00000238419,
          2.41
        ]
      ]
    },
    {
      "name": "tape_barrier_wt_segment_a",
      "tm": [
        [
          0.434152,
          0.0,
          0.90084
        ],
        [
          0.0,
          1.0,
          0.0
        ],
        [
          -0.90084,
          0.0,
          0.434152
        ],
        [
          -8.07,
          0.00000238419,
          1.06
        ]
      ]
    },
    {
      "name": "tape_barrier_wt_segment_a",
      "tm": [
        [
          -0.179558,
          0.0,
          0.983748
        ],
        [
          0.0,
          1.0,
          0.0
        ],
        [
          -0.983748,
          0.0,
          -0.179558
        ],
        [
          -8.32,
          9.53674e-7,
          -0.9
        ]
      ]
    },
    {
      "name": "tape_barrier_wt_segment_a",
      "tm": [
        [
          -0.886982,
          0.0,
          0.461805
        ],
        [
          0.0,
          1.0,
          0.0
        ],
        [
          -0.461805,
          0.0,
          -0.886982
        ],
        [
          -7.20432,
          0.00000107288,
          -2.41042
        ]
      ]
    },
    {
      "name": "tape_barrier_wt_segment_a",
      "tm": [
        [
          -0.987599,
          0.0,
          0.157003
        ],
        [
          0.0,
          1.0,
          0.0
        ],
        [
          -0.157003,
          0.0,
          -0.987599
        ],
        [
          -5.26204,
          9.53674e-7,
          -3.05861
        ]
      ]
    },
    {
      "name": "tape_barrier_wt_segment_a",
      "tm": [
        [
          -0.998914,
          0.0,
          0.046611
        ],
        [
          0.0,
          1.0,
          0.0
        ],
        [
          -0.046611,
          0.0,
          -0.998914
        ],
        [
          -3.21951,
          9.53674e-7,
          -3.2719
        ]
      ]
    },
    {
      "name": "tape_barrier_wt_segment_a",
      "tm": [
        [
          -0.999961,
          0.0,
          0.0088823
        ],
        [
          0.0,
          1.0,
          0.0
        ],
        [
          -0.0088823,
          0.0,
          -0.999961
        ],
        [
          -1.15885,
          9.53674e-7,
          -3.32799
        ]
      ]
    },
    {
      "name": "tape_barrier_wt_segment_a",
      "tm": [
        [
          -1.0,
          0.0,
          0.000531281
        ],
        [
          0.0,
          1.0,
          0.0
        ],
        [
          -0.000531281,
          0.0,
          -1.0
        ],
        [
          0.908305,
          9.53674e-7,
          -3.33334
        ]
      ]
    },
    {
      "name": "tape_barrier_wt_segment_a",
      "tm": [
        [
          -1.0,
          0.0,
          0.000531281
        ],
        [
          0.0,
          1.0,
          0.0
        ],
        [
          -0.000531281,
          0.0,
          -1.0
        ],
        [
          3.00625,
          9.53674e-7,
          -3.33334
        ]
      ]
    },
    {
      "name": "tape_barrier_wt_segment_a",
      "tm": [
        [
          -0.998801,
          0.0,
          -0.0489542
        ],
        [
          0.0,
          1.0,
          0.0
        ],
        [
          0.0489542,
          0.0,
          -0.998801
        ],
        [
          5.08233,
          9.53674e-7,
          -3.28855
        ]
      ]
    },
    {
      "name": "tape_barrier_wt_segment_a",
      "tm": [
        [
          -0.986266,
          0.0,
          -0.165166
        ],
        [
          0.0,
          1.0,
          0.0
        ],
        [
          0.165166,
          0.0,
          -0.986266
        ],
        [
          7.15231,
          9.53674e-7,
          -3.07586
        ]
      ]
    },
    {
      "name": "tape_barrier_wt_segment_a",
      "tm": [
        [
          -0.872126,
          0.0,
          -0.489282
        ],
        [
          0.0,
          1.0,
          0.0
        ],
        [
          0.489282,
          0.0,
          -0.872126
        ],
        [
          9.08905,
          9.53674e-7,
          -2.39527
        ]
      ]
    },
    {
      "name": "tape_barrier_wt_segment_a",
      "tm": [
        [
          -0.1186,
          0.0,
          -0.992942
        ],
        [
          0.0,
          1.0,
          0.0
        ],
        [
          0.992942,
          0.0,
          -0.1186
        ],
        [
          10.1245,
          9.53674e-7,
          -0.845576
        ]
      ]
    },
    {
      "name": "tape_barrier_wt_segment_a",
      "tm": [
        [
          0.355116,
          0.0,
          -0.934822
        ],
        [
          0.0,
          1.0,
          0.0
        ],
        [
          0.934822,
          0.0,
          0.355116
        ],
        [
          9.89796,
          9.53674e-7,
          1.15296
        ]
      ]
    },
    {
      "name": "tape_barrier_wt_segment_a",
      "tm": [
        [
          0.815941,
          0.0,
          -0.578134
        ],
        [
          0.0,
          1.0,
          0.0
        ],
        [
          0.578134,
          0.0,
          0.815941
        ],
        [
          8.67322,
          9.53674e-7,
          2.74909
        ]
      ]
    },
    {
      "name": "tape_barrier_wt_segment_a",
      "tm": [
        [
          0.999763,
          0.0,
          -0.0217185
        ],
        [
          0.0,
          1.0,
          0.0
        ],
        [
          0.0217185,
          0.0,
          0.999763
        ],
        [
          6.78518,
          0.00000166893,
          3.38357
        ]
      ]
    },
    {
      "name": "tape_barrier_wt_segment_a",
      "tm": [
        [
          0.999988,
          0.0,
          0.00470277
        ],
        [
          0.0,
          1.0,
          0.0
        ],
        [
          -0.00470277,
          0.0,
          0.999988
        ],
        [
          4.70437,
          0.0000013113,
          3.40437
        ]
      ]
    },
    {
      "name": "tape_barrier_wt_segment_a",
      "tm": [
        [
          0.999988,
          0.0,
          0.00470277
        ],
        [
          0.0,
          1.0,
          0.0
        ],
        [
          -0.00470277,
          0.0,
          0.999988
        ],
        [
          2.62128,
          0.0000013113,
          3.40437
        ]
      ]
    },
    {
      "name": "tape_barrier_wt_segment_a",
      "tm": [
        [
          0.999988,
          0.0,
          0.00470277
        ],
        [
          0.0,
          1.0,
          0.0
        ],
        [
          -0.00470277,
          0.0,
          0.999988
        ],
        [
          0.554321,
          0.0000013113,
          3.40437
        ]
      ]
    }
  ]
}