{
  "className": "composit",
  "node": [
    {
      "type": "rendInst",
      "name": "$tape_barrier_pole_middle",
      "tm": [
        [
          0.970718,
          0.0,
          -0.240222
        ],
        [
          0.0,
          1.0,
          0.0
        ],
        [
          0.240222,
          0.0,
          0.970718
        ],
        [
          0.0,
          0.0,
          0.0
        ]
      ],
      "toGround": false
    },
    {
      "type": "rendInst",
      "name": "$tape_barrier_pole_gaijin_end",
      "tm": [
        [
          -0.986194,
          0.0,
          0.165596
        ],
        [
          0.0,
          1.0,
          0.0
        ],
        [
          -0.165596,
          0.0,
          -0.986194
        ],
        [
          0.0795898,
          0.0,
          -0.0098877
        ]
      ],
      "toGround": false
    },
    {
      "type": "rendInst",
      "name": "$tape_barrier_red_segment_a",
      "tm": [
        [
          0.983057,
          0.0,
          -0.183302
        ],
        [
          0.0,
          1.0,
          0.0
        ],
        [
          0.183302,
          0.0,
          0.983057
        ],
        [
          -1.01642,
          0.0000305176,
          0.182312
        ]
      ],
      "toGround": false
    },
    {
      "type": "rendInst",
      "name": "$tape_barrier_pole_gaijin_end",
      "tm": [
        [
          -0.989372,
          0.0,
          0.145408
        ],
        [
          0.0,
          1.0,
          0.0
        ],
        [
          -0.145408,
          0.0,
          -0.989372
        ],
        [
          -1.96335,
          0.0,
          0.354614
        ]
      ],
      "toGround": false
    },
    {
      "type": "rendInst",
      "name": "$tape_barrier_red_segment_a",
      "tm": [
        [
          0.994753,
          0.0,
          -0.10231
        ],
        [
          0.0,
          1.0,
          0.0
        ],
        [
          0.10231,
          0.0,
          0.994753
        ],
        [
          -3.07159,
          0.0000305176,
          0.479736
        ]
      ],
      "toGround": false
    },
    {
      "type": "rendInst",
      "name": "$tape_barrier_pole_middle",
      "tm": [
        [
          0.960162,
          0.0,
          -0.279445
        ],
        [
          0.0,
          1.0,
          0.0
        ],
        [
          0.279445,
          0.0,
          0.960162
        ],
        [
          2.02716,
          0.0,
          -0.471497
        ]
      ],
      "toGround": false
    },
    {
      "type": "rendInst",
      "name": "$tape_barrier_pole_gaijin_end",
      "tm": [
        [
          -0.978655,
          0.0,
          0.205509
        ],
        [
          0.0,
          1.0,
          0.0
        ],
        [
          -0.205509,
          0.0,
          -0.978655
        ],
        [
          2.10629,
          0.0,
          -0.484619
        ]
      ],
      "toGround": false
    },
    {
      "type": "rendInst",
      "name": "$tape_barrier_red_segment_a",
      "tm": [
        [
          0.974802,
          0.0,
          -0.223073
        ],
        [
          0.0,
          1.0,
          0.0
        ],
        [
          0.223073,
          0.0,
          0.974802
        ],
        [
          1.02643,
          0.0000305176,
          -0.234009
        ]
      ],
      "toGround": false
    },
    {
      "type": "rendInst",
      "name": "$tape_barrier_pole_middle",
      "tm": [
        [
          0.944349,
          0.0,
          -0.328945
        ],
        [
          0.0,
          1.0,
          0.0
        ],
        [
          0.328945,
          0.0,
          0.944349
        ],
        [
          4.03259,
          0.0,
          -1.02209
        ]
      ],
      "toGround": false
    },
    {
      "type": "rendInst",
      "name": "$tape_barrier_pole_gaijin_end",
      "tm": [
        [
          -0.966659,
          0.0,
          0.256068
        ],
        [
          0.0,
          1.0,
          0.0
        ],
        [
          -0.256068,
          0.0,
          -0.966659
        ],
        [
          4.11096,
          0.0,
          -1.03937
        ]
      ],
      "toGround": false
    },
    {
      "type": "rendInst",
      "name": "$tape_barrier_red_segment_a",
      "tm": [
        [
          0.961898,
          0.0,
          -0.273409
        ],
        [
          0.0,
          1.0,
          0.0
        ],
        [
          0.273409,
          0.0,
          0.961898
        ],
        [
          3.03741,
          0.0000305176,
          -0.746643
        ]
      ],
      "toGround": false
    },
    {
      "type": "rendInst",
      "name": "$tape_barrier_pole_middle",
      "tm": [
        [
          0.926259,
          0.0,
          -0.376887
        ],
        [
          0.0,
          1.0,
          0.0
        ],
        [
          0.376887,
          0.0,
          0.926259
        ],
        [
          5.99728,
          0.0,
          -1.69244
        ]
      ],
      "toGround": false
    },
    {
      "type": "rendInst",
      "name": "$tape_barrier_pole_gaijin_end",
      "tm": [
        [
          -0.952272,
          0.0,
          0.305249
        ],
        [
          0.0,
          1.0,
          0.0
        ],
        [
          -0.305249,
          0.0,
          -0.952272
        ],
        [
          6.07465,
          0.0,
          -1.71368
        ]
      ],
      "toGround": false
    },
    {
      "type": "rendInst",
      "name": "$tape_barrier_red_segment_a",
      "tm": [
        [
          0.94663,
          0.0,
          -0.322323
        ],
        [
          0.0,
          1.0,
          0.0
        ],
        [
          0.322323,
          0.0,
          0.94663
        ],
        [
          5.02762,
          0.0000305176,
          -1.35199
        ]
      ],
      "toGround": false
    },
    {
      "type": "rendInst",
      "name": "$tape_barrier_pole_middle",
      "tm": [
        [
          0.887668,
          0.0,
          -0.460484
        ],
        [
          0.0,
          1.0,
          0.0
        ],
        [
          0.460484,
          0.0,
          0.887668
        ],
        [
          7.90836,
          0.0,
          -2.41663
        ]
      ],
      "toGround": false
    },
    {
      "type": "rendInst",
      "name": "$tape_barrier_pole_gaijin_end",
      "tm": [
        [
          -0.92016,
          0.0,
          0.391542
        ],
        [
          0.0,
          1.0,
          0.0
        ],
        [
          -0.391542,
          0.0,
          -0.92016
        ],
        [
          7.98346,
          0.0,
          -2.44489
        ]
      ],
      "toGround": false
    },
    {
      "type": "rendInst",
      "name": "$tape_barrier_red_segment_a",
      "tm": [
        [
          0.937483,
          0.0,
          -0.348031
        ],
        [
          0.0,
          1.0,
          0.0
        ],
        [
          0.348031,
          0.0,
          0.937483
        ],
        [
          6.9483,
          0.0000305176,
          -2.04987
        ]
      ],
      "toGround": false
    },
    {
      "type": "rendInst",
      "name": "$tape_barrier_red_segment_a",
      "tm": [
        [
          0.919909,
          0.0,
          -0.392132
        ],
        [
          0.0,
          1.0,
          0.0
        ],
        [
          0.392132,
          0.0,
          0.919909
        ],
        [
          8.85977,
          0.0000305176,
          -2.81976
        ]
      ],
      "toGround": false
    },
    {
      "type": "rendInst",
      "name": "$tape_barrier_pole_middle",
      "tm": [
        [
          0.975424,
          0.0,
          -0.220335
        ],
        [
          0.0,
          1.0,
          0.0
        ],
        [
          0.220335,
          0.0,
          0.975424
        ],
        [
          -2.04294,
          0.0,
          0.362854
        ]
      ],
      "toGround": false
    },
    {
      "type": "rendInst",
      "name": "$tape_barrier_pole_middle",
      "tm": [
        [
          0.997172,
          0.0,
          -0.0751554
        ],
        [
          0.0,
          1.0,
          0.0
        ],
        [
          0.0751554,
          0.0,
          0.997172
        ],
        [
          -4.10184,
          0.0,
          0.584106
        ]
      ],
      "toGround": false
    },
    {
      "type": "rendInst",
      "name": "$tape_barrier_pole_gaijin_end",
      "tm": [
        [
          -0.999999,
          0.0,
          -0.00100663
        ],
        [
          0.0,
          1.0,
          0.0
        ],
        [
          0.00100663,
          0.0,
          -0.999999
        ],
        [
          -4.02179,
          0.0,
          0.587769
        ]
      ],
      "toGround": false
    },
    {
      "type": "rendInst",
      "name": "$tape_barrier_red_segment_a",
      "tm": [
        [
          0.996056,
          0.0,
          -0.0887275
        ],
        [
          0.0,
          1.0,
          0.0
        ],
        [
          0.0887275,
          0.0,
          0.996056
        ],
        [
          -5.13098,
          0.0000305176,
          0.668701
        ]
      ],
      "toGround": false
    },
    {
      "type": "rendInst",
      "name": "$tape_barrier_pole_middle",
      "tm": [
        [
          0.99199,
          0.0,
          -0.126319
        ],
        [
          0.0,
          1.0,
          0.0
        ],
        [
          0.126319,
          0.0,
          0.99199
        ],
        [
          -6.172,
          0.00000190735,
          0.770386
        ]
      ],
      "toGround": false
    },
    {
      "type": "rendInst",
      "name": "$tape_barrier_pole_gaijin_end",
      "tm": [
        [
          -0.998729,
          0.0,
          0.0504034
        ],
        [
          0.0,
          1.0,
          0.0
        ],
        [
          -0.0504034,
          0.0,
          -0.998729
        ],
        [
          -6.09195,
          -0.00000190735,
          0.769775
        ]
      ],
      "toGround": false
    },
    {
      "type": "rendInst",
      "name": "$tape_barrier_red_segment_a",
      "tm": [
        [
          0.999976,
          0.0,
          -0.00698879
        ],
        [
          0.0,
          1.0,
          0.0
        ],
        [
          0.00698879,
          0.0,
          0.999976
        ],
        [
          -7.20709,
          0.0000324249,
          0.788696
        ]
      ],
      "toGround": false
    },
    {
      "type": "rendInst",
      "name": "$tape_barrier_pole_middle",
      "tm": [
        [
          -1.0,
          0.0,
          8.74228e-8
        ],
        [
          0.0,
          1.0,
          0.0
        ],
        [
          -8.74228e-8,
          0.0,
          -1.0
        ],
        [
          -8.25391,
          0.00000190735,
          0.788391
        ]
      ],
      "toGround": false
    },
    {
      "type": "rendInst",
      "name": "$tape_barrier_pole_middle",
      "tm": [
        [
          0.864813,
          0.0,
          -0.502095
        ],
        [
          0.0,
          1.0,
          0.0
        ],
        [
          0.502095,
          0.0,
          0.864813
        ],
        [
          9.80139,
          0.0,
          -3.23169
        ]
      ],
      "toGround": false
    },
    {
      "type": "rendInst",
      "name": "$tape_barrier_pole_gaijin_end",
      "tm": [
        [
          -0.90054,
          0.0,
          0.434773
        ],
        [
          0.0,
          1.0,
          0.0
        ],
        [
          -0.434773,
          0.0,
          -0.90054
        ],
        [
          9.87506,
          0.0,
          -3.26355
        ]
      ],
      "toGround": false
    },
    {
      "type": "rendInst",
      "name": "$tape_barrier_red_segment_a",
      "tm": [
        [
          0.90565,
          0.0,
          -0.424027
        ],
        [
          0.0,
          1.0,
          0.0
        ],
        [
          0.424027,
          0.0,
          0.90565
        ],
        [
          10.7502,
          0.0000305176,
          -3.67365
        ]
      ],
      "toGround": false
    },
    {
      "type": "rendInst",
      "name": "$tape_barrier_pole_middle",
      "tm": [
        [
          0.885102,
          0.0,
          -0.465397
        ],
        [
          0.0,
          1.0,
          0.0
        ],
        [
          0.465397,
          0.0,
          0.885102
        ],
        [
          11.681,
          0.0,
          -4.11292
        ]
      ],
      "toGround": false
    },
    {
      "type": "rendInst",
      "name": "$tape_barrier_pole_gaijin_end",
      "tm": [
        [
          -0.917976,
          0.0,
          0.396636
        ],
        [
          0.0,
          1.0,
          0.0
        ],
        [
          -0.396636,
          0.0,
          -0.917976
        ],
        [
          11.756,
          0.0,
          -4.1416
        ]
      ],
      "toGround": false
    },
    {
      "type": "rendInst",
      "name": "$tape_barrier_red_segment_a",
      "tm": [
        [
          0.873955,
          0.0,
          -0.486007
        ],
        [
          0.0,
          1.0,
          0.0
        ],
        [
          0.486007,
          0.0,
          0.873955
        ],
        [
          12.5685,
          0.0000305176,
          -4.59424
        ]
      ],
      "toGround": false
    },
    {
      "type": "rendInst",
      "name": "$tape_barrier_pole_middle",
      "tm": [
        [
          -0.829799,
          0.0,
          0.558063
        ],
        [
          0.0,
          1.0,
          0.0
        ],
        [
          -0.558063,
          0.0,
          -0.829799
        ],
        [
          13.481,
          0.0,
          -5.09753
        ]
      ],
      "toGround": false
    },
    {
      "type": "rendInst",
      "name": "$tape_barrier_pole_gaijin_end",
      "tm": [
        [
          0.887004,
          0.0,
          -0.461761
        ],
        [
          0.0,
          1.0,
          0.0
        ],
        [
          0.461761,
          0.0,
          0.887004
        ],
        [
          13.4113,
          0.0,
          -5.06232
        ]
      ],
      "toGround": false
    },
    {
      "type": "rendInst",
      "name": "$tape_barrier_red_segment_a",
      "tm": [
        [
          0.860696,
          0.0,
          -0.509118
        ],
        [
          0.0,
          1.0,
          0.0
        ],
        [
          0.509118,
          0.0,
          0.860696
        ],
        [
          14.3328,
          0.0000305176,
          -5.60034
        ]
      ],
      "toGround": false
    },
    {
      "type": "rendInst",
      "name": "$tape_barrier_pole_middle",
      "tm": [
        [
          0.836268,
          0.0,
          -0.548322
        ],
        [
          0.0,
          1.0,
          0.0
        ],
        [
          0.548322,
          0.0,
          0.836268
        ],
        [
          15.217,
          0.0,
          -6.12708
        ]
      ],
      "toGround": false
    },
    {
      "type": "rendInst",
      "name": "$tape_barrier_pole_gaijin_end",
      "tm": [
        [
          -0.875598,
          0.0,
          0.48304
        ],
        [
          0.0,
          1.0,
          0.0
        ],
        [
          -0.48304,
          0.0,
          -0.875598
        ],
        [
          15.2889,
          0.0,
          -6.1629
        ]
      ],
      "toGround": false
    },
    {
      "type": "rendInst",
      "name": "$tape_barrier_red_segment_a",
      "tm": [
        [
          0.830736,
          0.0,
          -0.556666
        ],
        [
          0.0,
          1.0,
          0.0
        ],
        [
          0.556666,
          0.0,
          0.830736
        ],
        [
          16.0673,
          0.0000305176,
          -6.70532
        ]
      ],
      "toGround": false
    },
    {
      "type": "rendInst",
      "name": "$tape_barrier_pole_middle",
      "tm": [
        [
          0.804144,
          0.0,
          -0.594434
        ],
        [
          0.0,
          1.0,
          0.0
        ],
        [
          0.594434,
          0.0,
          0.804144
        ],
        [
          16.9205,
          0.0,
          -7.28088
        ]
      ],
      "toGround": false
    },
    {
      "type": "rendInst",
      "name": "$tape_barrier_pole_gaijin_end",
      "tm": [
        [
          -0.84708,
          0.0,
          0.531465
        ],
        [
          0.0,
          1.0,
          0.0
        ],
        [
          -0.531465,
          0.0,
          -0.84708
        ],
        [
          16.981,
          0.0,
          -7.31842
        ]
      ],
      "toGround": false
    },
    {
      "type": "rendInst",
      "name": "$tape_barrier_red_segment_a",
      "tm": [
        [
          0.782257,
          0.0,
          -0.622955
        ],
        [
          0.0,
          1.0,
          0.0
        ],
        [
          0.622955,
          0.0,
          0.782257
        ],
        [
          17.669,
          0.0000305176,
          -7.86902
        ]
      ],
      "toGround": false
    },
    {
      "type": "rendInst",
      "name": "$tape_barrier_pole_gaijin_end",
      "tm": [
        [
          -0.800613,
          0.0,
          0.599181
        ],
        [
          0.0,
          1.0,
          0.0
        ],
        [
          -0.599181,
          0.0,
          -0.800613
        ],
        [
          18.5339,
          0.0,
          -8.58081
        ]
      ],
      "toGround": false
    },
    {
      "type": "rendInst",
      "name": "$tape_barrier_pole_middle",
      "tm": [
        [
          0.752655,
          0.0,
          -0.658415
        ],
        [
          0.0,
          1.0,
          0.0
        ],
        [
          0.658415,
          0.0,
          0.752655
        ],
        [
          18.4722,
          0.0,
          -8.52539
        ]
      ],
      "toGround": false
    },
    {
      "type": "rendInst",
      "name": "$tape_barrier_red_segment_a",
      "tm": [
        [
          0.773278,
          0.0,
          -0.634067
        ],
        [
          0.0,
          1.0,
          0.0
        ],
        [
          0.634067,
          0.0,
          0.773278
        ],
        [
          19.2765,
          0.0000305176,
          -9.18225
        ]
      ],
      "toGround": false
    },
    {
      "type": "rendInst",
      "name": "$tape_barrier_pole_gaijin_end",
      "tm": [
        [
          -0.791972,
          0.0,
          0.610557
        ],
        [
          0.0,
          1.0,
          0.0
        ],
        [
          -0.610557,
          0.0,
          -0.791972
        ],
        [
          20.1312,
          0.0,
          -9.90643
        ]
      ],
      "toGround": false
    },
    {
      "type": "rendInst",
      "name": "$tape_barrier_pole_middle",
      "tm": [
        [
          0.743172,
          0.0,
          -0.6691
        ],
        [
          0.0,
          1.0,
          0.0
        ],
        [
          0.6691,
          0.0,
          0.743172
        ],
        [
          20.0703,
          0.0,
          -9.85004
        ]
      ],
      "toGround": false
    },
    {
      "type": "rendInst",
      "name": "$tape_barrier_red_segment_a",
      "tm": [
        [
          0.75707,
          0.0,
          -0.653334
        ],
        [
          0.0,
          1.0,
          0.0
        ],
        [
          0.653334,
          0.0,
          0.75707
        ],
        [
          20.8502,
          0.0000305176,
          -10.5252
        ]
      ],
      "toGround": false
    },
    {
      "type": "rendInst",
      "name": "$tape_barrier_pole_gaijin_end",
      "tm": [
        [
          -0.77635,
          0.0,
          0.630302
        ],
        [
          0.0,
          1.0,
          0.0
        ],
        [
          -0.630302,
          0.0,
          -0.77635
        ],
        [
          21.6863,
          0.0,
          -11.2707
        ]
      ],
      "toGround": false
    },
    {
      "type": "rendInst",
      "name": "$tape_barrier_pole_middle",
      "tm": [
        [
          0.726092,
          0.0,
          -0.687598
        ],
        [
          0.0,
          1.0,
          0.0
        ],
        [
          0.687598,
          0.0,
          0.726092
        ],
        [
          21.6269,
          0.0,
          -11.2128
        ]
      ],
      "toGround": false
    },
    {
      "type": "rendInst",
      "name": "$tape_barrier_red_segment_a",
      "tm": [
        [
          0.750888,
          0.0,
          -0.660429
        ],
        [
          0.0,
          1.0,
          0.0
        ],
        [
          0.660429,
          0.0,
          0.750888
        ],
        [
          22.396,
          0.0000305176,
          -11.8964
        ]
      ],
      "toGround": false
    },
    {
      "type": "rendInst",
      "name": "$tape_barrier_pole_middle",
      "tm": [
        [
          0.719589,
          0.0,
          -0.6944
        ],
        [
          0.0,
          1.0,
          0.0
        ],
        [
          0.6944,
          0.0,
          0.719589
        ],
        [
          23.1663,
          0.0,
          -12.5912
        ]
      ],
      "toGround": false
    }
  ]
}