{
  "className": "composit",
  "node": [
    {
      "name": "tape_barrier_pole_middle",
      "tm": [
        [
          0.469849,
          0.0,
          0.882747
        ],
        [
          0.0,
          1.0,
          0.0
        ],
        [
          -0.882747,
          0.0,
          0.469849
        ],
        [
          0.0,
          0.0,
          0.0
        ]
      ]
    },
    {
      "name": "tape_barrier_pole_gaijin_end",
      "tm": [
        [
          -0.469849,
          0.0,
          -0.882747
        ],
        [
          0.0,
          1.0,
          0.0
        ],
        [
          0.882747,
          0.0,
          -0.469849
        ],
        [
          0.0393066,
          0.0,
          0.0735474
        ]
      ]
    },
    {
      "name": "tape_barrier_wt_segment_a",
      "tm": [
        [
          0.469849,
          0.0,
          0.882747
        ],
        [
          0.0,
          1.0,
          0.0
        ],
        [
          -0.882747,
          0.0,
          0.469849
        ],
        [
          0.491583,
          0.0,
          0.923401
        ]
      ]
    },
    {
      "name": "tape_barrier_wt_segment_a",
      "tm": [
        [
          0.0563758,
          0.0,
          0.99841
        ],
        [
          0.0,
          1.0,
          0.0
        ],
        [
          -0.99841,
          0.0,
          0.0563758
        ],
        [
          -0.0700912,
          0.0,
          -1.03424
        ]
      ]
    },
    {
      "name": "tape_barrier_pole_middle",
      "tm": [
        [
          0.529474,
          0.0,
          0.848326
        ],
        [
          0.0,
          1.0,
          0.0
        ],
        [
          -0.848326,
          0.0,
          0.529474
        ],
        [
          0.978092,
          0.0,
          1.8374
        ]
      ]
    },
    {
      "name": "tape_barrier_pole_gaijin_end",
      "tm": [
        [
          -0.529474,
          0.0,
          -0.848326
        ],
        [
          0.0,
          1.0,
          0.0
        ],
        [
          0.848326,
          0.0,
          -0.529474
        ],
        [
          1.02233,
          0.0,
          1.90839
        ]
      ]
    },
    {
      "name": "tape_barrier_wt_segment_a",
      "tm": [
        [
          0.866537,
          0.0,
          0.499113
        ],
        [
          0.0,
          1.0,
          0.0
        ],
        [
          -0.499113,
          0.0,
          0.866537
        ],
        [
          1.85748,
          0.0,
          2.36511
        ]
      ]
    },
    {
      "name": "tape_barrier_pole_middle",
      "tm": [
        [
          0.866537,
          0.0,
          0.499113
        ],
        [
          0.0,
          1.0,
          0.0
        ],
        [
          -0.499113,
          0.0,
          0.866537
        ],
        [
          2.75478,
          0.0,
          2.8819
        ]
      ]
    },
    {
      "name": "tape_barrier_pole_gaijin_end",
      "tm": [
        [
          -0.866537,
          0.0,
          -0.499113
        ],
        [
          0.0,
          1.0,
          0.0
        ],
        [
          0.499113,
          0.0,
          -0.866537
        ],
        [
          2.82717,
          0.0,
          2.92371
        ]
      ]
    },
    {
      "name": "tape_barrier_wt_segment_a",
      "tm": [
        [
          0.999728,
          0.0,
          -0.0233253
        ],
        [
          0.0,
          1.0,
          0.0
        ],
        [
          0.0233253,
          0.0,
          0.999728
        ],
        [
          3.78929,
          0.0,
          2.87085
        ]
      ]
    },
    {
      "name": "tape_barrier_pole_middle",
      "tm": [
        [
          0.999728,
          0.0,
          -0.0233253
        ],
        [
          0.0,
          1.0,
          0.0
        ],
        [
          0.0233253,
          0.0,
          0.999728
        ],
        [
          4.82438,
          0.0,
          2.84662
        ]
      ]
    },
    {
      "name": "tape_barrier_pole_gaijin_end",
      "tm": [
        [
          -0.999728,
          0.0,
          0.0233254
        ],
        [
          0.0,
          1.0,
          0.0
        ],
        [
          -0.0233254,
          0.0,
          -0.999728
        ],
        [
          4.90804,
          0.0,
          2.84497
        ]
      ]
    },
    {
      "name": "tape_barrier_wt_segment_a",
      "tm": [
        [
          -0.865277,
          0.0,
          0.501294
        ],
        [
          0.0,
          1.0,
          0.0
        ],
        [
          -0.501294,
          0.0,
          -0.865277
        ],
        [
          5.73087,
          0.0,
          2.35602
        ]
      ]
    },
    {
      "name": "tape_barrier_pole_middle",
      "tm": [
        [
          -0.887327,
          0.0,
          0.46114
        ],
        [
          0.0,
          1.0,
          0.0
        ],
        [
          -0.46114,
          0.0,
          -0.887327
        ],
        [
          6.62224,
          0.0,
          1.84546
        ]
      ]
    },
    {
      "name": "tape_barrier_pole_gaijin_end",
      "tm": [
        [
          0.887327,
          0.0,
          -0.46114
        ],
        [
          0.0,
          1.0,
          0.0
        ],
        [
          0.46114,
          0.0,
          0.887327
        ],
        [
          6.5482,
          0.0,
          1.88416
        ]
      ]
    },
    {
      "name": "tape_barrier_wt_segment_a",
      "tm": [
        [
          -0.865277,
          0.0,
          0.501294
        ],
        [
          0.0,
          1.0,
          0.0
        ],
        [
          -0.501294,
          0.0,
          -0.865277
        ],
        [
          7.51537,
          0.0,
          1.33246
        ]
      ]
    },
    {
      "name": "tape_barrier_pole_middle",
      "tm": [
        [
          -0.865277,
          0.0,
          0.501294
        ],
        [
          0.0,
          1.0,
          0.0
        ],
        [
          -0.501294,
          0.0,
          -0.865277
        ],
        [
          8.42039,
          0.0,
          0.808044
        ]
      ]
    },
    {
      "name": "tape_barrier_pole_gaijin_end",
      "tm": [
        [
          0.865277,
          0.0,
          -0.501294
        ],
        [
          0.0,
          1.0,
          0.0
        ],
        [
          0.501294,
          0.0,
          0.865277
        ],
        [
          8.34826,
          0.0,
          0.850037
        ]
      ]
    },
    {
      "name": "tape_barrier_wt_segment_a",
      "tm": [
        [
          -0.865277,
          0.0,
          0.501294
        ],
        [
          0.0,
          1.0,
          0.0
        ],
        [
          -0.501294,
          0.0,
          -0.865277
        ],
        [
          9.32393,
          0.0,
          0.285461
        ]
      ]
    },
    {
      "name": "tape_barrier_pole_middle",
      "tm": [
        [
          -0.865277,
          0.0,
          0.501294
        ],
        [
          0.0,
          1.0,
          0.0
        ],
        [
          -0.501294,
          0.0,
          -0.865277
        ],
        [
          10.229,
          0.0,
          -0.238708
        ]
      ]
    },
    {
      "name": "tape_barrier_pole_gaijin_end",
      "tm": [
        [
          0.865277,
          0.0,
          -0.501294
        ],
        [
          0.0,
          1.0,
          0.0
        ],
        [
          0.501294,
          0.0,
          0.865277
        ],
        [
          10.1568,
          0.0,
          -0.196777
        ]
      ]
    },
    {
      "name": "tape_barrier_wt_segment_a",
      "tm": [
        [
          0.616947,
          0.0,
          -0.654883
        ],
        [
          0.0,
          1.0,
          0.0
        ],
        [
          0.727874,
          0.0,
          0.685711
        ],
        [
          10.864,
          0.0,
          -0.903992
        ]
      ]
    },
    {
      "name": "tape_barrier_pole_middle",
      "tm": [
        [
          -0.686544,
          0.0,
          0.727088
        ],
        [
          0.0,
          1.0,
          0.0
        ],
        [
          -0.727088,
          0.0,
          -0.686544
        ],
        [
          11.4793,
          0.0,
          -1.55365
        ]
      ]
    },
    {
      "name": "tape_barrier_wt_segment_a_half",
      "tm": [
        [
          -0.472887,
          0.0,
          0.666506
        ],
        [
          0.0,
          1.0,
          0.0
        ],
        [
          -0.815575,
          0.0,
          -0.578652
        ],
        [
          11.7203,
          0.0,
          -1.88531
        ]
      ]
    },
    {
      "name": "tape_barrier_pole_gaijin_end",
      "tm": [
        [
          0.686544,
          0.0,
          -0.727088
        ],
        [
          0.0,
          1.0,
          0.0
        ],
        [
          0.727088,
          0.0,
          0.686544
        ],
        [
          11.422,
          0.0,
          -1.49274
        ]
      ]
    },
    {
      "name": "tape_barrier_wt_segment_a",
      "tm": [
        [
          0.234157,
          0.0,
          -0.972199
        ],
        [
          0.0,
          1.0,
          0.0
        ],
        [
          0.972199,
          0.0,
          0.234157
        ],
        [
          12.2318,
          0.0,
          -3.24097
        ]
      ]
    },
    {
      "name": "tape_barrier_pole_middle",
      "tm": [
        [
          0.47897,
          0.0,
          -0.877831
        ],
        [
          0.0,
          1.0,
          0.0
        ],
        [
          0.877831,
          0.0,
          0.47897
        ],
        [
          11.9735,
          0.0,
          -2.23651
        ]
      ]
    },
    {
      "name": "tape_barrier_pole_gaijin_end",
      "tm": [
        [
          -0.47897,
          0.0,
          0.877831
        ],
        [
          0.0,
          1.0,
          0.0
        ],
        [
          -0.877831,
          0.0,
          -0.47897
        ],
        [
          12.0134,
          0.0,
          -2.30981
        ]
      ]
    },
    {
      "name": "tape_barrier_pole_middle",
      "tm": [
        [
          -0.222007,
          0.0,
          -0.975045
        ],
        [
          0.0,
          1.0,
          0.0
        ],
        [
          0.975045,
          0.0,
          -0.222007
        ],
        [
          12.4573,
          0.0,
          -4.24664
        ]
      ]
    },
    {
      "name": "tape_barrier_pole_gaijin_end",
      "tm": [
        [
          0.222007,
          0.0,
          0.975045
        ],
        [
          0.0,
          1.0,
          0.0
        ],
        [
          -0.975045,
          0.0,
          0.222007
        ],
        [
          12.4386,
          0.0,
          -4.32794
        ]
      ]
    },
    {
      "name": "tape_barrier_wt_segment_a",
      "tm": [
        [
          -0.467978,
          0.0,
          -0.88374
        ],
        [
          0.0,
          1.0,
          0.0
        ],
        [
          0.88374,
          0.0,
          -0.467978
        ],
        [
          11.9861,
          0.0,
          -5.17047
        ]
      ]
    },
    {
      "name": "tape_barrier_pole_middle",
      "tm": [
        [
          -0.798515,
          0.0,
          -0.601974
        ],
        [
          0.0,
          1.0,
          0.0
        ],
        [
          0.601974,
          0.0,
          -0.798515
        ],
        [
          11.4862,
          0.0,
          -6.07849
        ]
      ]
    },
    {
      "name": "tape_barrier_pole_gaijin_end",
      "tm": [
        [
          0.798515,
          0.0,
          0.601974
        ],
        [
          0.0,
          1.0,
          0.0
        ],
        [
          -0.601974,
          0.0,
          0.798515
        ],
        [
          11.4196,
          0.0,
          -6.12866
        ]
      ]
    },
    {
      "name": "tape_barrier_wt_segment_a",
      "tm": [
        [
          -0.933479,
          0.0,
          -0.358632
        ],
        [
          0.0,
          1.0,
          0.0
        ],
        [
          0.358632,
          0.0,
          -0.933479
        ],
        [
          10.5123,
          0.0,
          -6.47345
        ]
      ]
    },
    {
      "name": "tape_barrier_pole_middle",
      "tm": [
        [
          -0.997689,
          0.0,
          0.0679392
        ],
        [
          0.0,
          1.0,
          0.0
        ],
        [
          -0.0679392,
          0.0,
          -0.997689
        ],
        [
          8.66509,
          0.0,
          -6.97992
        ]
      ]
    },
    {
      "name": "tape_barrier_pole_middle",
      "tm": [
        [
          -0.933479,
          0.0,
          -0.358632
        ],
        [
          0.0,
          1.0,
          0.0
        ],
        [
          0.358632,
          0.0,
          -0.933479
        ],
        [
          9.54571,
          0.0,
          -6.84485
        ]
      ]
    },
    {
      "name": "tape_barrier_pole_gaijin_end",
      "tm": [
        [
          0.933479,
          0.0,
          0.358632
        ],
        [
          0.0,
          1.0,
          0.0
        ],
        [
          -0.358632,
          0.0,
          0.933479
        ],
        [
          9.46774,
          0.0,
          -6.87469
        ]
      ]
    },
    {
      "name": "tape_barrier_wt_segment_a_half",
      "tm": [
        [
          -0.807389,
          0.0,
          -0.126396
        ],
        [
          0.0,
          1.0,
          0.0
        ],
        [
          0.154665,
          0.0,
          -0.987967
        ],
        [
          9.10696,
          0.0,
          -6.92487
        ]
      ]
    },
    {
      "name": "tape_barrier_wt_segment_a",
      "tm": [
        [
          -0.997689,
          0.0,
          0.0679392
        ],
        [
          0.0,
          1.0,
          0.0
        ],
        [
          -0.0679392,
          0.0,
          -0.997689
        ],
        [
          7.62154,
          0.0,
          -6.90906
        ]
      ]
    },
    {
      "name": "tape_barrier_pole_gaijin_end",
      "tm": [
        [
          0.997689,
          0.0,
          -0.0679394
        ],
        [
          0.0,
          1.0,
          0.0
        ],
        [
          0.0679394,
          0.0,
          0.997689
        ],
        [
          8.5818,
          0.0,
          -6.97424
        ]
      ]
    },
    {
      "name": "tape_barrier_pole_middle",
      "tm": [
        [
          -0.865277,
          0.0,
          0.501294
        ],
        [
          0.0,
          1.0,
          0.0
        ],
        [
          -0.501294,
          0.0,
          -0.865277
        ],
        [
          6.5908,
          0.0,
          -6.81555
        ]
      ]
    },
    {
      "name": "tape_barrier_pole_gaijin_end",
      "tm": [
        [
          0.865277,
          0.0,
          -0.501294
        ],
        [
          0.0,
          1.0,
          0.0
        ],
        [
          0.501294,
          0.0,
          0.865277
        ],
        [
          6.51867,
          0.0,
          -6.77362
        ]
      ]
    },
    {
      "name": "tape_barrier_wt_segment_a",
      "tm": [
        [
          -0.865277,
          0.0,
          0.501294
        ],
        [
          0.0,
          1.0,
          0.0
        ],
        [
          -0.501294,
          0.0,
          -0.865277
        ],
        [
          2.08173,
          0.0,
          -4.20905
        ]
      ]
    },
    {
      "name": "tape_barrier_pole_middle",
      "tm": [
        [
          -0.865277,
          0.0,
          0.501294
        ],
        [
          0.0,
          1.0,
          0.0
        ],
        [
          -0.501294,
          0.0,
          -0.865277
        ],
        [
          2.98678,
          0.0,
          -4.7334
        ]
      ]
    },
    {
      "name": "tape_barrier_pole_gaijin_end",
      "tm": [
        [
          0.865277,
          0.0,
          -0.501294
        ],
        [
          0.0,
          1.0,
          0.0
        ],
        [
          0.501294,
          0.0,
          0.865277
        ],
        [
          2.91464,
          0.0,
          -4.69147
        ]
      ]
    },
    {
      "name": "tape_barrier_pole_middle",
      "tm": [
        [
          -0.641085,
          0.0,
          0.76747
        ],
        [
          0.0,
          1.0,
          0.0
        ],
        [
          -0.76747,
          0.0,
          -0.641085
        ],
        [
          1.19632,
          0.0,
          -3.67877
        ]
      ]
    },
    {
      "name": "tape_barrier_pole_gaijin_end",
      "tm": [
        [
          0.641085,
          0.0,
          -0.76747
        ],
        [
          0.0,
          1.0,
          0.0
        ],
        [
          0.76747,
          0.0,
          0.641085
        ],
        [
          1.14297,
          0.0,
          -3.61469
        ]
      ]
    },
    {
      "name": "tape_barrier_wt_segment_a",
      "tm": [
        [
          -0.641085,
          0.0,
          0.76747
        ],
        [
          0.0,
          1.0,
          0.0
        ],
        [
          -0.76747,
          0.0,
          -0.641085
        ],
        [
          0.525812,
          0.0,
          -2.87604
        ]
      ]
    },
    {
      "name": "tape_barrier_pole_middle",
      "tm": [
        [
          -0.210253,
          0.0,
          0.977647
        ],
        [
          0.0,
          1.0,
          0.0
        ],
        [
          -0.977647,
          0.0,
          -0.210253
        ],
        [
          -0.107172,
          0.0,
          -2.07068
        ]
      ]
    },
    {
      "name": "tape_barrier_pole_gaijin_end",
      "tm": [
        [
          0.210253,
          0.0,
          -0.977647
        ],
        [
          0.0,
          1.0,
          0.0
        ],
        [
          0.977647,
          0.0,
          0.210253
        ],
        [
          -0.124565,
          0.0,
          -1.98907
        ]
      ]
    },
    {
      "name": "tape_barrier_wt_segment_a",
      "tm": [
        [
          -0.865277,
          0.0,
          0.501294
        ],
        [
          0.0,
          1.0,
          0.0
        ],
        [
          -0.501294,
          0.0,
          -0.865277
        ],
        [
          5.68575,
          0.0,
          -6.29132
        ]
      ]
    },
    {
      "name": "tape_barrier_pole_gaijin_end",
      "tm": [
        [
          0.865277,
          0.0,
          -0.501294
        ],
        [
          0.0,
          1.0,
          0.0
        ],
        [
          0.501294,
          0.0,
          0.865277
        ],
        [
          4.7101,
          0.0,
          -5.72668
        ]
      ]
    },
    {
      "name": "tape_barrier_pole_middle",
      "tm": [
        [
          -0.865277,
          0.0,
          0.501294
        ],
        [
          0.0,
          1.0,
          0.0
        ],
        [
          -0.501294,
          0.0,
          -0.865277
        ],
        [
          4.78223,
          0.0,
          -5.7688
        ]
      ]
    },
    {
      "name": "tape_barrier_wt_segment_a",
      "tm": [
        [
          -0.865277,
          0.0,
          0.501294
        ],
        [
          0.0,
          1.0,
          0.0
        ],
        [
          -0.501294,
          0.0,
          -0.865277
        ],
        [
          3.87716,
          0.0,
          -5.24445
        ]
      ]
    }
  ]
}