{
  "className": "composit",
  "size": [
    1000.0,
    900.0
  ],
  "node": [
    {
      "name": "#army_tent4big_s",
      "tm": [
        [
          -1.0,
          0.0,
          1.50996E-07
        ],
        [
          0.0,
          1.0,
          0.0
        ],
        [
          -1.50996E-07,
          0.0,
          -1.0
        ],
        [
          -164.542,
          1.70088E-14,
          10.2596
        ]
      ]
    },
    {
      "name": "#pillbox_wood_roof_s",
      "tm": [
        [
          1.94707E-07,
          0.0,
          1.0
        ],
        [
          0.0,
          1.0,
          0.0
        ],
        [
          -1.0,
          0.0,
          1.94707E-07
        ],
        [
          -187.134,
          1.11518E-13,
          -79.1334
        ]
      ]
    },
    {
      "name": "#pillbox_wood_roof_s",
      "tm": [
        [
          0.0871559,
          0.0,
          0.996195
        ],
        [
          0.0,
          1.0,
          0.0
        ],
        [
          -0.996195,
          0.0,
          0.0871559
        ],
        [
          348.264,
          -3.22864E-14,
          329.891
        ]
      ]
    },
    {
      "name": "#sandbagpit_wood_flow_s",
      "tm": [
        [
          -0.173648,
          0.0,
          -0.984808
        ],
        [
          0.0,
          1.0,
          0.0
        ],
        [
          0.984808,
          0.0,
          -0.173648
        ],
        [
          -223.383,
          4.95943E-14,
          -35.3022
        ]
      ]
    },
    {
      "name": "#barracks3_s",
      "tm": [
        [
          -1.0,
          0.0,
          -1.50996E-07
        ],
        [
          0.0,
          1.0,
          0.0
        ],
        [
          1.50996E-07,
          0.0,
          -1.0
        ],
        [
          309.874,
          1.08657E-13,
          -32.6531
        ]
      ]
    },
    {
      "name": "#barracks2_s",
      "tm": [
        [
          1.39071E-07,
          0.0,
          -1.0
        ],
        [
          0.0,
          1.0,
          0.0
        ],
        [
          1.0,
          0.0,
          1.39071E-07
        ],
        [
          304.018,
          1.08657E-13,
          -23.5002
        ]
      ]
    },
    {
      "name": "#barracks1_s",
      "tm": [
        [
          1.0,
          0.0,
          2.38419E-07
        ],
        [
          0.0,
          1.0,
          0.0
        ],
        [
          -2.38419E-07,
          0.0,
          1.0
        ],
        [
          358.549,
          1.08657E-13,
          -141.698
        ]
      ]
    },
    {
      "name": "#army_tent1_s",
      "tm": [
        [
          0.996195,
          0.0,
          0.0871558
        ],
        [
          0.0,
          1.0,
          0.0
        ],
        [
          -0.0871558,
          0.0,
          0.996195
        ],
        [
          -168.62,
          1.70088E-14,
          -7.78926
        ]
      ]
    },
    {
      "name": "#barracks4_s",
      "tm": [
        [
          -1.0,
          0.0,
          -1.50996E-07
        ],
        [
          0.0,
          1.0,
          0.0
        ],
        [
          1.50996E-07,
          0.0,
          -1.0
        ],
        [
          323.615,
          1.08657E-13,
          -130.93
        ]
      ]
    },
    {
      "name": "#camouflage_roof_point_s",
      "tm": [
        [
          -1.0,
          0.0,
          -1.50996E-07
        ],
        [
          0.0,
          1.0,
          0.0
        ],
        [
          1.50996E-07,
          0.0,
          -1.0
        ],
        [
          264.225,
          1.08657E-13,
          -73.0102
        ]
      ]
    },
    {
      "name": "#barrels_red_s",
      "tm": [
        [
          1.0,
          0.0,
          0.0
        ],
        [
          0.0,
          1.0,
          0.0
        ],
        [
          0.0,
          0.0,
          1.0
        ],
        [
          -229.009,
          1.11518E-13,
          -92.8149
        ]
      ]
    },
    {
      "name": "#caissons2_s",
      "tm": [
        [
          -4.37114E-08,
          0.0,
          -1.0
        ],
        [
          0.0,
          1.0,
          0.0
        ],
        [
          1.0,
          0.0,
          -4.37114E-08
        ],
        [
          11.6064,
          1.19416E-13,
          -330.999
        ]
      ]
    },
    {
      "name": "#army_tent1_s",
      "tm": [
        [
          -0.34202,
          0.0,
          0.939693
        ],
        [
          0.0,
          1.0,
          0.0
        ],
        [
          -0.939693,
          0.0,
          -0.34202
        ],
        [
          -150.105,
          1.70088E-14,
          -5.93386
        ]
      ]
    },
    {
      "name": "#army_tent1_s",
      "tm": [
        [
          -0.984808,
          0.0,
          -0.173648
        ],
        [
          0.0,
          1.0,
          0.0
        ],
        [
          0.173648,
          0.0,
          -0.984808
        ],
        [
          -179.936,
          1.70088E-14,
          27.6737
        ]
      ]
    },
    {
      "name": "#army_tent1_s",
      "tm": [
        [
          0.0871558,
          0.0,
          0.996195
        ],
        [
          0.0,
          1.0,
          0.0
        ],
        [
          -0.996195,
          0.0,
          0.0871558
        ],
        [
          -163.484,
          1.70088E-14,
          30.7496
        ]
      ]
    },
    {
      "name": "#caissons1_s",
      "tm": [
        [
          -0.939693,
          0.0,
          0.34202
        ],
        [
          0.0,
          1.0,
          0.0
        ],
        [
          -0.34202,
          0.0,
          -0.939693
        ],
        [
          156.427,
          3.86111E-14,
          105.229
        ]
      ]
    },
    {
      "name": "#camouflage_roof_point_s",
      "tm": [
        [
          1.0,
          0.0,
          0.0
        ],
        [
          0.0,
          1.0,
          0.0
        ],
        [
          0.0,
          0.0,
          1.0
        ],
        [
          -142.079,
          -1.35326E-13,
          292.685
        ]
      ]
    },
    {
      "name": "watch_tower_sandbag_s",
      "tm": [
        [
          -4.37114E-08,
          0.0,
          -1.0
        ],
        [
          0.0,
          1.0,
          0.0
        ],
        [
          1.0,
          0.0,
          -4.37114E-08
        ],
        [
          218.825,
          1.08657E-13,
          -134.449
        ]
      ]
    },
    {
      "name": "#barrels_tent_s",
      "tm": [
        [
          0.996195,
          0.0,
          0.0871554
        ],
        [
          0.0,
          1.0,
          0.0
        ],
        [
          -0.0871554,
          0.0,
          0.996195
        ],
        [
          125.339,
          2.50276E-14,
          137.82
        ]
      ]
    },
    {
      "name": "#caissons2_s",
      "tm": [
        [
          -1.62921E-07,
          0.0,
          -1.0
        ],
        [
          0.0,
          1.0,
          0.0
        ],
        [
          1.0,
          0.0,
          -1.62921E-07
        ],
        [
          47.1,
          6.75265E-14,
          -44.1833
        ]
      ]
    },
    {
      "name": "#army_tent1_s",
      "tm": [
        [
          0.173648,
          0.0,
          0.984808
        ],
        [
          0.0,
          1.0,
          0.0
        ],
        [
          -0.984808,
          0.0,
          0.173648
        ],
        [
          -144.659,
          1.70088E-14,
          13.7233
        ]
      ]
    },
    {
      "name": "#army_tent1_s",
      "tm": [
        [
          0.707107,
          0.0,
          -0.707107
        ],
        [
          0.0,
          1.0,
          0.0
        ],
        [
          0.707107,
          0.0,
          0.707107
        ],
        [
          -149.957,
          1.70088E-14,
          26.5487
        ]
      ]
    },
    {
      "name": "#mortar_pit_s",
      "tm": [
        [
          -0.996195,
          0.0,
          0.0871556
        ],
        [
          0.0,
          1.0,
          0.0
        ],
        [
          -0.0871556,
          0.0,
          -0.996195
        ],
        [
          -303.0,
          -1.05003E-13,
          116.27
        ]
      ]
    },
    {
      "name": "#army_tent3_s",
      "tm": [
        [
          1.0,
          0.0,
          0.0
        ],
        [
          0.0,
          1.0,
          0.0
        ],
        [
          0.0,
          0.0,
          1.0
        ],
        [
          -197.192,
          1.70088E-14,
          58.0014
        ]
      ]
    },
    {
      "name": "#mortar_pit_sandbag_s",
      "tm": [
        [
          -0.0871555,
          0.0,
          -0.996195
        ],
        [
          0.0,
          1.0,
          0.0
        ],
        [
          0.996195,
          0.0,
          -0.0871555
        ],
        [
          187.409,
          1.08657E-13,
          -201.378
        ]
      ]
    },
    {
      "name": "#army_tent3_s",
      "tm": [
        [
          1.0,
          0.0,
          0.0
        ],
        [
          0.0,
          1.0,
          0.0
        ],
        [
          0.0,
          0.0,
          1.0
        ],
        [
          -175.312,
          1.70088E-14,
          49.9487
        ]
      ]
    },
    {
      "name": "#army_tent3_s",
      "tm": [
        [
          1.0,
          0.0,
          0.0
        ],
        [
          0.0,
          1.0,
          0.0
        ],
        [
          0.0,
          0.0,
          1.0
        ],
        [
          -195.597,
          1.70088E-14,
          32.2025
        ]
      ]
    },
    {
      "name": "#barrels_blue_s",
      "tm": [
        [
          1.0,
          0.0,
          -3.57628E-07
        ],
        [
          0.0,
          1.0,
          0.0
        ],
        [
          3.57628E-07,
          0.0,
          1.0
        ],
        [
          131.818,
          7.95983E-14,
          -151.097
        ]
      ]
    },
    {
      "name": "#caissons2_s",
      "tm": [
        [
          1.0,
          0.0,
          -3.57628E-07
        ],
        [
          0.0,
          1.0,
          0.0
        ],
        [
          3.57628E-07,
          0.0,
          1.0
        ],
        [
          -224.339,
          4.2291E-14,
          63.2208
        ]
      ]
    },
    {
      "name": "#caissons1_s",
      "tm": [
        [
          1.0,
          0.0,
          0.0
        ],
        [
          0.0,
          1.0,
          0.0
        ],
        [
          0.0,
          0.0,
          1.0
        ],
        [
          -188.209,
          1.70088E-14,
          45.7018
        ]
      ]
    },
    {
      "name": "#caissons2_s",
      "tm": [
        [
          -0.819152,
          0.0,
          -0.573576
        ],
        [
          0.0,
          1.0,
          0.0
        ],
        [
          0.573576,
          0.0,
          -0.819152
        ],
        [
          313.322,
          1.08657E-13,
          -170.763
        ]
      ]
    },
    {
      "name": "#entrenchment1_d",
      "tm": [
        [
          0.965926,
          -5.80298E-22,
          -0.258819
        ],
        [
          5.60525E-22,
          1.0,
          -1.50192E-22
        ],
        [
          0.258819,
          0.0,
          0.965926
        ],
        [
          -339.657,
          -1.279E-13,
          117.404
        ]
      ]
    },
    {
      "name": "#entrenchment1_d",
      "tm": [
        [
          0.996195,
          -5.80298E-22,
          0.0871559
        ],
        [
          5.78089E-22,
          1.0,
          5.05763E-23
        ],
        [
          -0.0871559,
          0.0,
          0.996195
        ],
        [
          -333.261,
          -1.27567E-13,
          162.022
        ]
      ]
    },
    {
      "name": "#entrenchment1_d",
      "tm": [
        [
          -0.965926,
          -5.80298E-22,
          -0.258819
        ],
        [
          -5.60525E-22,
          1.0,
          -1.50192E-22
        ],
        [
          0.258819,
          0.0,
          -0.965926
        ],
        [
          -345.48,
          -1.2705E-13,
          228.303
        ]
      ]
    },
    {
      "name": "#army_tent1_s",
      "tm": [
        [
          0.965926,
          0.0,
          -0.258819
        ],
        [
          0.0,
          1.0,
          0.0
        ],
        [
          0.258819,
          0.0,
          0.965926
        ],
        [
          -189.461,
          1.70088E-14,
          15.4753
        ]
      ]
    },
    {
      "name": "#army_tent3_s",
      "tm": [
        [
          0.766044,
          0.0,
          0.642788
        ],
        [
          0.0,
          1.0,
          0.0
        ],
        [
          -0.642788,
          0.0,
          0.766044
        ],
        [
          -194.216,
          1.70088E-14,
          -7.09563
        ]
      ]
    },
    {
      "name": "#tank_barbwire2",
      "tm": [
        [
          -0.965926,
          0.0,
          0.258819
        ],
        [
          0.0,
          1.0,
          0.0
        ],
        [
          -0.258819,
          0.0,
          -0.965926
        ],
        [
          -368.452,
          -0.0507039,
          255.151
        ]
      ]
    },
    {
      "name": "#tank_barbwire2",
      "tm": [
        [
          -0.939693,
          0.0,
          0.34202
        ],
        [
          0.0,
          1.0,
          0.0
        ],
        [
          -0.34202,
          0.0,
          -0.939693
        ],
        [
          -385.559,
          -0.0507039,
          185.903
        ]
      ]
    },
    {
      "name": "#tank_barbwire2",
      "tm": [
        [
          -0.984808,
          0.0,
          0.173648
        ],
        [
          0.0,
          1.0,
          0.0
        ],
        [
          -0.173648,
          0.0,
          -0.984808
        ],
        [
          -394.928,
          -0.0507039,
          152.034
        ]
      ]
    },
    {
      "name": "#tank_barbwire2",
      "tm": [
        [
          -1.0,
          0.0,
          1.50996E-07
        ],
        [
          0.0,
          1.0,
          0.0
        ],
        [
          -1.50996E-07,
          0.0,
          -1.0
        ],
        [
          -397.504,
          -0.0507039,
          116.781
        ]
      ]
    },
    {
      "name": "#tank_barbwire2",
      "tm": [
        [
          -0.965926,
          0.0,
          -0.258819
        ],
        [
          0.0,
          1.0,
          0.0
        ],
        [
          0.258819,
          0.0,
          -0.965926
        ],
        [
          -392.646,
          -0.0507039,
          81.578
        ]
      ]
    },
    {
      "name": "#tank_barbwire2_corner",
      "tm": [
        [
          1.0,
          0.0,
          1.74846E-07
        ],
        [
          0.0,
          1.0,
          0.0
        ],
        [
          -1.74846E-07,
          0.0,
          1.0
        ],
        [
          -355.335,
          -1.2927E-13,
          286.017
        ]
      ]
    },
    {
      "name": "#tank_barbwire2",
      "tm": [
        [
          0.173648,
          0.0,
          -0.984808
        ],
        [
          0.0,
          1.0,
          0.0
        ],
        [
          0.984808,
          0.0,
          0.173648
        ],
        [
          -322.124,
          -0.0507039,
          296.703
        ]
      ]
    },
    {
      "name": "#tank_barbwire2",
      "tm": [
        [
          0.422618,
          0.0,
          -0.906308
        ],
        [
          0.0,
          1.0,
          0.0
        ],
        [
          0.906308,
          0.0,
          0.422618
        ],
        [
          -288.256,
          -0.0507039,
          306.046
        ]
      ]
    },
    {
      "name": "^home_front_military_base_s_mesh",
      "tm": [
        [
          1.0,
          0.0,
          0.0
        ],
        [
          0.0,
          1.0,
          0.0
        ],
        [
          0.0,
          0.0,
          1.0
        ],
        [
          8.24089,
          0.0,
          -1.44939
        ]
      ]
    },
    {
      "name": "#tank_barbwire2",
      "tm": [
        [
          -0.984808,
          0.0,
          -0.173648
        ],
        [
          0.0,
          1.0,
          0.0
        ],
        [
          0.173648,
          0.0,
          -0.984808
        ],
        [
          -368.827,
          -0.0507039,
          17.1387
        ]
      ]
    },
    {
      "name": "#tank_barbwire2",
      "tm": [
        [
          -0.984808,
          0.0,
          0.173648
        ],
        [
          0.0,
          1.0,
          0.0
        ],
        [
          -0.173648,
          0.0,
          -0.984808
        ],
        [
          -368.425,
          -0.0507039,
          -17.284
        ]
      ]
    },
    {
      "name": "#tank_barbwire2",
      "tm": [
        [
          -0.906308,
          0.0,
          -0.422618
        ],
        [
          0.0,
          1.0,
          0.0
        ],
        [
          0.422618,
          0.0,
          -0.906308
        ],
        [
          -379.576,
          -0.0507039,
          49.5998
        ]
      ]
    },
    {
      "name": "#entrenchment1_d",
      "tm": [
        [
          -0.965926,
          -5.80298E-22,
          -0.258819
        ],
        [
          -5.60525E-22,
          1.0,
          -1.50192E-22
        ],
        [
          0.258819,
          0.0,
          -0.965926
        ],
        [
          -337.402,
          -1.2744E-13,
          184.474
        ]
      ]
    },
    {
      "name": "#entrenchment1_d",
      "tm": [
        [
          0.996195,
          -5.80298E-22,
          0.0871559
        ],
        [
          5.78089E-22,
          1.0,
          5.05763E-23
        ],
        [
          -0.0871559,
          0.0,
          0.996195
        ],
        [
          -347.333,
          -1.28157E-13,
          73.3592
        ]
      ]
    },
    {
      "name": "#entrenchment1_d",
      "tm": [
        [
          -0.965926,
          -5.80298E-22,
          -0.258819
        ],
        [
          -5.60525E-22,
          1.0,
          -1.50192E-22
        ],
        [
          0.258819,
          0.0,
          -0.965926
        ],
        [
          -343.445,
          -1.28363E-13,
          51.3428
        ]
      ]
    },
    {
      "name": "#entrenchment1_d",
      "tm": [
        [
          -0.342021,
          -5.80298E-22,
          0.939692
        ],
        [
          -1.98474E-22,
          1.0,
          5.45301E-22
        ],
        [
          -0.939692,
          0.0,
          -0.342021
        ],
        [
          -333.264,
          -1.31406E-13,
          267.987
        ]
      ]
    },
    {
      "name": "#pillbox_wood_roof_s",
      "tm": [
        [
          -0.965926,
          0.0,
          0.258819
        ],
        [
          0.0,
          1.0,
          0.0
        ],
        [
          -0.258819,
          0.0,
          -0.965926
        ],
        [
          -309.751,
          -1.20229E-13,
          -39.8463
        ]
      ]
    },
    {
      "name": "#entrenchment1_d",
      "tm": [
        [
          1.0,
          -5.80298E-22,
          1.74846E-07
        ],
        [
          5.80298E-22,
          1.0,
          1.01462E-28
        ],
        [
          -1.74846E-07,
          0.0,
          1.0
        ],
        [
          -336.562,
          -1.28975E-13,
          7.87769
        ]
      ]
    },
    {
      "name": "#camouflage_roof_point_s",
      "tm": [
        [
          1.39071E-07,
          0.0,
          1.0
        ],
        [
          0.0,
          1.0,
          0.0
        ],
        [
          -1.0,
          0.0,
          1.39071E-07
        ],
        [
          -341.474,
          -1.29353E-13,
          -51.7487
        ]
      ]
    },
    {
      "name": "#camouflage_roof_point_s",
      "tm": [
        [
          -0.5,
          0.0,
          -0.866025
        ],
        [
          0.0,
          1.0,
          0.0
        ],
        [
          0.866025,
          0.0,
          -0.5
        ],
        [
          -272.331,
          -1.20038E-13,
          257.158
        ]
      ]
    },
    {
      "name": "#camouflage_roof_point_s",
      "tm": [
        [
          0.819152,
          0.0,
          0.573577
        ],
        [
          0.0,
          1.0,
          0.0
        ],
        [
          -0.573577,
          0.0,
          0.819152
        ],
        [
          -280.829,
          1.11518E-13,
          -65.3405
        ]
      ]
    },
    {
      "name": "#kpp_house_s",
      "tm": [
        [
          0.173648,
          0.0,
          -0.984808
        ],
        [
          0.0,
          1.0,
          0.0
        ],
        [
          0.984808,
          0.0,
          0.173648
        ],
        [
          -116.545,
          -6.85999E-14,
          296.184
        ]
      ]
    },
    {
      "name": "#entrenchment1_d",
      "tm": [
        [
          -0.258819,
          -5.80298E-22,
          0.965926
        ],
        [
          -1.50192E-22,
          1.0,
          5.60524E-22
        ],
        [
          -0.965926,
          0.0,
          -0.258819
        ],
        [
          -289.511,
          -1.32912E-13,
          276.705
        ]
      ]
    },
    {
      "name": "#entrenchment1_d",
      "tm": [
        [
          -0.996195,
          -5.80298E-22,
          -0.0871562
        ],
        [
          -5.78089E-22,
          1.0,
          -5.05765E-23
        ],
        [
          0.0871562,
          0.0,
          -0.996195
        ],
        [
          -341.302,
          -1.29272E-13,
          -35.9165
        ]
      ]
    },
    {
      "name": "#tank_barbwire2",
      "tm": [
        [
          -0.984808,
          0.0,
          -0.173648
        ],
        [
          0.0,
          1.0,
          0.0
        ],
        [
          0.173648,
          0.0,
          -0.984808
        ],
        [
          -367.704,
          -0.0507039,
          -51.4781
        ]
      ]
    },
    {
      "name": "#barracks1_s",
      "tm": [
        [
          -4.37114E-08,
          0.0,
          -1.0
        ],
        [
          0.0,
          1.0,
          0.0
        ],
        [
          1.0,
          0.0,
          -4.37114E-08
        ],
        [
          299.536,
          1.08657E-13,
          -117.746
        ]
      ]
    },
    {
      "name": "#army_tent3_s",
      "tm": [
        [
          1.0,
          0.0,
          0.0
        ],
        [
          0.0,
          1.0,
          0.0
        ],
        [
          0.0,
          0.0,
          1.0
        ],
        [
          -248.449,
          1.11518E-13,
          -113.502
        ]
      ]
    },
    {
      "name": "#army_tent3_s",
      "tm": [
        [
          -0.642788,
          0.0,
          -0.766044
        ],
        [
          0.0,
          1.0,
          0.0
        ],
        [
          0.766044,
          0.0,
          -0.642788
        ],
        [
          -236.603,
          1.11518E-13,
          -109.876
        ]
      ]
    },
    {
      "name": "#army_tent3_s",
      "tm": [
        [
          -0.422618,
          0.0,
          0.906308
        ],
        [
          0.0,
          1.0,
          0.0
        ],
        [
          -0.906308,
          0.0,
          -0.422618
        ],
        [
          -223.069,
          1.11518E-13,
          -112.466
        ]
      ]
    },
    {
      "name": "#army_tent3_s",
      "tm": [
        [
          0.173648,
          0.0,
          0.984808
        ],
        [
          0.0,
          1.0,
          0.0
        ],
        [
          -0.984808,
          0.0,
          0.173648
        ],
        [
          -205.322,
          1.11518E-13,
          -108.637
        ]
      ]
    },
    {
      "name": "#army_tent3_s",
      "tm": [
        [
          0.642788,
          0.0,
          0.766044
        ],
        [
          0.0,
          1.0,
          0.0
        ],
        [
          -0.766044,
          0.0,
          0.642788
        ],
        [
          -220.878,
          1.11518E-13,
          -126.513
        ]
      ]
    },
    {
      "name": "#army_tent3_s",
      "tm": [
        [
          -0.173648,
          0.0,
          -0.984808
        ],
        [
          0.0,
          1.0,
          0.0
        ],
        [
          0.984808,
          0.0,
          -0.173648
        ],
        [
          -251.28,
          1.11518E-13,
          -127.587
        ]
      ]
    },
    {
      "name": "#army_tent3_s",
      "tm": [
        [
          -1.0,
          0.0,
          1.50996E-07
        ],
        [
          0.0,
          1.0,
          0.0
        ],
        [
          -1.50996E-07,
          0.0,
          -1.0
        ],
        [
          -209.381,
          1.11518E-13,
          -125.053
        ]
      ]
    },
    {
      "name": "#army_tent3_s",
      "tm": [
        [
          0.422618,
          0.0,
          -0.906308
        ],
        [
          0.0,
          1.0,
          0.0
        ],
        [
          0.906308,
          0.0,
          0.422618
        ],
        [
          -234.412,
          1.11518E-13,
          -123.924
        ]
      ]
    },
    {
      "name": "#army_tent3_s",
      "tm": [
        [
          -0.642788,
          0.0,
          -0.766044
        ],
        [
          0.0,
          1.0,
          0.0
        ],
        [
          0.766044,
          0.0,
          -0.642788
        ],
        [
          -235.156,
          1.11518E-13,
          -145.508
        ]
      ]
    },
    {
      "name": "#army_tent3_s",
      "tm": [
        [
          0.173648,
          0.0,
          0.984808
        ],
        [
          0.0,
          1.0,
          0.0
        ],
        [
          -0.984808,
          0.0,
          0.173648
        ],
        [
          -205.171,
          1.11518E-13,
          -141.884
        ]
      ]
    },
    {
      "name": "#army_tent3_s",
      "tm": [
        [
          1.0,
          0.0,
          0.0
        ],
        [
          0.0,
          1.0,
          0.0
        ],
        [
          0.0,
          0.0,
          1.0
        ],
        [
          -251.472,
          1.11518E-13,
          -143.1
        ]
      ]
    },
    {
      "name": "#army_tent3_s",
      "tm": [
        [
          -0.422618,
          0.0,
          0.906308
        ],
        [
          0.0,
          1.0,
          0.0
        ],
        [
          -0.906308,
          0.0,
          -0.422618
        ],
        [
          -221.622,
          1.11518E-13,
          -140.844
        ]
      ]
    },
    {
      "name": "#caissons1_s",
      "tm": [
        [
          1.0,
          0.0,
          0.0
        ],
        [
          0.0,
          1.0,
          0.0
        ],
        [
          0.0,
          0.0,
          1.0
        ],
        [
          -42.1922,
          1.70088E-14,
          -22.149
        ]
      ]
    },
    {
      "name": "#army_tent1_s",
      "tm": [
        [
          0.996195,
          0.0,
          0.0871558
        ],
        [
          0.0,
          1.0,
          0.0
        ],
        [
          -0.0871558,
          0.0,
          0.996195
        ],
        [
          -289.56,
          5.3481E-14,
          66.4295
        ]
      ]
    },
    {
      "name": "#army_tent1_s",
      "tm": [
        [
          0.0871557,
          0.0,
          0.996195
        ],
        [
          0.0,
          1.0,
          0.0
        ],
        [
          -0.996195,
          0.0,
          0.0871557
        ],
        [
          -271.315,
          5.3481E-14,
          67.7215
        ]
      ]
    },
    {
      "name": "#army_tent1_s",
      "tm": [
        [
          0.996195,
          0.0,
          0.0871558
        ],
        [
          0.0,
          1.0,
          0.0
        ],
        [
          -0.0871558,
          0.0,
          0.996195
        ],
        [
          -255.598,
          5.3481E-14,
          69.3616
        ]
      ]
    },
    {
      "name": "#army_tent1_s",
      "tm": [
        [
          0.965926,
          0.0,
          -0.258819
        ],
        [
          0.0,
          1.0,
          0.0
        ],
        [
          0.258819,
          0.0,
          0.965926
        ],
        [
          -241.655,
          5.3481E-14,
          63.1674
        ]
      ]
    },
    {
      "name": "#army_tent1_s",
      "tm": [
        [
          -0.866025,
          0.0,
          0.5
        ],
        [
          0.0,
          1.0,
          0.0
        ],
        [
          -0.5,
          0.0,
          -0.866025
        ],
        [
          -271.602,
          5.3481E-14,
          38.1339
        ]
      ]
    },
    {
      "name": "#army_tent1_s",
      "tm": [
        [
          0.996195,
          0.0,
          0.0871558
        ],
        [
          0.0,
          1.0,
          0.0
        ],
        [
          -0.0871558,
          0.0,
          0.996195
        ],
        [
          -256.603,
          5.3481E-14,
          39.4048
        ]
      ]
    },
    {
      "name": "#army_tent1_s",
      "tm": [
        [
          -0.707107,
          0.0,
          -0.707107
        ],
        [
          0.0,
          1.0,
          0.0
        ],
        [
          0.707107,
          0.0,
          -0.707107
        ],
        [
          -287.279,
          5.3481E-14,
          47.5656
        ]
      ]
    },
    {
      "name": "#army_tent1_s",
      "tm": [
        [
          0.906308,
          0.0,
          0.422618
        ],
        [
          0.0,
          1.0,
          0.0
        ],
        [
          -0.422618,
          0.0,
          0.906308
        ],
        [
          -240.572,
          5.3481E-14,
          42.0271
        ]
      ]
    },
    {
      "name": "#army_tent1_s",
      "tm": [
        [
          -0.0871555,
          0.0,
          -0.996195
        ],
        [
          0.0,
          1.0,
          0.0
        ],
        [
          0.996195,
          0.0,
          -0.0871555
        ],
        [
          -256.576,
          5.3481E-14,
          90.2358
        ]
      ]
    },
    {
      "name": "#army_tent1_s",
      "tm": [
        [
          -0.996195,
          0.0,
          -0.0871559
        ],
        [
          0.0,
          1.0,
          0.0
        ],
        [
          0.0871559,
          0.0,
          -0.996195
        ],
        [
          -269.647,
          5.3481E-14,
          90.5616
        ]
      ]
    },
    {
      "name": "#army_tent1_s",
      "tm": [
        [
          -0.996195,
          0.0,
          -0.0871559
        ],
        [
          0.0,
          1.0,
          0.0
        ],
        [
          0.0871559,
          0.0,
          -0.996195
        ],
        [
          -239.595,
          5.3481E-14,
          85.0231
        ]
      ]
    },
    {
      "name": "#army_tent1_s",
      "tm": [
        [
          -0.965926,
          0.0,
          0.258819
        ],
        [
          0.0,
          1.0,
          0.0
        ],
        [
          -0.258819,
          0.0,
          -0.965926
        ],
        [
          -285.65,
          5.3481E-14,
          86.652
        ]
      ]
    },
    {
      "name": "#mortar_pit_s",
      "tm": [
        [
          -0.984808,
          0.0,
          0.173648
        ],
        [
          0.0,
          1.0,
          0.0
        ],
        [
          -0.173648,
          0.0,
          -0.984808
        ],
        [
          -284.252,
          1.11518E-13,
          -120.276
        ]
      ]
    },
    {
      "name": "#pillbox_wood_roof_s",
      "tm": [
        [
          -0.0871555,
          0.0,
          -0.996195
        ],
        [
          0.0,
          1.0,
          0.0
        ],
        [
          0.996195,
          0.0,
          -0.0871555
        ],
        [
          62.2128,
          -1.82536E-14,
          -372.592
        ]
      ]
    },
    {
      "name": "#army_tent4big_s",
      "tm": [
        [
          -4.37114E-08,
          0.0,
          -1.0
        ],
        [
          0.0,
          1.0,
          0.0
        ],
        [
          1.0,
          0.0,
          -4.37114E-08
        ],
        [
          241.43,
          1.08657E-13,
          -94.4512
        ]
      ]
    },
    {
      "name": "#army_tent3_s",
      "tm": [
        [
          -0.173648,
          0.0,
          -0.984808
        ],
        [
          0.0,
          1.0,
          0.0
        ],
        [
          0.984808,
          0.0,
          -0.173648
        ],
        [
          262.98,
          1.08657E-13,
          -110.681
        ]
      ]
    },
    {
      "name": "#army_tent3_s",
      "tm": [
        [
          0.422618,
          0.0,
          -0.906308
        ],
        [
          0.0,
          1.0,
          0.0
        ],
        [
          0.906308,
          0.0,
          0.422618
        ],
        [
          -179.184,
          1.11518E-13,
          -113.944
        ]
      ]
    },
    {
      "name": "#army_tent3_s",
      "tm": [
        [
          -1.0,
          0.0,
          -1.50996E-07
        ],
        [
          0.0,
          1.0,
          0.0
        ],
        [
          1.50996E-07,
          0.0,
          -1.0
        ],
        [
          238.281,
          1.08657E-13,
          -116.042
        ]
      ]
    },
    {
      "name": "#barrel_food_s",
      "tm": [
        [
          1.0,
          0.0,
          0.0
        ],
        [
          0.0,
          1.0,
          0.0
        ],
        [
          0.0,
          0.0,
          1.0
        ],
        [
          -194.676,
          1.11518E-13,
          -126.466
        ]
      ]
    },
    {
      "name": "#barracks5_s",
      "tm": [
        [
          1.19249E-08,
          0.0,
          1.0
        ],
        [
          0.0,
          1.0,
          0.0
        ],
        [
          -1.0,
          0.0,
          1.19249E-08
        ],
        [
          374.164,
          1.08657E-13,
          -123.1
        ]
      ]
    },
    {
      "name": "#caissons1_s",
      "tm": [
        [
          0.939693,
          0.0,
          -0.34202
        ],
        [
          0.0,
          1.0,
          0.0
        ],
        [
          0.34202,
          0.0,
          0.939693
        ],
        [
          307.349,
          1.08657E-13,
          -146.682
        ]
      ]
    },
    {
      "name": "#barrels_red_s",
      "tm": [
        [
          -1.62921E-07,
          0.0,
          -1.0
        ],
        [
          0.0,
          1.0,
          0.0
        ],
        [
          1.0,
          0.0,
          -1.62921E-07
        ],
        [
          -260.043,
          1.00134E-14,
          152.69
        ]
      ]
    },
    {
      "name": "#tank_barbwire2",
      "tm": [
        [
          0.173648,
          0.0,
          -0.984808
        ],
        [
          0.0,
          1.0,
          0.0
        ],
        [
          0.984808,
          0.0,
          0.173648
        ],
        [
          -254.927,
          -0.0507039,
          316.566
        ]
      ]
    },
    {
      "name": "#tank_barbwire2",
      "tm": [
        [
          -0.258819,
          0.0,
          -0.965926
        ],
        [
          0.0,
          1.0,
          0.0
        ],
        [
          0.965926,
          0.0,
          -0.258819
        ],
        [
          -219.776,
          -0.0507039,
          315.948
        ]
      ]
    },
    {
      "name": "#tank_barbwire2",
      "tm": [
        [
          -0.984808,
          0.0,
          0.173648
        ],
        [
          0.0,
          1.0,
          0.0
        ],
        [
          -0.173648,
          0.0,
          -0.984808
        ],
        [
          -366.728,
          -0.0507039,
          -85.7528
        ]
      ]
    },
    {
      "name": "#tank_barbwire2",
      "tm": [
        [
          -0.965926,
          0.0,
          0.258819
        ],
        [
          0.0,
          1.0,
          0.0
        ],
        [
          -0.258819,
          0.0,
          -0.965926
        ],
        [
          -375.08,
          -0.0507039,
          -120.262
        ]
      ]
    },
    {
      "name": "#barrels_red_s",
      "tm": [
        [
          -0.996195,
          0.0,
          -0.0871559
        ],
        [
          0.0,
          1.0,
          0.0
        ],
        [
          0.0871559,
          0.0,
          -0.996195
        ],
        [
          -42.4838,
          -3.89414E-15,
          235.52
        ]
      ]
    },
    {
      "name": "#caissons2_s",
      "tm": [
        [
          1.0,
          0.0,
          0.0
        ],
        [
          0.0,
          1.0,
          0.0
        ],
        [
          0.0,
          0.0,
          1.0
        ],
        [
          -276.951,
          1.11518E-13,
          -86.7048
        ]
      ]
    },
    {
      "name": "#army_tent4big_s",
      "tm": [
        [
          1.0,
          0.0,
          -3.01992E-07
        ],
        [
          0.0,
          1.0,
          0.0
        ],
        [
          3.01992E-07,
          0.0,
          1.0
        ],
        [
          -89.5574,
          -2.95346E-14,
          -103.386
        ]
      ]
    },
    {
      "name": "watch_tower_sandbag_s",
      "tm": [
        [
          0.258819,
          0.0,
          0.965926
        ],
        [
          0.0,
          1.0,
          0.0
        ],
        [
          -0.965926,
          0.0,
          0.258819
        ],
        [
          -173.679,
          -1.08337E-14,
          -328.838
        ]
      ]
    },
    {
      "name": "#pillbox_wood_roof_s",
      "tm": [
        [
          1.0,
          0.0,
          -3.01992E-07
        ],
        [
          0.0,
          1.0,
          0.0
        ],
        [
          3.01992E-07,
          0.0,
          1.0
        ],
        [
          -312.892,
          -1.98796E-15,
          -253.929
        ]
      ]
    },
    {
      "name": "watch_tower_sandbag_s",
      "tm": [
        [
          0.965926,
          0.0,
          -0.258819
        ],
        [
          0.0,
          1.0,
          0.0
        ],
        [
          0.258819,
          0.0,
          0.965926
        ],
        [
          -344.677,
          -2.61967E-14,
          -12.7948
        ]
      ]
    },
    {
      "name": "#pillbox_wood_roof_s",
      "tm": [
        [
          1.39071E-07,
          0.0,
          1.0
        ],
        [
          0.0,
          1.0,
          0.0
        ],
        [
          -1.0,
          0.0,
          1.39071E-07
        ],
        [
          153.135,
          -1.0732E-13,
          238.1
        ]
      ]
    },
    {
      "name": "#kpp_house_s",
      "tm": [
        [
          6.15908E-07,
          0.0,
          1.0
        ],
        [
          0.0,
          1.0,
          0.0
        ],
        [
          -1.0,
          0.0,
          6.15908E-07
        ],
        [
          -142.899,
          -1.13795E-14,
          -331.328
        ]
      ]
    },
    {
      "name": "#sandbagpit_wood_flow_s",
      "tm": [
        [
          -1.62921E-07,
          0.0,
