[
  {
    "className": "composit"
  },
  {
    "size": [1000.0,900.0]
  },
  {
    "node": {
      "name": "#army_tent4big_s",
      "tm": [
        [-1.0,0.0,1.50996e-07],
        [0.0,1.0,0.0],
        [-1.50996e-07,0.0,-1.0],
        [-164.542,1.70088e-14,10.2596]
      ]
    }
  },
  {
    "node": {
      "name": "#pillbox_wood_roof_s",
      "tm": [
        [1.94707e-07,0.0,1.0],
        [0.0,1.0,0.0],
        [-1.0,0.0,1.94707e-07],
        [-187.134,1.11518e-13,-79.1334]
      ]
    }
  },
  {
    "node": {
      "name": "#pillbox_wood_roof_s",
      "tm": [
        [0.0871559,0.0,0.996195],
        [0.0,1.0,0.0],
        [-0.996195,0.0,0.0871559],
        [348.264,-3.22864e-14,329.891]
      ]
    }
  },
  {
    "node": {
      "name": "#sandbagpit_wood_flow_s",
      "tm": [
        [-0.173648,0.0,-0.984808],
        [0.0,1.0,0.0],
        [0.984808,0.0,-0.173648],
        [-223.383,4.95943e-14,-35.3022]
      ]
    }
  },
  {
    "node": {
      "name": "#barracks3_s",
      "tm": [
        [-1.0,0.0,-1.50996e-07],
        [0.0,1.0,0.0],
        [1.50996e-07,0.0,-1.0],
        [309.874,1.08657e-13,-32.6531]
      ]
    }
  },
  {
    "node": {
      "name": "#barracks2_s",
      "tm": [
        [1.39071e-07,0.0,-1.0],
        [0.0,1.0,0.0],
        [1.0,0.0,1.39071e-07],
        [304.018,1.08657e-13,-23.5002]
      ]
    }
  },
  {
    "node": {
      "name": "#barracks1_s",
      "tm": [
        [1.0,0.0,2.38419e-07],
        [0.0,1.0,0.0],
        [-2.38419e-07,0.0,1.0],
        [358.549,1.08657e-13,-141.698]
      ]
    }
  },
  {
    "node": {
      "name": "#army_tent1_s",
      "tm": [
        [0.996195,0.0,0.0871558],
        [0.0,1.0,0.0],
        [-0.0871558,0.0,0.996195],
        [-168.62,1.70088e-14,-7.78926]
      ]
    }
  },
  {
    "node": {
      "name": "#barracks4_s",
      "tm": [
        [-1.0,0.0,-1.50996e-07],
        [0.0,1.0,0.0],
        [1.50996e-07,0.0,-1.0],
        [323.615,1.08657e-13,-130.93]
      ]
    }
  },
  {
    "node": {
      "name": "#camouflage_roof_point_s",
      "tm": [
        [-1.0,0.0,-1.50996e-07],
        [0.0,1.0,0.0],
        [1.50996e-07,0.0,-1.0],
        [264.225,1.08657e-13,-73.0102]
      ]
    }
  },
  {
    "node": {
      "name": "#barrels_red_s",
      "tm": [
        [1.0,0.0,0.0],
        [0.0,1.0,0.0],
        [0.0,0.0,1.0],
        [-229.009,1.11518e-13,-92.8149]
      ]
    }
  },
  {
    "node": {
      "name": "#caissons2_s",
      "tm": [
        [-4.37114e-08,0.0,-1.0],
        [0.0,1.0,0.0],
        [1.0,0.0,-4.37114e-08],
        [11.6064,1.19416e-13,-330.999]
      ]
    }
  },
  {
    "node": {
      "name": "#army_tent1_s",
      "tm": [
        [-0.34202,0.0,0.939693],
        [0.0,1.0,0.0],
        [-0.939693,0.0,-0.34202],
        [-150.105,1.70088e-14,-5.93386]
      ]
    }
  },
  {
    "node": {
      "name": "#army_tent1_s",
      "tm": [
        [-0.984808,0.0,-0.173648],
        [0.0,1.0,0.0],
        [0.173648,0.0,-0.984808],
        [-179.936,1.70088e-14,27.6737]
      ]
    }
  },
  {
    "node": {
      "name": "#army_tent1_s",
      "tm": [
        [0.0871558,0.0,0.996195],
        [0.0,1.0,0.0],
        [-0.996195,0.0,0.0871558],
        [-163.484,1.70088e-14,30.7496]
      ]
    }
  },
  {
    "node": {
      "name": "#caissons1_s",
      "tm": [
        [-0.939693,0.0,0.34202],
        [0.0,1.0,0.0],
        [-0.34202,0.0,-0.939693],
        [156.427,3.86111e-14,105.229]
      ]
    }
  },
  {
    "node": {
      "name": "#camouflage_roof_point_s",
      "tm": [
        [1.0,0.0,0.0],
        [0.0,1.0,0.0],
        [0.0,0.0,1.0],
        [-142.079,-1.35326e-13,292.685]
      ]
    }
  },
  {
    "node": {
      "name": "watch_tower_sandbag_s",
      "tm": [
        [-4.37114e-08,0.0,-1.0],
        [0.0,1.0,0.0],
        [1.0,0.0,-4.37114e-08],
        [218.825,1.08657e-13,-134.449]
      ]
    }
  },
  {
    "node": {
      "name": "#barrels_tent_s",
      "tm": [
        [0.996195,0.0,0.0871554],
        [0.0,1.0,0.0],
        [-0.0871554,0.0,0.996195],
        [125.339,2.50276e-14,137.82]
      ]
    }
  },
  {
    "node": {
      "name": "#caissons2_s",
      "tm": [
        [-1.62921e-07,0.0,-1.0],
        [0.0,1.0,0.0],
        [1.0,0.0,-1.62921e-07],
        [47.1,6.75265e-14,-44.1833]
      ]
    }
  },
  {
    "node": {
      "name": "#army_tent1_s",
      "tm": [
        [0.173648,0.0,0.984808],
        [0.0,1.0,0.0],
        [-0.984808,0.0,0.173648],
        [-144.659,1.70088e-14,13.7233]
      ]
    }
  },
  {
    "node": {
      "name": "#army_tent1_s",
      "tm": [
        [0.707107,0.0,-0.707107],
        [0.0,1.0,0.0],
        [0.707107,0.0,0.707107],
        [-149.957,1.70088e-14,26.5487]
      ]
    }
  },
  {
    "node": {
      "name": "#mortar_pit_s",
      "tm": [
        [-0.996195,0.0,0.0871556],
        [0.0,1.0,0.0],
        [-0.0871556,0.0,-0.996195],
        [-303.0,-1.05003e-13,116.27]
      ]
    }
  },
  {
    "node": {
      "name": "#army_tent3_s",
      "tm": [
        [1.0,0.0,0.0],
        [0.0,1.0,0.0],
        [0.0,0.0,1.0],
        [-197.192,1.70088e-14,58.0014]
      ]
    }
  },
  {
    "node": {
      "name": "#mortar_pit_sandbag_s",
      "tm": [
        [-0.0871555,0.0,-0.996195],
        [0.0,1.0,0.0],
        [0.996195,0.0,-0.0871555],
        [187.409,1.08657e-13,-201.378]
      ]
    }
  },
  {
    "node": {
      "name": "#army_tent3_s",
      "tm": [
        [1.0,0.0,0.0],
        [0.0,1.0,0.0],
        [0.0,0.0,1.0],
        [-175.312,1.70088e-14,49.9487]
      ]
    }
  },
  {
    "node": {
      "name": "#army_tent3_s",
      "tm": [
        [1.0,0.0,0.0],
        [0.0,1.0,0.0],
        [0.0,0.0,1.0],
        [-195.597,1.70088e-14,32.2025]
      ]
    }
  },
  {
    "node": {
      "name": "#barrels_blue_s",
      "tm": [
        [1.0,0.0,-3.57628e-07],
        [0.0,1.0,0.0],
        [3.57628e-07,0.0,1.0],
        [131.818,7.95983e-14,-151.097]
      ]
    }
  },
  {
    "node": {
      "name": "#caissons2_s",
      "tm": [
        [1.0,0.0,-3.57628e-07],
        [0.0,1.0,0.0],
        [3.57628e-07,0.0,1.0],
        [-224.339,4.2291e-14,63.2208]
      ]
    }
  },
  {
    "node": {
      "name": "#caissons1_s",
      "tm": [
        [1.0,0.0,0.0],
        [0.0,1.0,0.0],
        [0.0,0.0,1.0],
        [-188.209,1.70088e-14,45.7018]
      ]
    }
  },
  {
    "node": {
      "name": "#caissons2_s",
      "tm": [
        [-0.819152,0.0,-0.573576],
        [0.0,1.0,0.0],
        [0.573576,0.0,-0.819152],
        [313.322,1.08657e-13,-170.763]
      ]
    }
  },
  {
    "node": {
      "name": "#entrenchment1_d",
      "tm": [
        [0.965926,-5.80298e-22,-0.258819],
        [5.60525e-22,1.0,-1.50192e-22],
        [0.258819,0.0,0.965926],
        [-339.657,-1.279e-13,117.404]
      ]
    }
  },
  {
    "node": {
      "name": "#entrenchment1_d",
      "tm": [
        [0.996195,-5.80298e-22,0.0871559],
        [5.78089e-22,1.0,5.05763e-23],
        [-0.0871559,0.0,0.996195],
        [-333.261,-1.27567e-13,162.022]
      ]
    }
  },
  {
    "node": {
      "name": "#entrenchment1_d",
      "tm": [
        [-0.965926,-5.80298e-22,-0.258819],
        [-5.60525e-22,1.0,-1.50192e-22],
        [0.258819,0.0,-0.965926],
        [-345.48,-1.2705e-13,228.303]
      ]
    }
  },
  {
    "node": {
      "name": "#army_tent1_s",
      "tm": [
        [0.965926,0.0,-0.258819],
        [0.0,1.0,0.0],
        [0.258819,0.0,0.965926],
        [-189.461,1.70088e-14,15.4753]
      ]
    }
  },
  {
    "node": {
      "name": "#army_tent3_s",
      "tm": [
        [0.766044,0.0,0.642788],
        [0.0,1.0,0.0],
        [-0.642788,0.0,0.766044],
        [-194.216,1.70088e-14,-7.09563]
      ]
    }
  },
  {
    "node": {
      "name": "#tank_barbwire2",
      "tm": [
        [-0.965926,0.0,0.258819],
        [0.0,1.0,0.0],
        [-0.258819,0.0,-0.965926],
        [-368.452,-0.0507039,255.151]
      ]
    }
  },
  {
    "node": {
      "name": "#tank_barbwire2",
      "tm": [
        [-0.939693,0.0,0.34202],
        [0.0,1.0,0.0],
        [-0.34202,0.0,-0.939693],
        [-385.559,-0.0507039,185.903]
      ]
    }
  },
  {
    "node": {
      "name": "#tank_barbwire2",
      "tm": [
        [-0.984808,0.0,0.173648],
        [0.0,1.0,0.0],
        [-0.173648,0.0,-0.984808],
        [-394.928,-0.0507039,152.034]
      ]
    }
  },
  {
    "node": {
      "name": "#tank_barbwire2",
      "tm": [
        [-1.0,0.0,1.50996e-07],
        [0.0,1.0,0.0],
        [-1.50996e-07,0.0,-1.0],
        [-397.504,-0.0507039,116.781]
      ]
    }
  },
  {
    "node": {
      "name": "#tank_barbwire2",
      "tm": [
        [-0.965926,0.0,-0.258819],
        [0.0,1.0,0.0],
        [0.258819,0.0,-0.965926],
        [-392.646,-0.0507039,81.578]
      ]
    }
  },
  {
    "node": {
      "name": "#tank_barbwire2_corner",
      "tm": [
        [1.0,0.0,1.74846e-07],
        [0.0,1.0,0.0],
        [-1.74846e-07,0.0,1.0],
        [-355.335,-1.2927e-13,286.017]
      ]
    }
  },
  {
    "node": {
      "name": "#tank_barbwire2",
      "tm": [
        [0.173648,0.0,-0.984808],
        [0.0,1.0,0.0],
        [0.984808,0.0,0.173648],
        [-322.124,-0.0507039,296.703]
      ]
    }
  },
  {
    "node": {
      "name": "#tank_barbwire2",
      "tm": [
        [0.422618,0.0,-0.906308],
        [0.0,1.0,0.0],
        [0.906308,0.0,0.422618],
        [-288.256,-0.0507039,306.046]
      ]
    }
  },
  {
    "node": {
      "name": "^home_front_military_base_s_mesh",
      "tm": [
        [1.0,0.0,0.0],
        [0.0,1.0,0.0],
        [0.0,0.0,1.0],
        [8.24089,0.0,-1.44939]
      ]
    }
  },
  {
    "node": {
      "name": "#tank_barbwire2",
      "tm": [
        [-0.984808,0.0,-0.173648],
        [0.0,1.0,0.0],
        [0.173648,0.0,-0.984808],
        [-368.827,-0.0507039,17.1387]
      ]
    }
  },
  {
    "node": {
      "name": "#tank_barbwire2",
      "tm": [
        [-0.984808,0.0,0.173648],
        [0.0,1.0,0.0],
        [-0.173648,0.0,-0.984808],
        [-368.425,-0.0507039,-17.284]
      ]
    }
  },
  {
    "node": {
      "name": "#tank_barbwire2",
      "tm": [
        [-0.906308,0.0,-0.422618],
        [0.0,1.0,0.0],
        [0.422618,0.0,-0.906308],
        [-379.576,-0.0507039,49.5998]
      ]
    }
  },
  {
    "node": {
      "name": "#entrenchment1_d",
      "tm": [
        [-0.965926,-5.80298e-22,-0.258819],
        [-5.60525e-22,1.0,-1.50192e-22],
        [0.258819,0.0,-0.965926],
        [-337.402,-1.2744e-13,184.474]
      ]
    }
  },
  {
    "node": {
      "name": "#entrenchment1_d",
      "tm": [
        [0.996195,-5.80298e-22,0.0871559],
        [5.78089e-22,1.0,5.05763e-23],
        [-0.0871559,0.0,0.996195],
        [-347.333,-1.28157e-13,73.3592]
      ]
    }
  },
  {
    "node": {
      "name": "#entrenchment1_d",
      "tm": [
        [-0.965926,-5.80298e-22,-0.258819],
        [-5.60525e-22,1.0,-1.50192e-22],
        [0.258819,0.0,-0.965926],
        [-343.445,-1.28363e-13,51.3428]
      ]
    }
  },
  {
    "node": {
      "name": "#entrenchment1_d",
      "tm": [
        [-0.342021,-5.80298e-22,0.939692],
        [-1.98474e-22,1.0,5.45301e-22],
        [-0.939692,0.0,-0.342021],
        [-333.264,-1.31406e-13,267.987]
      ]
    }
  },
  {
    "node": {
      "name": "#pillbox_wood_roof_s",
      "tm": [
        [-0.965926,0.0,0.258819],
        [0.0,1.0,0.0],
        [-0.258819,0.0,-0.965926],
        [-309.751,-1.20229e-13,-39.8463]
      ]
    }
  },
  {
    "node": {
      "name": "#entrenchment1_d",
      "tm": [
        [1.0,-5.80298e-22,1.74846e-07],
        [5.80298e-22,1.0,1.01462e-28],
        [-1.74846e-07,0.0,1.0],
        [-336.562,-1.28975e-13,7.87769]
      ]
    }
  },
  {
    "node": {
      "name": "#camouflage_roof_point_s",
      "tm": [
        [1.39071e-07,0.0,1.0],
        [0.0,1.0,0.0],
        [-1.0,0.0,1.39071e-07],
        [-341.474,-1.29353e-13,-51.7487]
      ]
    }
  },
  {
    "node": {
      "name": "#camouflage_roof_point_s",
      "tm": [
        [-0.5,0.0,-0.866025],
        [0.0,1.0,0.0],
        [0.866025,0.0,-0.5],
        [-272.331,-1.20038e-13,257.158]
      ]
    }
  },
  {
    "node": {
      "name": "#camouflage_roof_point_s",
      "tm": [
        [0.819152,0.0,0.573577],
        [0.0,1.0,0.0],
        [-0.573577,0.0,0.819152],
        [-280.829,1.11518e-13,-65.3405]
      ]
    }
  },
  {
    "node": {
      "name": "#kpp_house_s",
      "tm": [
        [0.173648,0.0,-0.984808],
        [0.0,1.0,0.0],
        [0.984808,0.0,0.173648],
        [-116.545,-6.85999e-14,296.184]
      ]
    }
  },
  {
    "node": {
      "name": "#entrenchment1_d",
      "tm": [
        [-0.258819,-5.80298e-22,0.965926],
        [-1.50192e-22,1.0,5.60524e-22],
        [-0.965926,0.0,-0.258819],
        [-289.511,-1.32912e-13,276.705]
      ]
    }
  },
  {
    "node": {
      "name": "#entrenchment1_d",
      "tm": [
        [-0.996195,-5.80298e-22,-0.0871562],
        [-5.78089e-22,1.0,-5.05765e-23],
        [0.0871562,0.0,-0.996195],
        [-341.302,-1.29272e-13,-35.9165]
      ]
    }
  },
  {
    "node": {
      "name": "#tank_barbwire2",
      "tm": [
        [-0.984808,0.0,-0.173648],
        [0.0,1.0,0.0],
        [0.173648,0.0,-0.984808],
        [-367.704,-0.0507039,-51.4781]
      ]
    }
  },
  {
    "node": {
      "name": "#barracks1_s",
      "tm": [
        [-4.37114e-08,0.0,-1.0],
        [0.0,1.0,0.0],
        [1.0,0.0,-4.37114e-08],
        [299.536,1.08657e-13,-117.746]
      ]
    }
  },
  {
    "node": {
      "name": "#army_tent3_s",
      "tm": [
        [1.0,0.0,0.0],
        [0.0,1.0,0.0],
        [0.0,0.0,1.0],
        [-248.449,1.11518e-13,-113.502]
      ]
    }
  },
  {
    "node": {
      "name": "#army_tent3_s",
      "tm": [
        [-0.642788,0.0,-0.766044],
        [0.0,1.0,0.0],
        [0.766044,0.0,-0.642788],
        [-236.603,1.11518e-13,-109.876]
      ]
    }
  },
  {
    "node": {
      "name": "#army_tent3_s",
      "tm": [
        [-0.422618,0.0,0.906308],
        [0.0,1.0,0.0],
        [-0.906308,0.0,-0.422618],
        [-223.069,1.11518e-13,-112.466]
      ]
    }
  },
  {
    "node": {
      "name": "#army_tent3_s",
      "tm": [
        [0.173648,0.0,0.984808],
        [0.0,1.0,0.0],
        [-0.984808,0.0,0.173648],
        [-205.322,1.11518e-13,-108.637]
      ]
    }
  },
  {
    "node": {
      "name": "#army_tent3_s",
      "tm": [
        [0.642788,0.0,0.766044],
        [0.0,1.0,0.0],
        [-0.766044,0.0,0.642788],
        [-220.878,1.11518e-13,-126.513]
      ]
    }
  },
  {
    "node": {
      "name": "#army_tent3_s",
      "tm": [
        [-0.173648,0.0,-0.984808],
        [0.0,1.0,0.0],
        [0.984808,0.0,-0.173648],
        [-251.28,1.11518e-13,-127.587]
      ]
    }
  },
  {
    "node": {
      "name": "#army_tent3_s",
      "tm": [
        [-1.0,0.0,1.50996e-07],
        [0.0,1.0,0.0],
        [-1.50996e-07,0.0,-1.0],
        [-209.381,1.11518e-13,-125.053]
      ]
    }
  },
  {
    "node": {
      "name": "#army_tent3_s",
      "tm": [
        [0.422618,0.0,-0.906308],
        [0.0,1.0,0.0],
        [0.906308,0.0,0.422618],
        [-234.412,1.11518e-13,-123.924]
      ]
    }
  },
  {
    "node": {
      "name": "#army_tent3_s",
      "tm": [
        [-0.642788,0.0,-0.766044],
        [0.0,1.0,0.0],
        [0.766044,0.0,-0.642788],
        [-235.156,1.11518e-13,-145.508]
      ]
    }
  },
  {
    "node": {
      "name": "#army_tent3_s",
      "tm": [
        [0.173648,0.0,0.984808],
        [0.0,1.0,0.0],
        [-0.984808,0.0,0.173648],
        [-205.171,1.11518e-13,-141.884]
      ]
    }
  },
  {
    "node": {
      "name": "#army_tent3_s",
      "tm": [
        [1.0,0.0,0.0],
        [0.0,1.0,0.0],
        [0.0,0.0,1.0],
        [-251.472,1.11518e-13,-143.1]
      ]
    }
  },
  {
    "node": {
      "name": "#army_tent3_s",
      "tm": [
        [-0.422618,0.0,0.906308],
        [0.0,1.0,0.0],
        [-0.906308,0.0,-0.422618],
        [-221.622,1.11518e-13,-140.844]
      ]
    }
  },
  {
    "node": {
      "name": "#caissons1_s",
      "tm": [
        [1.0,0.0,0.0],
        [0.0,1.0,0.0],
        [0.0,0.0,1.0],
        [-42.1922,1.70088e-14,-22.149]
      ]
    }
  },
  {
    "node": {
      "name": "#army_tent1_s",
      "tm": [
        [0.996195,0.0,0.0871558],
        [0.0,1.0,0.0],
        [-0.0871558,0.0,0.996195],
        [-289.56,5.3481e-14,66.4295]
      ]
    }
  },
  {
    "node": {
      "name": "#army_tent1_s",
      "tm": [
        [0.0871557,0.0,0.996195],
        [0.0,1.0,0.0],
        [-0.996195,0.0,0.0871557],
        [-271.315,5.3481e-14,67.7215]
      ]
    }
  },
  {
    "node": {
      "name": "#army_tent1_s",
      "tm": [
        [0.996195,0.0,0.0871558],
        [0.0,1.0,0.0],
        [-0.0871558,0.0,0.996195],
        [-255.598,5.3481e-14,69.3616]
      ]
    }
  },
  {
    "node": {
      "name": "#army_tent1_s",
      "tm": [
        [0.965926,0.0,-0.258819],
        [0.0,1.0,0.0],
        [0.258819,0.0,0.965926],
        [-241.655,5.3481e-14,63.1674]
      ]
    }
  },
  {
    "node": {
      "name": "#army_tent1_s",
      "tm": [
        [-0.866025,0.0,0.5],
        [0.0,1.0,0.0],
        [-0.5,0.0,-0.866025],
        [-271.602,5.3481e-14,38.1339]
      ]
    }
  },
  {
    "node": {
      "name": "#army_tent1_s",
      "tm": [
        [0.996195,0.0,0.0871558],
        [0.0,1.0,0.0],
        [-0.0871558,0.0,0.996195],
        [-256.603,5.3481e-14,39.4048]
      ]
    }
  },
  {
    "node": {
      "name": "#army_tent1_s",
      "tm": [
        [-0.707107,0.0,-0.707107],
        [0.0,1.0,0.0],
        [0.707107,0.0,-0.707107],
        [-287.279,5.3481e-14,47.5656]
      ]
    }
  },
  {
    "node": {
      "name": "#army_tent1_s",
      "tm": [
        [0.906308,0.0,0.422618],
        [0.0,1.0,0.0],
        [-0.422618,0.0,0.906308],
        [-240.572,5.3481e-14,42.0271]
      ]
    }
  },
  {
    "node": {
      "name": "#army_tent1_s",
      "tm": [
        [-0.0871555,0.0,-0.996195],
        [0.0,1.0,0.0],
        [0.996195,0.0,-0.0871555],
        [-256.576,5.3481e-14,90.2358]
      ]
    }
  },
  {
    "node": {
      "name": "#army_tent1_s",
      "tm": [
        [-0.996195,0.0,-0.0871559],
        [0.0,1.0,0.0],
        [0.0871559,0.0,-0.996195],
        [-269.647,5.3481e-14,90.5616]
      ]
    }
  },
  {
    "node": {
      "name": "#army_tent1_s",
      "tm": [
        [-0.996195,0.0,-0.0871559],
        [0.0,1.0,0.0],
        [0.0871559,0.0,-0.996195],
        [-239.595,5.3481e-14,85.0231]
      ]
    }
  },
  {
    "node": {
      "name": "#army_tent1_s",
      "tm": [
        [-0.965926,0.0,0.258819],
        [0.0,1.0,0.0],
        [-0.258819,0.0,-0.965926],
        [-285.65,5.3481e-14,86.652]
      ]
    }
  },
  {
    "node": {
      "name": "#mortar_pit_s",
      "tm": [
        [-0.984808,0.0,0.173648],
        [0.0,1.0,0.0],
        [-0.173648,0.0,-0.984808],
        [-284.252,1.11518e-13,-120.276]
      ]
    }
  },
  {
    "node": {
      "name": "#pillbox_wood_roof_s",
      "tm": [
        [-0.0871555,0.0,-0.996195],
        [0.0,1.0,0.0],
        [0.996195,0.0,-0.0871555],
        [62.2128,-1.82536e-14,-372.592]
      ]
    }
  },
  {
    "node": {
      "name": "#army_tent4big_s",
      "tm": [
        [-4.37114e-08,0.0,-1.0],
        [0.0,1.0,0.0],
        [1.0,0.0,-4.37114e-08],
        [241.43,1.08657e-13,-94.4512]
      ]
    }
  },
  {
    "node": {
      "name": "#army_tent3_s",
      "tm": [
        [-0.173648,0.0,-0.984808],
        [0.0,1.0,0.0],
        [0.984808,0.0,-0.173648],
        [262.98,1.08657e-13,-110.681]
      ]
    }
  },
  {
    "node": {
      "name": "#army_tent3_s",
      "tm": [
        [0.422618,0.0,-0.906308],
        [0.0,1.0,0.0],
        [0.906308,0.0,0.422618],
        [-179.184,1.11518e-13,-113.944]
      ]
    }
  },
  {
    "node": {
      "name": "#army_tent3_s",
      "tm": [
        [-1.0,0.0,-1.50996e-07],
        [0.0,1.0,0.0],
        [1.50996e-07,0.0,-1.0],
        [238.281,1.08657e-13,-116.042]
      ]
    }
  },
  {
    "node": {
      "name": "#barrel_food_s",
      "tm": [
        [1.0,0.0,0.0],
        [0.0,1.0,0.0],
        [0.0,0.0,1.0],
        [-194.676,1.11518e-13,-126.466]
      ]
    }
  },
  {
    "node": {
      "name": "#barracks5_s",
      "tm": [
        [1.19249e-08,0.0,1.0],
        [0.0,1.0,0.0],
        [-1.0,0.0,1.19249e-08],
        [374.164,1.08657e-13,-123.1]
      ]
    }
  },
  {
    "node": {
      "name": "#caissons1_s",
      "tm": [
        [0.939693,0.0,-0.34202],
        [0.0,1.0,0.0],
        [0.34202,0.0,0.939693],
        [307.349,1.08657e-13,-146.682]
      ]
    }
  },
  {
    "node": {
      "name": "#barrels_red_s",
      "tm": [
        [-1.62921e-07,0.0,-1.0],
        [0.0,1.0,0.0],
        [1.0,0.0,-1.62921e-07],
        [-260.043,1.00134e-14,152.69]
      ]
    }
  },
  {
    "node": {
      "name": "#tank_barbwire2",
      "tm": [
        [0.173648,0.0,-0.984808],
        [0.0,1.0,0.0],
        [0.984808,0.0,0.173648],
        [-254.927,-0.0507039,316.566]
      ]
    }
  },
  {
    "node": {
      "name": "#tank_barbwire2",
      "tm": [
        [-0.258819,0.0,-0.965926],
        [0.0,1.0,0.0],
        [0.965926,0.0,-0.258819],
        [-219.776,-0.0507039,315.948]
      ]
    }
  },
  {
    "node": {
      "name": "#tank_barbwire2",
      "tm": [
        [-0.984808,0.0,0.173648],
        [0.0,1.0,0.0],
        [-0.173648,0.0,-0.984808],
        [-366.728,-0.0507039,-85.7528]
      ]
    }
  },
  {
    "node": {
      "name": "#tank_barbwire2",
      "tm": [
        [-0.965926,0.0,0.258819],
        [0.0,1.0,0.0],
        [-0.258819,0.0,-0.965926],
        [-375.08,-0.0507039,-120.262]
      ]
    }
  },
  {
    "node": {
      "name": "#barrels_red_s",
      "tm": [
        [-0.996195,0.0,-0.0871559],
        [0.0,1.0,0.0],
        [0.0871559,0.0,-0.996195],
        [-42.4838,-3.89414e-15,235.52]
      ]
    }
  },
  {
    "node": {
      "name": "#caissons2_s",
      "tm": [
        [1.0,0.0,0.0],
        [0.0,1.0,0.0],
        [0.0,0.0,1.0],
        [-276.951,1.11518e-13,-86.7048]
      ]
    }
  },
  {
    "node": {
      "name": "#army_tent4big_s",
      "tm": [
        [1.0,0.0,-3.01992e-07],
        [0.0,1.0,0.0],
        [3.01992e-07,0.0,1.0],
        [-89.5574,-2.95346e-14,-103.386]
      ]
    }
  },
  {
    "node": {
      "name": "watch_tower_sandbag_s",
      "tm": [
        [0.258819,0.0,0.965926],
        [0.0,1.0,0.0],
        [-0.965926,0.0,0.258819],
        [-173.679,-1.08337e-14,-328.838]
      ]
    }
  },
  {
    "node": {
      "name": "#pillbox_wood_roof_s",
      "tm": [
        [1.0,0.0,-3.01992e-07],
        [0.0,1.0,0.0],
        [3.01992e-07,0.0,1.0],
        [-312.892,-1.98796e-15,-253.929]
      ]
    }
  },
  {
    "node": {
      "name": "watch_tower_sandbag_s",
      "tm": [
        [0.965926,0.0,-0.258819],
        [0.0,1.0,0.0],
        [0.258819,0.0,0.965926],
        [-344.677,-2.61967e-14,-12.7948]
      ]
    }
  },
  {
    "node": {
      "name": "#pillbox_wood_roof_s",
      "tm": [
        [1.39071e-07,0.0,1.0],
        [0.0,1.0,0.0],
        [-1.0,0.0,1.39071e-07],
        [153.135,-1.0732e-13,238.1]
      ]
    }
  },
  {
    "node": {
      "name": "#kpp_house_s",
      "tm": [
        [6.15908e-07,0.0,1.0],
        [0.0,1.0,0.0],
        [-1.0,0.0,6.15908e-07],
        [-142.899,-1.13795e-14,-331.328]
      ]
    }
  },
  {
    "node": {
      "name": "#sandbagpit_wood_flow_s",
      "tm": [
        [-1.62921e-07,0.0,-1.0],
        [0.0,1.0,0.0],
        [1.0,0.0,-1.62921e-07],
        [87.0437,-1.1093e-14,-188.548]
      ]
    }
  },
  {
    "node": {
      "name": "#barracks3_s",
      "tm": [
        [-1.0,0.0,1.50996e-07],
        [0.0,1.0,0.0],
        [-1.50996e-07,0.0,-1.0],
        [194.545,-8.13553e-14,91.4574]
      ]
    }
  },
  {
    "node": {
      "name": "#barracks2_s",
      "tm": [
        [-1.62921e-07,0.0,-1.0],
        [0.0,1.0,0.0],
        [1.0,0.0,-1.62921e-07],
        [188.689,-8.13553e-14,100.61]
      ]
    }
  },
  {
    "node": {
      "name": "#barracks1_s",
      "tm": [
        [1.0,0.0,-3.01992e-07],
        [0.0,1.0,0.0],
        [3.01992e-07,0.0,1.0],
        [206.769,-7.18664e-14,34.9275]
      ]
    }
  },
  {
    "node": {
      "name": "#army_tent1_s",
      "tm": [
        [-0.996195,0.0,-0.0871556],
        [0.0,1.0,0.0],
        [0.0871556,0.0,-0.996195],
        [-89.428,-2.95346e-14,-93.1628]
      ]
    }
  },
  {
    "node": {
      "name": "#barracks4_s",
      "tm": [
        [-1.0,0.0,1.50996e-07],
        [0.0,1.0,0.0],
        [-1.50996e-07,0.0,-1.0],
        [-106.691,-5.24335e-14,-45.2529]
      ]
    }
  },
  {
    "node": {
      "name": "#barrels_tent_s",
      "tm": [
        [-0.939693,0.0,-0.34202],
        [0.0,1.0,0.0],
        [0.34202,0.0,-0.939693],
        [163.559,-8.13553e-14,67.8448]
      ]
    }
  },
  {
    "node": {
      "name": "#barracks1_s",
      "tm": [
        [1.0,0.0,-3.01992e-07],
        [0.0,1.0,0.0],
        [3.01992e-07,0.0,1.0],
        [159.775,-1.0732e-13,224.544]
      ]
    }
  },
  {
    "node": {
      "name": "#camouflage_roof_point_s",
      "tm": [
        [-1.0,0.0,1.50996e-07],
        [0.0,1.0,0.0],
        [-1.50996e-07,0.0,-1.0],
        [-251.197,-9.19195e-15,-231.095]
      ]
    }
  },
  {
    "node": {
      "name": "#barrels_red_s",
      "tm": [
        [-1.0,0.0,1.50996e-07],
        [0.0,1.0,0.0],
        [-1.50996e-07,0.0,-1.0],
        [-219.497,-9.19195e-15,-173.529]
      ]
    }
  },
  {
    "node": {
      "name": "#camouflage_roof_point_s",
      "tm": [
        [1.0,0.0,-3.01992e-07],
        [0.0,1.0,0.0],
        [3.01992e-07,0.0,1.0],
        [-114.05,3.74804e-14,-332.824]
      ]
    }
  },
  {
    "node": {
      "name": "#caissons2_s",
      "tm": [
        [-1.0,0.0,1.50996e-07],
        [0.0,1.0,0.0],
        [-1.50996e-07,0.0,-1.0],
        [-106.423,-2.95346e-14,-124.771]
      ]
    }
  },
  {
    "node": {
      "name": "#army_tent1_s",
      "tm": [
        [0.34202,0.0,-0.939693],
        [0.0,1.0,0.0],
        [0.939693,0.0,0.34202],
        [-98.7886,-2.95346e-14,-95.0182]
      ]
    }
  },
  {
    "node": {
      "name": "#army_tent1_s",
      "tm": [
        [0.984808,0.0,0.173648],
        [0.0,1.0,0.0],
        [-0.173648,0.0,0.984808],
        [-85.9238,-2.95346e-14,-116.267]
      ]
    }
  },
  {
    "node": {
      "name": "#army_tent1_s",
      "tm": [
        [-0.0871562,0.0,-0.996195],
        [0.0,1.0,0.0],
        [0.996195,0.0,-0.0871562],
        [-94.5987,-2.95346e-14,-118.361]
      ]
    }
  },
  {
    "node": {
      "name": "#barrels_red_s",
      "tm": [
        [-1.0,0.0,1.50996e-07],
        [0.0,1.0,0.0],
        [-1.50996e-07,0.0,-1.0],
        [187.234,-7.18664e-14,38.6751]
      ]
    }
  },
  {
    "node": {
      "name": "#caissons1_s",
      "tm": [
        [0.939693,0.0,-0.34202],
        [0.0,1.0,0.0],
        [0.34202,0.0,0.939693],
        [-113.189,-5.24335e-14,-58.0427]
      ]
    }
  },
  {
    "node": {
      "name": "#camouflage_roof_point_s",
      "tm": [
        [-1.0,0.0,1.50996e-07],
        [0.0,1.0,0.0],
        [-1.50996e-07,0.0,-1.0],
        [-314.477,-1.54455e-14,-162.994]
      ]
    }
  },
  {
    "node": {
      "name": "watch_tower_sandbag_s",
      "tm": [
        [0.906308,0.0,0.422619],
        [0.0,1.0,0.0],
        [-0.422619,0.0,0.906308],
        [-351.869,-1.07872e-14,-283.105]
      ]
    }
  },
  {
    "node": {
      "name": "watch_tower_sandbag_s",
      "tm": [
        [0.939693,0.0,-0.34202],
        [0.0,1.0,0.0],
        [0.34202,0.0,0.939693],
        [-345.173,-8.43107e-14,263.883]
      ]
    }
  },
  {
    "node": {
      "name": "#barrels_tent_s",
      "tm": [
        [-0.866026,0.0,-0.5],
        [0.0,1.0,0.0],
        [0.5,0.0,-0.866026],
        [-34.6028,-1.62814e-14,-187.981]
      ]
    }
  },
  {
    "node": {
      "name": "#caissons2_s",
      "tm": [
        [-1.0,0.0,1.50996e-07],
        [0.0,1.0,0.0],
        [-1.50996e-07,0.0,-1.0],
        [174.94,-1.0732e-13,230.894]
      ]
    }
  },
  {
    "node": {
      "name": "#barrels_blue_s",
      "tm": [
        [-1.0,0.0,1.50996e-07],
        [0.0,1.0,0.0],
        [-1.50996e-07,0.0,-1.0],
        [213.601,-8.13553e-14,114.776]
      ]
    }
  },
  {
    "node": {
      "name": "#army_tent1_s",
      "tm": [
        [-0.173648,0.0,-0.984808],
        [0.0,1.0,0.0],
        [0.984808,0.0,-0.173648],
        [-102.97,-2.95346e-14,-103.281]
      ]
    }
  },
  {
    "node": {
      "name": "#army_tent1_s",
      "tm": [
        [-0.707107,0.0,0.707107],
        [0.0,1.0,0.0],
        [-0.707107,0.0,-0.707107],
        [-100.906,-2.95346e-14,-112.212]
      ]
    }
  },
  {
    "node": {
      "name": "#army_tent1_s",
      "tm": [
        [1.19249e-08,0.0,-1.0],
        [0.0,1.0,0.0],
        [1.0,0.0,1.19249e-08],
        [-95.1155,-2.95346e-14,-85.7085]
      ]
    }
  },
  {
    "node": {
      "name": "#mortar_pit_s",
      "tm": [
        [-0.0871557,0.0,-0.996195],
        [0.0,1.0,0.0],
        [0.996195,0.0,-0.0871557],
        [-215.562,-2.6431e-15,-284.009]
      ]
    }
  },
  {
    "node": {
      "name": "#mortar_pit_sandbag_s",
      "tm": [
        [-0.0871557,0.0,-0.996195],
        [0.0,1.0,0.0],
        [0.996195,0.0,-0.0871557],
        [-258.556,-2.19709e-14,-192.735]
      ]
    }
  },
  {
    "node": {
      "name": "#army_tent3_s",
      "tm": [
        [-1.0,0.0,1.50996e-07],
        [0.0,1.0,0.0],
        [-1.50996e-07,0.0,-1.0],
        [-94.3873,-2.9059e-14,-129.584]
      ]
    }
  },
  {
    "node": {
      "name": "#army_tent3_s",
      "tm": [
        [-1.0,0.0,1.50996e-07],
        [0.0,1.0,0.0],
        [-1.50996e-07,0.0,-1.0],
        [-68.4554,-2.83797e-14,-122.643]
      ]
    }
  },
  {
    "node": {
      "name": "#barrels_blue_s",
      "tm": [
        [-1.0,0.0,1.50996e-07],
        [0.0,1.0,0.0],
        [-1.50996e-07,0.0,-1.0],
        [-103.949,-5.48017e-14,-24.0937]
      ]
    }
  },
  {
    "node": {
      "name": "#caissons2_s",
      "tm": [
        [-1.0,0.0,1.50996e-07],
        [0.0,1.0,0.0],
        [-1.50996e-07,0.0,-1.0],
        [-197.037,-9.19195e-15,-224.936]
      ]
    }
  },
  {
    "node": {
      "name": "#caissons1_s",
      "tm": [
        [-1.0,0.0,1.50996e-07],
        [0.0,1.0,0.0],
        [-1.50996e-07,0.0,-1.0],
        [-81.9202,-2.95346e-14,-125.512]
      ]
    }
  },
  {
    "node": {
      "name": "#caissons2_s",
      "tm": [
        [-0.819152,0.0,-0.573576],
        [0.0,1.0,0.0],
        [0.573576,0.0,-0.819152],
        [204.288,-2.1356e-14,-259.308]
      ]
    }
  },
  {
    "node": {
      "name": "#entrenchment1_traverse_d",
      "tm": [
        [0.0871558,0.0,0.996195],
        [0.0,1.0,0.0],
        [-0.996195,0.0,0.0871558],
        [-209.063,-1.09213e-14,-319.026]
      ]
    }
  },
  {
    "node": {
      "name": "#entrenchment1_traverse_d",
      "tm": [
        [-0.5,0.0,-0.866025],
        [0.0,1.0,0.0],
        [0.866025,0.0,-0.5],
        [-252.009,-1.05222e-14,-304.974]
      ]
    }
  },
  {
    "node": {
      "name": "#entrenchment1_traverse_d",
      "tm": [
        [0.0871558,0.0,0.996195],
        [0.0,1.0,0.0],
        [-0.996195,0.0,0.0871558],
        [-293.908,-1.01123e-14,-293.144]
      ]
    }
  },
  {
    "node": {
      "name": "#army_tent1_s",
      "tm": [
        [-0.965926,0.0,0.258819],
        [0.0,1.0,0.0],
        [-0.258819,0.0,-0.965926],
        [-75.7395,-2.95346e-14,-109.601]
      ]
    }
  },
  {
    "node": {
      "name": "#entrenchment1_traverse_d",
      "tm": [
        [1.0,0.0,-3.01992e-07],
        [0.0,1.0,0.0],
        [3.01992e-07,0.0,1.0],
        [-352.346,-1.07251e-14,-245.716]
      ]
    }
  },
  {
    "node": {
      "name": "#barracks1_s",
      "tm": [
        [1.39071e-07,0.0,1.0],
        [0.0,1.0,0.0],
        [-1.0,0.0,1.39071e-07],
        [-120.957,-5.43587e-14,-20.9725]
      ]
    }
  },
  {
    "node": {
      "name": "#barracks2_s",
      "tm": [
        [-1.0,0.0,3.25841e-07],
        [0.0,1.0,0.0],
        [-3.25841e-07,0.0,-1.0],
        [-80.9403,-5.37716e-14,-33.4429]
      ]
    }
  },
  {
    "node": {
      "name": "#army_tent3_s",
      "tm": [
        [-0.766045,0.0,-0.642787],
        [0.0,1.0,0.0],
        [0.642787,0.0,-0.766045],
        [-80.473,-2.95346e-14,-91.9044]
      ]
    }
  },
  {
    "node": {
      "name": "#tank_barbwire2_corner",
      "tm": [
        [-0.939693,0.0,0.34202],
        [0.0,1.0,0.0],
        [-0.34202,0.0,-0.939693],
        [-161.804,-1.04047e-14,-346.43]
      ]
    }
  },
  {
    "node": {
      "name": "#tank_barbwire2",
      "tm": [
        [-0.258819,0.0,-0.965926],
        [0.0,1.0,0.0],
        [0.965926,0.0,-0.258819],
        [-331.502,-0.0507039,-307.728]
      ]
    }
  },
  {
    "node": {
      "name": "#tank_barbwire2",
      "tm": [
        [-0.422619,0.0,-0.906308],
        [0.0,1.0,0.0],
        [0.906308,0.0,-0.422619],
        [-298.998,-0.0507039,-320.047]
      ]
    }
  },
  {
    "node": {
      "name": "#tank_barbwire2",
      "tm": [
        [-0.0871562,0.0,-0.996195],
        [0.0,1.0,0.0],
        [0.996195,0.0,-0.0871562],
        [-263.79,-0.0507039,-329.253]
      ]
    }
  },
  {
    "node": {
      "name": "#tank_barbwire2",
      "tm": [
        [-0.342021,0.0,-0.939692],
        [0.0,1.0,0.0],
        [0.939692,0.0,-0.342021],
        [-229.815,-0.0507039,-336.548]
      ]
    }
  },
  {
    "node": {
      "name": "#tank_barbwire2",
      "tm": [
        [-0.173649,0.0,-0.984808],
        [0.0,1.0,0.0],
        [0.984808,0.0,-0.173649],
        [-196.957,-0.0507039,-345.732]
      ]
    }
  },
  {
    "node": {
      "name": "#tank_barbwire2_corner",
      "tm": [
        [0.173648,0.0,0.984808],
        [0.0,1.0,0.0],
        [-0.984808,0.0,0.173648],
        [-360.698,-1.05094e-14,-292.496]
      ]
    }
  },
  {
    "node": {
      "name": "#tank_barbwire2",
      "tm": [
        [0.996195,0.0,0.0871554],
        [0.0,1.0,0.0],
        [-0.0871554,0.0,0.996195],
        [-368.343,-0.0507039,-224.138]
      ]
    }
  },
  {
    "node": {
      "name": "#tank_barbwire2",
      "tm": [
        [0.965926,0.0,0.258819],
        [0.0,1.0,0.0],
        [-0.258819,0.0,0.965926],
        [-374.79,-0.0507039,-190.678]
      ]
    }
  },
  {
    "node": {
      "name": "#army_tent1_s",
      "tm": [
        [-0.707107,0.0,-0.707107],
        [0.0,1.0,0.0],
        [0.707107,0.0,-0.707107],
        [-17.6683,-9.19195e-15,-90.4296]
      ]
    }
  },
  {
    "node": {
      "name": "#army_tent1_s",
      "tm": [
        [-0.707107,0.0,-0.707107],
        [0.0,1.0,0.0],
        [0.707107,0.0,-0.707107],
        [39.0824,-9.19195e-15,-90.4296]
      ]
    }
  },
  {
    "node": {
      "name": "#army_tent1_s",
      "tm": [
        [-0.422618,0.0,0.906308],
        [0.0,1.0,0.0],
        [-0.906308,0.0,-0.422618],
        [57.9993,-9.19195e-15,-90.4296]
      ]
    }
  },
  {
    "node": {
      "name": "#army_tent1_s",
      "tm": [
        [-0.707107,0.0,-0.707107],
        [0.0,1.0,0.0],
        [0.707107,0.0,-0.707107],
        [76.9162,-9.19195e-15,-90.4296]
      ]
    }
  },
  {
    "node": {
      "name": "#army_tent1_s",
      "tm": [
        [0.258819,0.0,0.965926],
        [0.0,1.0,0.0],
        [-0.965926,0.0,0.258819],
        [97.1954,-9.19195e-15,-90.4296]
      ]
    }
  },
  {
    "node": {
      "name": "#army_tent1_s",
      "tm": [
        [-0.707107,0.0,-0.707107],
        [0.0,1.0,0.0],
        [0.707107,0.0,-0.707107],
        [1.24861,-9.19195e-15,-113.136]
      ]
    }
  },
  {
    "node": {
      "name": "#army_tent1_s",
      "tm": [
        [-0.258819,0.0,-0.965926],
        [0.0,1.0,0.0],
        [0.965926,0.0,-0.258819],
        [20.1655,-9.19195e-15,-113.136]
      ]
    }
  },
  {
    "node": {
      "name": "#army_tent1_s",
      "tm": [
        [0.642788,0.0,-0.766044],
        [0.0,1.0,0.0],
        [0.766044,0.0,0.642788],
        [39.0824,-9.19195e-15,-113.136]
      ]
    }
  },
  {
    "node": {
      "name": "#army_tent1_s",
      "tm": [
        [0.939693,0.0,-0.34202],
        [0.0,1.0,0.0],
        [0.34202,0.0,0.939693],
        [57.9993,-9.19195e-15,-113.136]
      ]
    }
  },
  {
    "node": {
      "name": "#army_tent1_s",
      "tm": [
        [-0.707107,0.0,-0.707107],
        [0.0,1.0,0.0],
        [0.707107,0.0,-0.707107],
        [76.9162,-9.19195e-15,-113.136]
      ]
    }
  },
  {
    "node": {
      "name": "#army_tent1_s",
      "tm": [
        [-0.707107,0.0,0.707107],
        [0.0,1.0,0.0],
        [-0.707107,0.0,-0.707107],
        [97.1954,-9.19195e-15,-113.136]
      ]
    }
  },
  {
    "node": {
      "name": "#army_tent1_s",
      "tm": [
        [0.766044,0.0,-0.642788],
        [0.0,1.0,0.0],
        [0.642788,0.0,0.766044],
        [-17.6683,-9.19195e-15,-113.136]
      ]
    }
  },
  {
    "node": {
      "name": "#army_tent1_s",
      "tm": [
        [0.34202,0.0,-0.939693],
        [0.0,1.0,0.0],
        [0.939693,0.0,0.34202],
        [1.24861,-9.19195e-15,-135.842]
      ]
    }
  },
  {
    "node": {
      "name": "#army_tent1_s",
      "tm": [
        [-0.819152,0.0,0.573576],
        [0.0,1.0,0.0],
        [-0.573576,0.0,-0.819152],
        [20.1655,-9.19195e-15,-135.842]
      ]
    }
  },
  {
    "node": {
      "name": "#army_tent1_s",
      "tm": [
        [-0.707107,0.0,-0.707107],
        [0.0,1.0,0.0],
        [0.707107,0.0,-0.707107],
        [39.0824,-9.19195e-15,-135.842]
      ]
    }
  },
  {
    "node": {
      "name": "#army_tent1_s",
      "tm": [
        [-0.707107,0.0,-0.707107],
        [0.0,1.0,0.0],
        [0.707107,0.0,-0.707107],
        [-17.6683,-9.19195e-15,-135.842]
      ]
    }
  },
  {
    "node": {
      "name": "#army_tent1_s",
      "tm": [
        [-0.707107,0.0,-0.707107],
        [0.0,1.0,0.0],
        [0.707107,0.0,-0.707107],
        [1.24861,-9.19195e-15,-158.547]
      ]
    }
  },
  {
    "node": {
      "name": "#army_tent1_s",
      "tm": [
        [0.866025,0.0,-0.5],
        [0.0,1.0,0.0],
        [0.5,0.0,0.866025],
        [39.0824,-9.19195e-15,-158.547]
      ]
    }
  },
  {
    "node": {
      "name": "#army_tent1_s",
      "tm": [
        [-0.707107,0.0,-0.707107],
        [0.0,1.0,0.0],
        [0.707107,0.0,-0.707107],
        [57.9993,-9.19195e-15,-158.547]
      ]
    }
  },
  {
    "node": {
      "name": "#army_tent1_s",
      "tm": [
        [-0.34202,0.0,0.939693],
        [0.0,1.0,0.0],
        [-0.939693,0.0,-0.34202],
        [76.9162,-9.19195e-15,-158.547]
      ]
    }
  },
  {
    "node": {
      "name": "#army_tent1_s",
      "tm": [
        [0.819152,0.0,-0.573577],
        [0.0,1.0,0.0],
        [0.573577,0.0,0.819152],
        [-17.6683,-9.19195e-15,-158.547]
      ]
    }
  },
  {
    "node": {
      "name": "#army_tent3_s",
      "tm": [
        [-0.422618,0.0,0.906308],
        [0.0,1.0,0.0],
        [-0.906308,0.0,-0.422618],
        [107.938,2.09997e-14,-227.863]
      ]
    }
  },
  {
    "node": {
      "name": "#army_tent3_s",
      "tm": [
        [-0.422618,0.0,0.906308],
        [0.0,1.0,0.0],
        [-0.906308,0.0,-0.422618],
        [124.246,2.09997e-14,-227.863]
      ]
    }
  },
  {
    "node": {
      "name": "#army_tent3_s",
      "tm": [
        [-0.422618,0.0,0.906308],
        [0.0,1.0,0.0],
        [-0.906308,0.0,-0.422618],
        [140.554,2.09997e-14,-227.863]
      ]
    }
  },
  {
    "node": {
      "name": "#army_tent3_s",
      "tm": [
        [-0.422618,0.0,0.906308],
        [0.0,1.0,0.0],
        [-0.906308,0.0,-0.422618],
        [156.862,2.09997e-14,-227.863]
      ]
    }
  },
  {
    "node": {
      "name": "#army_tent3_s",
      "tm": [
        [-0.422618,0.0,0.906308],
        [0.0,1.0,0.0],
        [-0.906308,0.0,-0.422618],
        [173.17,2.09997e-14,-227.863]
      ]
    }
  },
  {
    "node": {
      "name": "#army_tent3_s",
      "tm": [
        [-0.422618,0.0,0.906308],
        [0.0,1.0,0.0],
        [-0.906308,0.0,-0.422618],
        [189.478,2.09997e-14,-227.863]
      ]
    }
  },
  {
    "node": {
