{
  "className": "composit",
  "node": [
    {
      "type": "rendInst",
      "name": "$hangar_field_willys_mb",
      "tm": [
        [
          0.323091,
          0.0,
          -0.985172
        ],
        [
          0.0,
          1.0368,
          0.0
        ],
        [
          0.985172,
          0.0,
          0.323091
        ],
        [
          0.0,
          0.0,
          0.0
        ]
      ],
      "toGround": false
    },
    {
      "type": "rendInst",
      "name": "$hangar_field_dodge_m37",
      "tm": [
        [
          -1.0345,
          0.0,
          0.0689244
        ],
        [
          0.0,
          1.0368,
          0.0
        ],
        [
          -0.0689244,
          0.0,
          -1.0345
        ],
        [
          -0.1539,
          0.0,
          -8.41699
        ]
      ],
      "toGround": false
    },
    {
      "type": "rendInst",
      "name": "$hangar_field_m35",
      "tm": [
        [
          -0.275904,
          0.0,
          0.961185
        ],
        [
          0.0,
          1.0,
          0.0
        ],
        [
          -0.961185,
          0.0,
          -0.275904
        ],
        [
          -70.2773,
          -0.00362015,
          -0.907959
        ]
      ],
      "toGround": false
    },
    {
      "type": "rendInst",
      "name": "$hangar_field_concrete_block",
      "tm": [
        [
          -1.0,
          0.0,
          0.000571322
        ],
        [
          0.0,
          1.0,
          0.0
        ],
        [
          -0.000571322,
          0.0,
          -1.0
        ],
        [
          -62.6294,
          -0.00362015,
          4.4
        ]
      ],
      "toGround": false
    },
    {
      "type": "rendInst",
      "name": "$military_generator_a",
      "tm": [
        [
          -0.382684,
          0.0,
          -0.923879
        ],
        [
          0.0,
          1.0,
          0.0
        ],
        [
          0.923879,
          0.0,
          -0.382684
        ],
        [
          -70.4944,
          -0.00362015,
          -24.751
        ]
      ],
      "toGround": false
    },
    {
      "type": "rendInst",
      "name": "$hangar_field_barrel_pile_b",
      "tm": [
        [
          -0.956361,
          0.0,
          -0.292185
        ],
        [
          0.0,
          1.0,
          0.0
        ],
        [
          0.292185,
          0.0,
          -0.956361
        ],
        [
          -70.2123,
          1.35684,
          -1.125
        ]
      ],
      "toGround": false
    },
    {
      "type": "rendInst",
      "name": "$hangar_field_toolbox_a",
      "tm": [
        [
          -0.651988,
          0.0,
          0.75823
        ],
        [
          0.0,
          1.0,
          0.0
        ],
        [
          -0.75823,
          0.0,
          -0.651988
        ],
        [
          -68.6559,
          -0.00362015,
          0.085022
        ]
      ],
      "toGround": false
    },
    {
      "type": "rendInst",
      "name": "$hangar_field_dodge_m37",
      "tm": [
        [
          -1.0345,
          0.0,
          0.0689244
        ],
        [
          0.0,
          1.0368,
          0.0
        ],
        [
          -0.0689244,
          0.0,
          -1.0345
        ],
        [
          -66.0403,
          -0.00362015,
          -25.74
        ]
      ],
      "toGround": false
    },
    {
      "type": "rendInst",
      "name": "$hangar_field_conex_box_a",
      "tm": [
        [
          0.9171,
          0.0,
          0.483614
        ],
        [
          0.0,
          1.0368,
          0.0
        ],
        [
          -0.483614,
          0.0,
          0.9171
        ],
        [
          -57.1068,
          1.45874,
          -36.463
        ]
      ],
      "toGround": false
    },
    {
      "type": "rendInst",
      "name": "$hangar_light_generator",
      "tm": [
        [
          -0.99415,
          0.0,
          0.108014
        ],
        [
          0.0,
          1.0,
          0.0
        ],
        [
          -0.108014,
          0.0,
          -0.99415
        ],
        [
          -61.6039,
          -0.00362015,
          -14.2419
        ]
      ],
      "toGround": false
    },
    {
      "type": "rendInst",
      "name": "$hangar_field_semitrailer_platform_a",
      "tm": [
        [
          0.48027,
          0.0,
          -0.877114
        ],
        [
          0.0,
          1.0,
          0.0
        ],
        [
          0.877114,
          0.0,
          0.48027
        ],
        [
          -59.349,
          -0.00362015,
          -37.6714
        ]
      ],
      "toGround": false
    },
    {
      "type": "rendInst",
      "name": "$hangar_field_volvo_f89",
      "tm": [
        [
          0.48027,
          0.0,
          -0.877114
        ],
        [
          0.0,
          1.0,
          0.0
        ],
        [
          0.877114,
          0.0,
          0.48027
        ],
        [
          -54.5252,
          -0.00362015,
          -34.993
        ]
      ],
      "toGround": false
    }
  ]
}