{
  "className": "composit",
  "node": [
    {
      "type": "rendInst",
      "name": "%hangar_field_oil_barrel_a",
      "tm": [
        [
          1.0,
          0.0,
          0.0
        ],
        [
          0.0,
          1.0,
          0.0
        ],
        [
          0.0,
          0.0,
          1.0
        ],
        [
          0.0,
          0.0,
          0.0
        ]
      ],
      "toGround": false
    },
    {
      "type": "rendInst",
      "name": "%hangar_field_oil_barrel_a",
      "tm": [
        [
          0.161304,
          0.0,
          0.986905
        ],
        [
          0.0,
          1.0,
          0.0
        ],
        [
          -0.986905,
          0.0,
          0.161304
        ],
        [
          -0.581543,
          0.0,
          -0.930664
        ]
      ],
      "toGround": false
    },
    {
      "type": "rendInst",
      "name": "%hangar_field_oil_barrel_a",
      "tm": [
        [
          0.237872,
          -0.831026,
          -0.502804
        ],
        [
          -0.903946,
          7.54979e-8,
          -0.427648
        ],
        [
          0.355387,
          0.556233,
          -0.751203
        ],
        [
          -0.981201,
          0.281876,
          -1.85352
        ]
      ],
      "toGround": false
    },
    {
      "type": "rendInst",
      "name": "%hangar_field_oil_barrel_a",
      "tm": [
        [
          -0.977639,
          0.0,
          -0.210289
        ],
        [
          0.0,
          1.0,
          0.0
        ],
        [
          0.210289,
          0.0,
          -0.977639
        ],
        [
          -0.57404,
          0.0,
          0.153149
        ]
      ],
      "toGround": false
    },
    {
      "type": "rendInst",
      "name": "%hangar_field_oil_barrel_a",
      "tm": [
        [
          -0.805118,
          0.184315,
          0.563749
        ],
        [
          -0.573576,
          7.54979e-8,
          -0.819152
        ],
        [
          -0.150982,
          -0.982867,
          0.105719
        ],
        [
          -1.15845,
          0.281876,
          0.327637
        ]
      ],
      "toGround": false
    },
    {
      "type": "rendInst",
      "name": "%hangar_field_oil_barrel_a",
      "tm": [
        [
          7.54979e-8,
          1.0,
          0.0
        ],
        [
          -1.0,
          7.54979e-8,
          0.0
        ],
        [
          0.0,
          0.0,
          1.0
        ],
        [
          0.414171,
          0.281876,
          0.693197
        ]
      ],
      "toGround": false
    },
    {
      "type": "rendInst",
      "name": "%hangar_field_oil_barrel_a",
      "tm": [
        [
          0.962421,
          -0.26878,
          0.0387583
        ],
        [
          -0.040239,
          7.54979e-8,
          0.99919
        ],
        [
          -0.268563,
          -0.963201,
          -0.0108154
        ],
        [
          -0.202672,
          0.281876,
          1.24252
        ]
      ],
      "toGround": false
    },
    {
      "type": "rendInst",
      "name": "%hangar_field_oil_barrel_a",
      "tm": [
        [
          0.990553,
          0.0,
          0.137131
        ],
        [
          0.0,
          1.0,
          0.0
        ],
        [
          -0.137131,
          0.0,
          0.990553
        ],
        [
          -1.17944,
          0.0,
          1.99512
        ]
      ],
      "toGround": false
    }
  ]
}