{
  "className": "composit",
  "node": [
    {
      "name": "$%bomb_cart_f",
      "tm": [
        [
          -0.892698,
          0.0,
          0.450656
        ],
        [
          0.0,
          1.0,
          0.0
        ],
        [
          -0.450656,
          0.0,
          -0.892698
        ],
        [
          -29.8376,
          -0.0503006,
          -22.8962
        ]
      ]
    },
    {
      "name": "$%bomb_cart_d_short",
      "tm": [
        [
          -0.972252,
          0.0,
          0.233934
        ],
        [
          0.0,
          1.0,
          0.0
        ],
        [
          -0.233934,
          0.0,
          -0.972252
        ],
        [
          -29.0837,
          -0.0502999,
          -20.4941
        ]
      ]
    },
    {
      "name": "$%su_r_3r_rocket",
      "tm": [
        [
          0.954815,
          0.0,
          0.297201
        ],
        [
          0.0,
          1.0,
          0.0
        ],
        [
          -0.297201,
          0.0,
          0.954815
        ],
        [
          -25.5929,
          0.591747,
          -16.2942
        ]
      ]
    },
    {
      "name": "$%su_r_3s_rocket",
      "tm": [
        [
          0.914468,
          0.0,
          0.404661
        ],
        [
          0.0,
          1.0,
          0.0
        ],
        [
          -0.404661,
          0.0,
          0.914468
        ],
        [
          -26.1679,
          0.335697,
          -14.7895
        ]
      ]
    },
    {
      "name": "$%su_r_13m1_rocket",
      "tm": [
        [
          0.841974,
          0.0,
          0.539519
        ],
        [
          0.0,
          1.0,
          0.0
        ],
        [
          -0.539519,
          0.0,
          0.841974
        ],
        [
          -26.9368,
          0.335696,
          -13.2578
        ]
      ]
    },
    {
      "name": "$%su_r_60_rocket",
      "tm": [
        [
          0.786501,
          0.0,
          0.61759
        ],
        [
          0.0,
          1.0,
          0.0
        ],
        [
          -0.61759,
          0.0,
          0.786501
        ],
        [
          -28.338,
          0.339282,
          -12.3251
        ]
      ]
    },
    {
      "name": "$%su_r_3r_rocket",
      "tm": [
        [
          0.964114,
          0.0,
          -0.26549
        ],
        [
          0.0,
          1.0,
          0.0
        ],
        [
          0.26549,
          0.0,
          0.964114
        ],
        [
          -25.5137,
          0.596769,
          -21.6432
        ]
      ]
    },
    {
      "name": "$%su_r_3s_rocket",
      "tm": [
        [
          0.933344,
          0.0,
          -0.358981
        ],
        [
          0.0,
          1.0,
          0.0
        ],
        [
          0.358981,
          0.0,
          0.933344
        ],
        [
          -26.0053,
          0.335184,
          -23.2397
        ]
      ]
    },
    {
      "name": "$%su_r_13m1_rocket",
      "tm": [
        [
          0.869253,
          0.0,
          -0.494368
        ],
        [
          0.0,
          1.0,
          0.0
        ],
        [
          0.494368,
          0.0,
          0.869253
        ],
        [
          -26.7004,
          0.335184,
          -24.7891
        ]
      ]
    },
    {
      "name": "$%su_r_60_rocket",
      "tm": [
        [
          0.74779,
          0.0,
          -0.663935
        ],
        [
          0.0,
          1.0,
          0.0
        ],
        [
          0.663935,
          0.0,
          0.74779
        ],
        [
          -27.9917,
          0.335184,
          -25.7616
        ]
      ]
    },
    {
      "name": "$%su_ofab_100_120",
      "tm": [
        [
          0.902455,
          0.0,
          0.430784
        ],
        [
          0.0,
          1.0,
          0.0
        ],
        [
          -0.430784,
          0.0,
          0.902455
        ],
        [
          -29.9515,
          0.523994,
          -14.8957
        ]
      ]
    },
    {
      "name": "$%su_fab_500sv",
      "tm": [
        [
          0.968334,
          0.0,
          0.249658
        ],
        [
          0.0,
          1.0,
          0.0
        ],
        [
          -0.249658,
          0.0,
          0.968334
        ],
        [
          -29.212,
          1.1179,
          -17.2836
        ]
      ]
    },
    {
      "name": "$%su_r_24r_rocket",
      "tm": [
        [
          0.998645,
          0.0,
          0.052032
        ],
        [
          0.0,
          1.0,
          0.0
        ],
        [
          -0.052032,
          0.0,
          0.998645
        ],
        [
          -25.0267,
          0.738043,
          -17.9706
        ]
      ]
    },
    {
      "name": "$%su_r_24r_rocket",
      "tm": [
        [
          0.998455,
          0.0,
          -0.0555546
        ],
        [
          0.0,
          1.0,
          0.0
        ],
        [
          0.0555546,
          0.0,
          0.998455
        ],
        [
          -25.0288,
          0.739154,
          -19.8688
        ]
      ]
    },
    {
      "name": "$%su_fab_500sv",
      "tm": [
        [
          0.968734,
          0.0,
          -0.248102
        ],
        [
          0.0,
          1.0,
          0.0
        ],
        [
          0.248102,
          0.0,
          0.968734
        ],
        [
          -29.2288,
          1.08603,
          -20.4532
        ]
      ]
    },
    {
      "name": "$%su_ofab_100_120",
      "tm": [
        [
          0.877689,
          0.0,
          -0.479231
        ],
        [
          0.0,
          1.0,
          0.0
        ],
        [
          0.479231,
          0.0,
          0.877689
        ],
        [
          -29.8209,
          0.53573,
          -22.9127
        ]
      ]
    },
    {
      "name": "$%bomb_cart_f",
      "tm": [
        [
          -0.902471,
          0.0,
          -0.430751
        ],
        [
          0.0,
          1.0,
          0.0
        ],
        [
          0.430751,
          0.0,
          -0.902471
        ],
        [
          -29.9551,
          -0.0503005,
          -14.8882
        ]
      ]
    },
    {
      "name": "$%bomb_cart_f",
      "tm": [
        [
          -0.958108,
          0.0,
          -0.286407
        ],
        [
          0.0,
          2.0,
          0.0
        ],
        [
          0.286407,
          0.0,
          -0.958108
        ],
        [
          -24.3641,
          -0.0503006,
          -15.9083
        ]
      ]
    },
    {
      "name": "$%bomb_cart_f",
      "tm": [
        [
          -0.997387,
          0.0,
          -0.0722459
        ],
        [
          0.0,
          2.0,
          0.0
        ],
        [
          0.0722459,
          0.0,
          -0.997387
        ],
        [
          -25.7954,
          -0.0503006,
          -18.0076
        ]
      ]
    },
    {
      "name": "$%bomb_cart_f",
      "tm": [
        [
          -0.998363,
          0.0,
          0.0572071
        ],
        [
          0.0,
          2.0,
          0.0
        ],
        [
          -0.0572071,
          0.0,
          -0.998363
        ],
        [
          -25.9511,
          -0.0503001,
          -19.8141
        ]
      ]
    },
    {
      "name": "$%bomb_cart_f",
      "tm": [
        [
          -0.998363,
          0.0,
          0.0572071
        ],
        [
          0.0,
          2.0,
          0.0
        ],
        [
          -0.0572071,
          0.0,
          -0.998363
        ],
        [
          -23.1652,
          -0.0503006,
          -19.9666
        ]
      ]
    },
    {
      "name": "$%bomb_cart_f",
      "tm": [
        [
          -0.962316,
          0.0,
          0.271936
        ],
        [
          0.0,
          2.0,
          0.0
        ],
        [
          -0.271936,
          0.0,
          -0.962316
        ],
        [
          -25.7439,
          -0.0503006,
          -21.5753
        ]
      ]
    },
    {
      "name": "$%bomb_cart_f",
      "tm": [
        [
          -0.962316,
          0.0,
          0.271936
        ],
        [
          0.0,
          2.0,
          0.0
        ],
        [
          -0.271936,
          0.0,
          -0.962316
        ],
        [
          -24.23,
          -0.0503006,
          -21.9982
        ]
      ]
    },
    {
      "name": "$%bomb_cart_f",
      "tm": [
        [
          -0.999549,
          0.0,
          -0.0300237
        ],
        [
          0.0,
          2.0,
          0.0
        ],
        [
          0.0300237,
          0.0,
          -0.999549
        ],
        [
          -23.0467,
          -0.0503007,
          -17.8563
        ]
      ]
    },
    {
      "name": "$%bomb_cart_f",
      "tm": [
        [
          -0.95772,
          0.0,
          -0.287703
        ],
        [
          0.0,
          2.0,
          0.0
        ],
        [
          0.287703,
          0.0,
          -0.95772
        ],
        [
          -26.0387,
          -0.0503006,
          -16.434
        ]
      ]
    },
    {
      "name": "$%bomb_cart_d_short",
      "tm": [
        [
          -0.963763,
          0.0,
          -0.266759
        ],
        [
          0.0,
          1.0,
          0.0
        ],
        [
          0.266759,
          0.0,
          -0.963763
        ],
        [
          -29.0825,
          -0.0503002,
          -17.2786
        ]
      ]
    },
    {
      "name": "$%bomb_cart_f",
      "tm": [
        [
          0.925742,
          0.0,
          -0.378157
        ],
        [
          0.0,
          1.0,
          0.0
        ],
        [
          0.378157,
          0.0,
          0.925742
        ],
        [
          -26.5082,
          -0.0303001,
          -23.0525
        ]
      ]
    },
    {
      "name": "$%bomb_cart_f",
      "tm": [
        [
          0.925742,
          0.0,
          -0.378157
        ],
        [
          0.0,
          1.0,
          0.0
        ],
        [
          0.378157,
          0.0,
          0.925742
        ],
        [
          -25.3895,
          -0.0303001,
          -23.4792
        ]
      ]
    },
    {
      "name": "$%bomb_cart_f",
      "tm": [
        [
          0.881892,
          0.0,
          -0.471451
        ],
        [
          0.0,
          1.0,
          0.0
        ],
        [
          0.471451,
          0.0,
          0.881892
        ],
        [
          -26.9868,
          -0.0303001,
          -24.622
        ]
      ]
    },
    {
      "name": "$%bomb_cart_f",
      "tm": [
        [
          0.881892,
          0.0,
          -0.471451
        ],
        [
          0.0,
          1.0,
          0.0
        ],
        [
          0.471451,
          0.0,
          0.881892
        ],
        [
          -26.1136,
          -0.0303001,
          -25.1224
        ]
      ]
    },
    {
      "name": "$%bomb_cart_f",
      "tm": [
        [
          0.742104,
          0.0,
          -0.670285
        ],
        [
          0.0,
          1.0,
          0.0
        ],
        [
          0.670285,
          0.0,
          0.742104
        ],
        [
          -27.8843,
          -0.0303001,
          -25.8693
        ]
      ]
    },
    {
      "name": "$%bomb_cart_f",
      "tm": [
        [
          0.902633,
          0.0,
          0.430411
        ],
        [
          0.0,
          1.0,
          0.0
        ],
        [
          -0.430411,
          0.0,
          0.902633
        ],
        [
          -26.7013,
          -0.0303001,
          -15.0219
        ]
      ]
    },
    {
      "name": "$%bomb_cart_f",
      "tm": [
        [
          0.902633,
          0.0,
          0.430411
        ],
        [
          0.0,
          1.0,
          0.0
        ],
        [
          -0.430411,
          0.0,
          0.902633
        ],
        [
          -25.5632,
          -0.0303001,
          -14.5265
        ]
      ]
    },
    {
      "name": "$%bomb_cart_f",
      "tm": [
        [
          0.83592,
          0.0,
          0.548851
        ],
        [
          0.0,
          1.0,
          0.0
        ],
        [
          -0.548851,
          0.0,
          0.83592
        ],
        [
          -27.2455,
          -0.0303001,
          -13.4458
        ]
      ]
    },
    {
      "name": "$%bomb_cart_f",
      "tm": [
        [
          0.83592,
          0.0,
          0.548851
        ],
        [
          0.0,
          1.0,
          0.0
        ],
        [
          -0.548851,
          0.0,
          0.83592
        ],
        [
          -26.4025,
          -0.0303001,
          -12.922
        ]
      ]
    },
    {
      "name": "$%bomb_cart_f",
      "tm": [
        [
          0.78872,
          0.0,
          0.614753
        ],
        [
          0.0,
          1.0,
          0.0
        ],
        [
          -0.614753,
          0.0,
          0.78872
        ],
        [
          -28.2145,
          -0.0303001,
          -12.235
        ]
      ]
    }
  ]
}