{
  "classname": "composit",
  "node": [
    {
      "type": "rendInst",
      "name": "%hangar_field_box_a",
      "tm": [
        [
          0.294782,
          0.0,
          0.955565
        ],
        [
          0.0,
          1.0,
          0.0
        ],
        [
          -0.955565,
          0.0,
          0.294782
        ],
        [
          3.7452,
          -3.8147E-06,
          -10.402
        ]
      ],
      "toGround": false
    },
    {
      "type": "rendInst",
      "name": "%hangar_field_barrel_pile_a",
      "tm": [
        [
          0.529753,
          0.0,
          -0.848151
        ],
        [
          0.0,
          1.0,
          0.0
        ],
        [
          0.848151,
          0.0,
          0.529753
        ],
        [
          -44.3794,
          -0.0742416,
          -14.203
        ]
      ],
      "toGround": false
    },
    {
      "type": "rendInst",
      "name": "%hangar_field_water_tank_a",
      "tm": [
        [
          0.00441296,
          0.0,
          1.03679
        ],
        [
          0.0,
          1.0368,
          0.0
        ],
        [
          -1.03679,
          0.0,
          0.00441296
        ],
        [
          -21.8132,
          -0.074482,
          -19.563
        ]
      ],
      "toGround": false
    },
    {
      "type": "rendInst",
      "name": "%hangar_field_conex_box_a",
      "tm": [
        [
          0.268343,
          0.0,
          1.00147
        ],
        [
          0.0,
          1.0368,
          0.0
        ],
        [
          -1.00147,
          0.0,
          0.268343
        ],
        [
          -37.7945,
          -0.0742416,
          -19.98
        ]
      ],
      "toGround": false
    },
    {
      "type": "rendInst",
      "name": "%hangar_field_conex_box_a",
      "tm": [
        [
          0.268343,
          0.0,
          1.00147
        ],
        [
          0.0,
          1.0368,
          0.0
        ],
        [
          -1.00147,
          0.0,
          0.268343
        ],
        [
          -41.376,
          -0.0742416,
          -19.484
        ]
      ],
      "toGround": false
    },
    {
      "type": "rendInst",
      "name": "%hangar_field_toolbox_a",
      "tm": [
        [
          -0.871998,
          0.0,
          0.48951
        ],
        [
          0.0,
          1.0,
          0.0
        ],
        [
          -0.48951,
          0.0,
          -0.871998
        ],
        [
          -3.8051,
          -3.8147E-06,
          -11.719
        ]
      ],
      "toGround": false
    },
    {
      "type": "rendInst",
      "name": "%hangar_field_conex_box_a",
      "tm": [
        [
          0.513629,
          0.0,
          0.900633
        ],
        [
          0.0,
          1.0368,
          0.0
        ],
        [
          -0.900633,
          0.0,
          0.513629
        ],
        [
          -34.8594,
          -0.0742416,
          -22.188
        ]
      ],
      "toGround": false
    },
    {
      "type": "rendInst",
      "name": "%hangar_field_volvo_f89",
      "tm": [
        [
          0.0871239,
          0.0,
          0.996196
        ],
        [
          0.0,
          1.0,
          0.0
        ],
        [
          -0.996196,
          0.0,
          0.0871239
        ],
        [
          44.9114,
          -0.0706215,
          -23.699
        ]
      ],
      "toGround": false
    },
    {
      "type": "rendInst",
      "name": "%hangar_field_m35",
      "tm": [
        [
          -0.275904,
          0.0,
          0.961185
        ],
        [
          0.0,
          1.0,
          0.0
        ],
        [
          -0.961185,
          0.0,
          -0.275904
        ],
        [
          -39.2307,
          -0.0742416,
          22.374
        ]
      ],
      "toGround": false
    },
    {
      "type": "rendInst",
      "name": "%hangar_field_willys_mb",
      "tm": [
        [
          0.323091,
          0.0,
          -0.985172
        ],
        [
          0.0,
          1.0368,
          0.0
        ],
        [
          0.985172,
          0.0,
          0.323091
        ],
        [
          31.0466,
          -0.0706215,
          23.282
        ]
      ],
      "toGround": false
    },
    {
      "type": "rendInst",
      "name": "%hangar_field_dodge_m37",
      "tm": [
        [
          -1.0345,
          0.0,
          0.0689244
        ],
        [
          0.0,
          1.0368,
          0.0
        ],
        [
          -0.0689244,
          0.0,
          -1.0345
        ],
        [
          30.8927,
          -0.0706215,
          14.865
        ]
      ],
      "toGround": false
    },
    {
      "type": "rendInst",
      "name": "%hangar_field_m35",
      "tm": [
        [
          -1.0,
          0.0,
          0.000442666
        ],
        [
          0.0,
          1.0,
          0.0
        ],
        [
          -0.000442666,
          0.0,
          -1.0
        ],
        [
          30.5928,
          -0.0706215,
          18.933
        ]
      ],
      "toGround": false
    },
    {
      "type": "rendInst",
      "name": "%hangar_field_concrete_block",
      "tm": [
        [
          -0.939692,
          0.0,
          0.342021
        ],
        [
          0.0,
          1.0,
          0.0
        ],
        [
          -0.342021,
          0.0,
          -0.939692
        ],
        [
          48.5251,
          -0.0706215,
          38.999
        ]
      ],
      "toGround": false
    },
    {
      "type": "rendInst",
      "name": "%hangar_field_concrete_block",
      "tm": [
        [
          6.25849E-07,
          0.0,
          1.0
        ],
        [
          0.0,
          1.0,
          0.0
        ],
        [
          -1.0,
          0.0,
          6.25849E-07
        ],
        [
          50.4582,
          -0.0706215,
          35.536
        ]
      ],
      "toGround": false
    },
    {
      "type": "rendInst",
      "name": "%hangar_field_conex_box_a",
      "tm": [
        [
          1.03679,
          0.0,
          0.00550052
        ],
        [
          0.0,
          1.0368,
          0.0
        ],
        [
          -0.00550052,
          0.0,
          1.03679
        ],
        [
          -29.8688,
          -0.0742416,
          -23.897
        ]
      ],
      "toGround": false
    },
    {
      "type": "rendInst",
      "name": "%hangar_field_concrete_block",
      "tm": [
        [
          -0.900282,
          0.0,
          -0.435307
        ],
        [
          0.0,
          1.0,
          0.0
        ],
        [
          0.435307,
          0.0,
          -0.900282
        ],
        [
          20.2737,
          -0.0814819,
          34.994
        ]
      ],
      "toGround": false
    },
    {
      "type": "rendInst",
      "name": "%hangar_field_concrete_block",
      "tm": [
        [
          -0.985624,
          0.0,
          -0.168949
        ],
        [
          0.0,
          1.0,
          0.0
        ],
        [
          0.168949,
          0.0,
          -0.985624
        ],
        [
          7.7864,
          -0.0955544,
          31.779
        ]
      ],
      "toGround": false
    },
    {
      "type": "rendInst",
      "name": "%hangar_field_concrete_block",
      "tm": [
        [
          -1.0,
          0.0,
          0.000571322
        ],
        [
          0.0,
          1.0,
          0.0
        ],
        [
          -0.000571322,
          0.0,
          -1.0
        ],
        [
          -31.5828,
          -0.0742416,
          27.282
        ]
      ],
      "toGround": false
    },
    {
      "type": "rendInst",
      "name": "%hangar_field_conex_box_a",
      "tm": [
        [
          -0.33097,
          0.0,
          0.982552
        ],
        [
          0.0,
          1.0368,
          0.0
        ],
        [
          -0.982552,
          0.0,
          -0.33097
        ],
        [
          -39.2141,
          3.01752,
          -19.745
        ]
      ],
      "toGround": false
    },
    {
      "type": "rendInst",
      "name": "%hangar_field_engine",
      "tm": [
        [
          0.987144,
          0.0,
          0.159828
        ],
        [
          0.0,
          1.0,
          0.0
        ],
        [
          -0.159828,
          0.0,
          0.987144
        ],
        [
          -2.2906,
          -3.8147E-06,
          -15.356
        ]
      ],
      "toGround": false
    },
    {
      "type": "rendInst",
      "name": "%hangar_field_tracks_a",
      "tm": [
        [
          0.987144,
          0.0,
          0.159828
        ],
        [
          0.0,
          1.0,
          0.0
        ],
        [
          -0.159828,
          0.0,
          0.987144
        ],
        [
          -5.1227,
          -3.8147E-06,
          -14.521
        ]
      ],
      "toGround": false
    },
    {
      "type": "rendInst",
      "name": "%hangar_field_gas_cylinder_a",
      "tm": [
        [
          0.987144,
          0.0,
          0.159828
        ],
        [
          0.0,
          1.0,
          0.0
        ],
        [
          -0.159828,
          0.0,
          0.987144
        ],
        [
          -4.7379,
          -3.8147E-06,
          -16.595
        ]
      ],
      "toGround": false
    },
    {
      "type": "rendInst",
      "name": "%hangar_field_coil_cable_a",
      "tm": [
        [
          0.987144,
          0.0,
          0.159828
        ],
        [
          0.0,
          1.0,
          0.0
        ],
        [
          -0.159828,
          0.0,
          0.987144
        ],
        [
          -34.835,
          -0.0742416,
          13.537
        ]
      ],
      "toGround": false
    },
    {
      "type": "rendInst",
      "name": "%hangar_field_gas_cylinder_a",
      "tm": [
        [
          0.987144,
          0.0,
          0.159828
        ],
        [
          0.0,
          1.0,
          0.0
        ],
        [
          -0.159828,
          0.0,
          0.987144
        ],
        [
          -4.0249,
          -3.8147E-06,
          -16.595
        ]
      ],
      "toGround": false
    },
    {
      "type": "rendInst",
      "name": "%hangar_field_gas_cylinder_a",
      "tm": [
        [
          0.987144,
          0.0,
          0.159828
        ],
        [
          0.0,
          1.0,
          0.0
        ],
        [
          -0.159828,
          0.0,
          0.987144
        ],
        [
          -3.548,
          -3.8147E-06,
          -16.595
        ]
      ],
      "toGround": false
    },
    {
      "type": "rendInst",
      "name": "%hangar_field_water_tank_a",
      "tm": [
        [
          -1.03679,
          0.0,
          0.00441304
        ],
        [
          0.0,
          1.0368,
          0.0
        ],
        [
          -0.00441304,
          0.0,
          -1.03679
        ],
        [
          48.5255,
          -0.074482,
          35.665
        ]
      ],
      "toGround": false
    },
    {
      "type": "rendInst",
      "name": "%hangar_field_dodge_m37",
      "tm": [
        [
          1.01142,
          0.0,
          -0.227952
        ],
        [
          0.0,
          1.0368,
          0.0
        ],
        [
          0.227952,
          0.0,
          1.01142
        ],
        [
          44.385,
          -0.0706215,
          -14.796
        ]
      ],
      "toGround": false
    },
    {
      "type": "rendInst",
      "name": "%hangar_field_box_pile_a",
      "tm": [
        [
          0.999048,
          0.0,
          -0.0436193
        ],
        [
          0.0,
          1.0,
          0.0
        ],
        [
          0.0436193,
          0.0,
          0.999048
        ],
        [
          -45.3799,
          -0.0742416,
          -19.304
        ]
      ],
      "toGround": false
    },
    {
      "type": "rendInst",
      "name": "%hangar_field_box_pile_a",
      "tm": [
        [
          0.999048,
          0.0,
          -0.0436193
        ],
        [
          0.0,
          1.0,
          0.0
        ],
        [
          0.0436193,
          0.0,
          0.999048
        ],
        [
          -46.5091,
          -0.0742416,
          -16.617
        ]
      ],
      "toGround": false
    },
    {
      "type": "rendInst",
      "name": "%hangar_field_box_pile_a",
      "tm": [
        [
          0.258819,
          0.0,
          0.965926
        ],
        [
          0.0,
          1.0,
          0.0
        ],
        [
          -0.965926,
          0.0,
          0.258819
        ],
        [
          -44.3034,
          -0.0742416,
          -16.669
        ]
      ],
      "toGround": false
    },
    {
      "type": "rendInst",
      "name": "%military_generator_a",
      "tm": [
        [
          -0.382684,
          0.0,
          -0.923879
        ],
        [
          0.0,
          1.0,
          0.0
        ],
        [
          0.923879,
          0.0,
          -0.382684
        ],
        [
          -39.4478,
          -0.0742416,
          -1.46899
        ]
      ],
      "toGround": false
    },
    {
      "type": "rendInst",
      "name": "%covered_stuff_a",
      "tm": [
        [
          0.991214,
          0.0,
          0.132266
        ],
        [
          0.0,
          1.0,
          0.0
        ],
        [
          -0.132266,
          0.0,
          0.991214
        ],
        [
          -31.4351,
          -0.0742416,
          15.668
        ]
      ],
      "toGround": false
    },
    {
      "type": "rendInst",
      "name": "%hangar_field_gas_cylinder_a",
      "tm": [
        [
          0.987144,
          0.0,
          0.159828
        ],
        [
          0.0,
          1.0,
          0.0
        ],
        [
          -0.159828,
          0.0,
          0.987144
        ],
        [
          -6.5339,
          -3.8147E-06,
          -16.032
        ]
      ],
      "toGround": false
    },
    {
      "type": "rendInst",
      "name": "%hangar_field_gas_cylinder_a",
      "tm": [
        [
          -0.202734,
          0.0,
          0.979233
        ],
        [
          0.0,
          1.0,
          0.0
        ],
        [
          -0.979233,
          0.0,
          -0.202734
        ],
        [
          -6.7562,
          -3.8147E-06,
          -16.454
        ]
      ],
      "toGround": false
    },
    {
      "type": "rendInst",
      "name": "%hangar_field_sandbags_c",
      "tm": [
        [
          -0.0894158,
          0.0,
          0.995995
        ],
        [
          0.0,
          1.0,
          0.0
        ],
        [
          -0.995995,
          0.0,
          -0.0894158
        ],
        [
          23.7805,
          -0.08181,
          36.52
        ]
      ],
      "toGround": false
    },
    {
      "type": "rendInst",
      "name": "%hangar_field_sandbags_c",
      "tm": [
        [
          0.923602,
          0.0,
          0.383354
        ],
        [
          0.0,
          1.0,
          0.0
        ],
        [
          -0.383354,
          0.0,
          0.923602
        ],
        [
          -43.0322,
          -0.0742416,
          29.075
        ]
      ],
      "toGround": false
    },
    {
      "type": "rendInst",
      "name": "%hangar_field_barrel_pile_b",
      "tm": [
        [
          -0.956361,
          0.0,
          -0.292185
        ],
        [
          0.0,
          1.0,
          0.0
        ],
        [
          0.292185,
          0.0,
          -0.956361
        ],
        [
          -39.1657,
          1.28622,
          22.157
        ]
      ],
      "toGround": false
    },
    {
      "type": "rendInst",
      "name": "%news_board_a",
      "tm": [
        [
          -1.39148,
          0.0,
          2.10108E-07
        ],
        [
          0.0,
          1.39148,
          0.0
        ],
        [
          -2.10108E-07,
          0.0,
          -1.39148
        ],
        [
          9.3852,
          -0.0729294,
          16.012
        ]
      ],
      "toGround": false
    },
    {
      "type": "rendInst",
      "name": "%military_generator_a",
      "tm": [
        [
          0.67559,
          0.0,
          -0.737278
        ],
        [
          0.0,
          1.0,
          0.0
        ],
        [
          0.737278,
          0.0,
          0.67559
        ],
        [
          12.7487,
          -0.0709572,
          29.878
        ]
      ],
      "toGround": false
    },
    {
      "type": "rendInst",
      "name": "%covered_stuff_a",
      "tm": [
        [
          0.991214,
          0.0,
          0.132266
        ],
        [
          0.0,
          1.0,
          0.0
        ],
        [
          -0.132266,
          0.0,
          0.991214
        ],
        [
          5.6719,
          -0.0742416,
          23.354
        ]
      ],
      "toGround": false
    },
    {
      "type": "rendInst",
      "name": "%hangar_field_box_pile_a",
      "tm": [
        [
          0.0871557,
          0.0,
          0.996194
        ],
        [
          0.0,
          1.0,
          0.0
        ],
        [
          -0.996194,
          0.0,
          0.0871557
        ],
        [
          16.1704,
          -0.0729294,
          15.999
        ]
      ],
      "toGround": false
    },
    {
      "type": "rendInst",
      "name": "%hangar_field_gas_cylinder_a",
      "tm": [
        [
          -0.900294,
          0.0,
          0.43528
        ],
        [
          0.0,
          1.0,
          0.0
        ],
        [
          -0.43528,
          0.0,
          -0.900294
        ],
        [
          16.9986,
          -0.0742416,
          23.59
        ]
      ],
      "toGround": false
    },
    {
      "type": "rendInst",
      "name": "%hangar_field_gas_cylinder_a",
      "tm": [
        [
          0.474135,
          0.0,
          0.880451
        ],
        [
          0.0,
          1.0,
          0.0
        ],
        [
          -0.880451,
          0.0,
          0.474135
        ],
        [
          16.7992,
          -0.0742416,
          24.024
        ]
      ],
      "toGround": false
    },
    {
      "type": "rendInst",
      "name": "%hangar_field_willys_mb",
      "tm": [
        [
          0.323091,
          0.0,
          -0.985172
        ],
        [
          0.0,
          1.0368,
          0.0
        ],
        [
          0.985172,
          0.0,
          0.323091
        ],
        [
          15.1094,
          0.0,
          8.229
        ]
      ],
      "toGround": false
    },
    {
      "type": "rendInst",
      "name": "%hangar_field_toolbox_a",
      "tm": [
        [
          -0.651988,
          0.0,
          0.75823
        ],
        [
          0.0,
          1.0,
          0.0
        ],
        [
          -0.75823,
          0.0,
          -0.651988
        ],
        [
          -37.6093,
          -0.0742416,
          23.367
        ]
      ],
      "toGround": false
    },
    {
      "type": "rendInst",
      "name": "%hangar_field_portable_toilet",
      "tm": [
        [
          1.0,
          0.0,
          0.0
        ],
        [
          0.0,
          1.0,
          0.0
        ],
        [
          0.0,
          0.0,
          1.0
        ],
        [
          17.4008,
          -0.0738068,
          -20.742
        ]
      ],
      "toGround": false
    },
    {
      "type": "rendInst",
      "name": "%hangar_field_portable_toilet",
      "tm": [
        [
          1.0,
          0.0,
          0.0
        ],
        [
          0.0,
          1.0,
          0.0
        ],
        [
          0.0,
          0.0,
          1.0
        ],
        [
          17.4008,
          -0.0742416,
          -19.562
        ]
      ],
      "toGround": false
    },
    {
      "type": "rendInst",
      "name": "%hangar_field_portable_toilet",
      "tm": [
        [
          1.0,
          0.0,
          0.0
        ],
        [
          0.0,
          1.0,
          0.0
        ],
        [
          0.0,
          0.0,
          1.0
        ],
        [
          17.4008,
          -0.0742416,
          -18.396
        ]
      ],
      "toGround": false
    },
    {
      "type": "rendInst",
      "name": "%news_board_a",
      "tm": [
        [
          1.05054E-07,
          0.0,
          1.39148
        ],
        [
          0.0,
          1.39148,
          0.0
        ],
        [
          -1.39148,
          0.0,
          1.05054E-07
        ],
        [
          -43.8367,
          -0.0742416,
          12.585
        ]
      ],
      "toGround": false
    },
    {
      "type": "rendInst",
      "name": "%hangar_field_coil_cable_a",
      "tm": [
        [
          0.987144,
          0.0,
          0.159828
        ],
        [
          0.0,
          1.0,
          0.0
        ],
        [
          -0.159828,
          0.0,
          0.987144
        ],
        [
          4.5949,
          -0.0813637,
          27.846
        ]
      ],
      "toGround": false
    },
    {
      "type": "rendInst",
      "name": "%hangar_field_tank_covered_a",
      "tm": [
        [
          0.99897,
          0.0,
          0.0453724
        ],
        [
          0.0,
          1.0,
          0.0
        ],
        [
          -0.0453724,
          0.0,
          0.99897
        ],
        [
          -38.9284,
          -0.0742416,
          -7.27698
        ]
      ],
      "toGround": false
    },
    {
      "type": "rendInst",
      "name": "%hangar_field_dodge_m37",
      "tm": [
        [
          -1.0345,
          0.0,
          0.0689244
        ],
        [
          0.0,
          1.0368,
          0.0
        ],
        [
          -0.0689244,
          0.0,
          -1.0345
        ],
        [
          -34.9937,
          -0.0742416,
          -2.45801
        ]
      ],
      "toGround": false
    },
    {
      "type": "rendInst",
      "name": "%hangar_field_water_tank_a",
      "tm": [
        [
          0.00441296,
          0.0,
          1.03679
        ],
        [
          0.0,
          1.0368,
          0.0
        ],
        [
          -1.03679,
          0.0,
          0.00441296
        ],
        [
          -21.8267,
          -0.074482,
          -22.739
        ]
      ],
      "toGround": false
    },
    {
      "type": "rendInst",
      "name": "%hangar_field_m35",
      "tm": [
        [
          -0.999939,
          0.0,
          0.011015
        ],
        [
          0.0,
          1.0,
          0.0
        ],
        [
          -0.011015,
          0.0,
          -0.999939
        ],
        [
          44.1094,
          -0.0706215,
          -18.335
        ]
      ],
      "toGround": false
    },
    {
      "type": "rendInst",
      "name": "%hangar_field_sandbags_c",
      "tm": [
        [
          -0.282004,
          0.0,
          0.959414
        ],
        [
          0.0,
          1.0,
          0.0
        ],
        [
          -0.959414,
          0.0,
          -0.282004
        ],
        [
          -29.5239,
          -0.0742416,
          25.889
        ]
      ],
      "toGround": false
    },
    {
      "type": "rendInst",
      "name": "%hangar_field_sandbags_c",
      "tm": [
        [
          0.32636,
          0.0,
          -0.945246
        ],
        [
          0.0,
          1.0,
          0.0
        ],
        [
          0.945246,
          0.0,
          0.32636
        ],
        [
          18.0015,
          -0.088913,
          35.584
        ]
      ],
      "toGround": false
    },
    {
      "type": "rendInst",
      "name": "%covered_stuff_a",
      "tm": [
        [
          -0.764915,
          0.0,
          -0.644131
        ],
        [
          0.0,
          1.0,
          0.0
        ],
        [
          0.644131,
          0.0,
          -0.764915
        ],
        [
          5.5743,
          -3.8147E-06,
          -10.246
        ]
      ],
      "toGround": false
    },
    {
      "type": "rendInst",
      "name": "%news_board_a",
      "tm": [
        [
          -3.15162E-07,
          0.0,
          -1.39148
        ],
        [
          0.0,
          1.39148,
          0.0
        ],
        [
          1.39148,
          0.0,
          -3.15162E-07
        ],
        [
          37.0177,
          -0.0706215,
          5.58502
        ]
      ],
      "toGround": false
    },
    {
      "type": "rendInst",
      "name": "%covered_stuff_a",
      "tm": [
        [
          -0.0418658,
          0.0,
          -0.999123
        ],
        [
          0.0,
          1.0,
          0.0
        ],
        [
          0.999123,
          0.0,
          -0.0418658
        ],
        [
          16.4577,
          -0.0728836,
          12.598
        ]
      ],
      "toGround": false
    },
    {
      "type": "rendInst",
      "name": "%hangar_light_generator",
      "tm": [
        [
          0.939693,
          0.0,
          0.34202
        ],
        [
          0.0,
          1.0,
          0.0
        ],
        [
          -0.34202,
          0.0,
          0.939693
        ],
        [
          5.26,
          0.0,
          7.72803
        ]
      ],
      "toGround": false
    },
    {
      "type": "rendInst",
      "name": "%hangar_light_generator",
      "tm": [
        [
          -0.99415,
          0.0,
          0.108014
        ],
        [
          0.0,
          1.0,
          0.0
        ],
        [
          -0.108014,
          0.0,
          -0.99415
        ],
        [
          -30.5573,
          -0.0742416,
          9.04004
        ]
      ],
      "toGround": false
    },
    {
      "type": "rendInst",
      "name": "%hangar_light_generator",
      "tm": [
        [
          0.924764,
          0.0,
          -0.380542
        ],
        [
          0.0,
          1.0,
          0.0
        ],
        [
          0.380542,
          0.0,
          0.924764
        ],
        [
          3.9411,
          -0.0742416,
          26.068
        ]
      ],
      "toGround": false
    },
    {
      "type": "rendInst",
      "name": "%hangar_field_conex_box_a",
      "tm": [
        [
          0.9171,
          0.0,
          0.483614
        ],
        [
          0.0,
          1.0368,
          0.0
        ],
        [
          -0.483614,
          0.0,
          0.9171
        ],
        [
          -26.0602,
          1.38811,
          -13.181
        ]
      ],
      "toGround": false
    }
  ]
}