{
  "className": "composit",
  "node": [
    {
      "type": "rendInst",
      "name": "$hangar_field_concrete_block",
      "tm": [
        [
          -0.0871546,
          0.0,
          0.996195
        ],
        [
          0.0,
          1.0,
          0.0
        ],
        [
          -0.996195,
          0.0,
          -0.0871546
        ],
        [
          0.0,
          0.0,
          0.0
        ]
      ],
      "toGround": false
    },
    {
      "type": "rendInst",
      "name": "$hangar_field_m35",
      "tm": [
        [
          0.982777,
          0.0,
          -0.184797
        ],
        [
          -0.0,
          1.0,
          0.0
        ],
        [
          0.184797,
          0.0,
          0.982777
        ],
        [
          -68.695,
          0.0187,
          -48.424
        ]
      ],
      "toGround": false
    },
    {
      "type": "rendInst",
      "name": "$hangar_field_concrete_block",
      "tm": [
        [
          -0.923879,
          0.0,
          0.382684
        ],
        [
          0.0,
          1.0,
          0.0
        ],
        [
          -0.382684,
          0.0,
          -0.923879
        ],
        [
          -49.511,
          0.116369,
          1.50897
        ]
      ],
      "toGround": false
    },
    {
      "type": "rendInst",
      "name": "$hangar_field_box_pile_a",
      "tm": [
        [
          -0.0436192,
          0.0,
          -0.999048
        ],
        [
          0.0,
          1.0,
          0.0
        ],
        [
          0.999048,
          0.0,
          -0.0436192
        ],
        [
          -43.757,
          0.118654,
          -0.394043
        ]
      ],
      "toGround": false
    },
    {
      "type": "rendInst",
      "name": "$hangar_field_toolbox_a",
      "tm": [
        [
          0.0556752,
          0.0,
          -0.998449
        ],
        [
          0.0,
          1.0,
          0.0
        ],
        [
          0.998449,
          0.0,
          0.0556752
        ],
        [
          -55.467,
          0.1187,
          -20.732
        ]
      ],
      "toGround": false
    },
    {
      "type": "rendInst",
      "name": "$covered_stuff_a",
      "tm": [
        [
          -0.707107,
          0.0,
          -0.707107
        ],
        [
          0.0,
          1.0,
          0.0
        ],
        [
          0.707107,
          0.0,
          -0.707107
        ],
        [
          -41.889,
          0.1187,
          -16.763
        ]
      ],
      "toGround": false
    },
    {
      "type": "rendInst",
      "name": "$hangar_field_willys_mb",
      "tm": [
        [
          0.247518,
          0.0,
          1.00682
        ],
        [
          0.0,
          1.0368,
          0.0
        ],
        [
          -1.00682,
          0.0,
          0.247518
        ],
        [
          -48.781,
          0.1187,
          -15.136
        ]
      ],
      "toGround": false
    },
    {
      "type": "rendInst",
      "name": "$hangar_field_willys_mb",
      "tm": [
        [
          0.749718,
          0.0,
          0.716151
        ],
        [
          0.0,
          1.0368,
          0.0
        ],
        [
          -0.716151,
          0.0,
          0.749718
        ],
        [
          -9.772,
          0.123625,
          8.08698
        ]
      ],
      "toGround": false
    },
    {
      "type": "rendInst",
      "name": "$hangar_field_coil_cable_a",
      "tm": [
        [
          0.987144,
          0.0,
          0.159828
        ],
        [
          0.0,
          1.0,
          0.0
        ],
        [
          -0.159828,
          0.0,
          0.987144
        ],
        [
          -42.905,
          0.1187,
          -3.716
        ]
      ],
      "toGround": false
    },
    {
      "type": "rendInst",
      "name": "$military_generator_a",
      "tm": [
        [
          0.0871549,
          0.0,
          -0.996195
        ],
        [
          0.0,
          1.0,
          0.0
        ],
        [
          0.996195,
          0.0,
          0.0871549
        ],
        [
          -52.713,
          0.1187,
          -14.919
        ]
      ],
      "toGround": false
    },
    {
      "type": "rendInst",
      "name": "$hangar_field_toolbox_a",
      "tm": [
        [
          -0.0751249,
          0.0,
          -0.997174
        ],
        [
          0.0,
          1.0,
          0.0
        ],
        [
          0.997174,
          0.0,
          -0.0751249
        ],
        [
          -34.317,
          0.118729,
          1.836
        ]
      ],
      "toGround": false
    },
    {
      "type": "rendInst",
      "name": "$hangar_field_portable_toilet",
      "tm": [
        [
          1.0,
          0.0,
          0.0
        ],
        [
          0.0,
          1.0,
          0.0
        ],
        [
          0.0,
          0.0,
          1.0
        ],
        [
          -57.576,
          0.1187,
          -5.18903
        ]
      ],
      "toGround": false
    },
    {
      "type": "rendInst",
      "name": "$hangar_field_portable_toilet",
      "tm": [
        [
          1.0,
          0.0,
          0.0
        ],
        [
          0.0,
          1.0,
          0.0
        ],
        [
          0.0,
          0.0,
          1.0
        ],
        [
          -57.576,
          0.1187,
          -6.35504
        ]
      ],
      "toGround": false
    },
    {
      "type": "rendInst",
      "name": "$hangar_field_portable_toilet",
      "tm": [
        [
          1.0,
          0.0,
          0.0
        ],
        [
          0.0,
          1.0,
          0.0
        ],
        [
          0.0,
          0.0,
          1.0
        ],
        [
          -57.576,
          0.1187,
          -7.53503
        ]
      ],
      "toGround": false
    },
    {
      "type": "rendInst",
      "name": "$ford_f800",
      "tm": [
        [
          1.03076,
          0.0,
          0.111761
        ],
        [
          0.0,
          1.0368,
          0.0
        ],
        [
          -0.111761,
          0.0,
          1.03076
        ],
        [
          -50.432,
          0.118698,
          -7.53802
        ]
      ],
      "toGround": false
    },
    {
      "type": "rendInst",
      "name": "$hangar_field_semitrailer_platform_a",
      "tm": [
        [
          0.721795,
          0.0,
          -0.6921
        ],
        [
          0.0,
          1.0,
          0.0
        ],
        [
          0.6921,
          0.0,
          0.721795
        ],
        [
          -38.4791,
          0.1187,
          0.791016
        ]
      ],
      "toGround": false
    },
    {
      "type": "rendInst",
      "name": "$hangar_field_volvo_f89",
      "tm": [
        [
          0.721795,
          0.0,
          -0.6921
        ],
        [
          0.0,
          1.0,
          0.0
        ],
        [
          0.6921,
          0.0,
          0.721795
        ],
        [
          -34.684,
          0.117134,
          4.79596
        ]
      ],
      "toGround": false
    },
    {
      "type": "rendInst",
      "name": "$hangar_field_box_c",
      "tm": [
        [
          0.407315,
          0.0,
          -0.953436
        ],
        [
          0.0,
          1.0368,
          0.0
        ],
        [
          0.953436,
          0.0,
          0.407315
        ],
        [
          -55.7433,
          0.1187,
          -18.7422
        ]
      ],
      "toGround": false
    },
    {
      "type": "rendInst",
      "name": "$hangar_field_box_b",
      "tm": [
        [
          -0.953436,
          0.0,
          -0.407315
        ],
        [
          0.0,
          1.0368,
          0.0
        ],
        [
          0.407315,
          0.0,
          -0.953436
        ],
        [
          -55.8079,
          0.1187,
          -18.0175
        ]
      ],
      "toGround": false
    },
    {
      "type": "rendInst",
      "name": "$hangar_field_oil_barrel_a",
      "tm": [
        [
          0.407315,
          0.0,
          -0.953436
        ],
        [
          0.0,
          1.0368,
          0.0
        ],
        [
          0.953436,
          0.0,
          0.407315
        ],
        [
          -57.0732,
          0.1187,
          -17.1207
        ]
      ],
      "toGround": false
    },
    {
      "type": "rendInst",
      "name": "$hangar_field_box_a",
      "tm": [
        [
          0.407315,
          0.0,
          -0.953436
        ],
        [
          0.0,
          1.0368,
          0.0
        ],
        [
          0.953436,
          0.0,
          0.407315
        ],
        [
          -56.56,
          0.1187,
          -18.619
        ]
      ],
      "toGround": false
    },
    {
      "type": "rendInst",
      "name": "$hangar_field_ladder_a",
      "tm": [
        [
          0.407315,
          0.0,
          -0.953436
        ],
        [
          0.0,
          1.0368,
          0.0
        ],
        [
          0.953436,
          0.0,
          0.407315
        ],
        [
          -54.4487,
          0.1187,
          -17.3616
        ]
      ],
      "toGround": false
    },
    {
      "type": "rendInst",
      "name": "$hangar_field_oil_barrel_a",
      "tm": [
        [
          0.323706,
          0.0,
          0.946157
        ],
        [
          0.0,
          1.0,
          0.0
        ],
        [
          -0.946157,
          0.0,
          0.323706
        ],
        [
          -44.7811,
          0.1187,
          -1.90161
        ]
      ],
      "toGround": false
    },
    {
      "type": "rendInst",
      "name": "$hangar_field_oil_barrel_a",
      "tm": [
        [
          -0.163176,
          0.34202,
          -0.925417
        ],
        [
          0.984808,
          7.54979e-8,
          -0.173647
        ],
        [
          -0.0593915,
          -0.939692,
          -0.336824
        ],
        [
          -46.1338,
          0.41118,
          -2.87378
        ]
      ],
      "toGround": false
    },
    {
      "type": "rendInst",
      "name": "$hangar_field_oil_barrel_a",
      "tm": [
        [
          0.382684,
          0.0,
          -0.923879
        ],
        [
          0.0,
          1.0,
          0.0
        ],
        [
          0.923879,
          0.0,
          0.382684
        ],
        [
          -45.32,
          0.1187,
          -2.336
        ]
      ],
      "toGround": false
    }
  ]
}