{
  "classname": "composit",
  "node": [
    {
      "name": "%land_rover_fc_abandoned_a_snow",
      "tm": [
        [
          -1.0,
          0.0,
          -8.74228e-8
        ],
        [
          0.0,
          1.0,
          0.0
        ],
        [
          8.74228e-8,
          0.0,
          -1.0
        ],
        [
          0.0,
          0.0,
          0.0
        ]
      ]
    },
    {
      "name": "%box_c_snow",
      "tm": [
        [
          -0.429396,
          0.0,
          -0.903116
        ],
        [
          0.0,
          1.0,
          0.0
        ],
        [
          0.903116,
          0.0,
          -0.429396
        ],
        [
          0.0466659,
          1.26676,
          -0.213503
        ]
      ]
    },
    {
      "name": "%box_f_snow",
      "tm": [
        [
          -0.058369,
          0.0,
          0.998295
        ],
        [
          0.0,
          1.0,
          0.0
        ],
        [
          -0.998295,
          0.0,
          -0.058369
        ],
        [
          -0.251235,
          0.944539,
          1.07088
        ]
      ]
    },
    {
      "name": "%box_g_snow",
      "tm": [
        [
          0.0280337,
          0.0,
          -0.999607
        ],
        [
          0.0,
          1.0,
          0.0
        ],
        [
          0.999607,
          0.0,
          0.0280337
        ],
        [
          -0.64888,
          0.938689,
          1.01892
        ]
      ]
    },
    {
      "name": "%box_i_snow",
      "tm": [
        [
          0.114841,
          0.0,
          0.993384
        ],
        [
          0.0,
          1.0,
          0.0
        ],
        [
          -0.993384,
          0.0,
          0.114841
        ],
        [
          -0.475587,
          0.934923,
          0.0339023
        ]
      ]
    },
    {
      "name": "%box_j_snow",
      "tm": [
        [
          0.0299625,
          0.0,
          0.999551
        ],
        [
          0.0,
          1.0,
          0.0
        ],
        [
          -0.999551,
          0.0,
          0.0299625
        ],
        [
          0.192971,
          0.942618,
          0.0789926
        ]
      ]
    },
    {
      "name": "%box_f_snow",
      "tm": [
        [
          -0.021548,
          0.0106493,
          0.999711
        ],
        [
          0.929363,
          0.368817,
          0.0161029
        ],
        [
          -0.368539,
          0.929441,
          -0.0178443
        ],
        [
          1.05481,
          0.193922,
          1.14746
        ]
      ]
    },
    {
      "name": "%box_e_snow",
      "tm": [
        [
          0.675578,
          0.0430088,
          0.736033
        ],
        [
          0.0349779,
          0.995303,
          -0.0902637
        ],
        [
          -0.736459,
          0.0867251,
          0.6709
        ],
        [
          1.07957,
          0.0325005,
          0.399279
        ]
      ]
    },
    {
      "name": "%box_a_snow",
      "tm": [
        [
          0.635915,
          0.0,
          -0.771759
        ],
        [
          0.0,
          1.0,
          0.0
        ],
        [
          0.771759,
          0.0,
          0.635915
        ],
        [
          0.285492,
          0.946134,
          1.87553
        ]
      ]
    },
    {
      "name": "%box_a_snow",
      "tm": [
        [
          0.635915,
          0.0,
          -0.771759
        ],
        [
          0.0,
          1.0,
          0.0
        ],
        [
          0.771759,
          0.0,
          0.635915
        ],
        [
          1.45483,
          0.0000397563,
          1.89746
        ]
      ]
    }
  ]
}