{
  "classname": "composit",
  "node": [
    {
      "name": "%land_rover_fc_a_snow",
      "tm": [
        [
          -1.0,
          0.0,
          8.74227e-8
        ],
        [
          0.0,
          1.0,
          0.0
        ],
        [
          -8.74227e-8,
          0.0,
          -1.0
        ],
        [
          0.0,
          0.0,
          0.0
        ]
      ]
    },
    {
      "name": "%sandbag_a_snow_worn",
      "tm": [
        [
          0.865759,
          0.0,
          -0.500461
        ],
        [
          0.0,
          1.0,
          0.0
        ],
        [
          0.500461,
          0.0,
          0.865759
        ],
        [
          -1.03067,
          -0.0221956,
          0.78178
        ]
      ]
    },
    {
      "name": "%sandbag_a_snow_worn",
      "tm": [
        [
          -0.100475,
          0.0,
          -0.99494
        ],
        [
          0.0,
          1.0,
          0.0
        ],
        [
          0.99494,
          0.0,
          -0.100475
        ],
        [
          -1.20767,
          -0.0370275,
          1.67707
        ]
      ]
    },
    {
      "name": "%sandbag_a_snow_worn",
      "tm": [
        [
          -0.0949233,
          0.0,
          -0.995485
        ],
        [
          0.0,
          1.0,
          0.0
        ],
        [
          0.995485,
          0.0,
          -0.0949233
        ],
        [
          0.369239,
          1.0321,
          -0.115127
        ]
      ]
    },
    {
      "name": "%sandbag_a_snow_worn",
      "tm": [
        [
          -0.0209482,
          0.0,
          -0.999781
        ],
        [
          0.0,
          1.0,
          0.0
        ],
        [
          0.999781,
          0.0,
          -0.0209482
        ],
        [
          0.35343,
          1.0321,
          0.586125
        ]
      ]
    },
    {
      "name": "%sandbag_a_snow_worn",
      "tm": [
        [
          0.369279,
          0.0,
          -0.929318
        ],
        [
          0.0,
          1.0,
          0.0
        ],
        [
          0.929318,
          0.0,
          0.369279
        ],
        [
          -0.309654,
          1.0321,
          1.88883
        ]
      ]
    },
    {
      "name": "%sandbag_a_snow_worn",
      "tm": [
        [
          -0.99713,
          0.0,
          0.0757093
        ],
        [
          0.0,
          1.0,
          0.0
        ],
        [
          -0.0757093,
          0.0,
          -0.99713
        ],
        [
          0.480224,
          1.23209,
          0.194396
        ]
      ]
    },
    {
      "name": "%sandbag_a_snow_worn",
      "tm": [
        [
          -0.982886,
          0.0,
          0.184212
        ],
        [
          0.0,
          1.0,
          0.0
        ],
        [
          -0.184212,
          0.0,
          -0.982886
        ],
        [
          -0.450333,
          1.0321,
          0.917576
        ]
      ]
    }
  ]
}