{
  "className": "composit",
  "node": [
    {
      "type": "rendInst",
      "name": "$%hangar_searchlight_tower_a",
      "tm": [
        [
          -0.0000497065,
          0.0,
          -1.0
        ],
        [
          0.0,
          1.0,
          0.0
        ],
        [
          1.0,
          0.0,
          -0.0000497065
        ],
        [
          0.0,
          0.0,
          0.0
        ]
      ],
      "toGround": false
    },
    {
      "type": "rendInst",
      "name": "$hangar_garland_f_ny",
      "tm": [
        [
          0.903031,
          0.0,
          0.325783
        ],
        [
          0.0,
          1.0,
          0.0
        ],
        [
          -0.339357,
          0.0,
          0.940657
        ],
        [
          -26.92,
          5.1565,
          -9.67901
        ]
      ],
      "toGround": false
    },
    {
      "type": "rendInst",
      "name": "$hangar_garland_f_ny",
      "tm": [
        [
          0.787942,
          0.0,
          0.548404
        ],
        [
          0.0,
          1.0,
          0.0
        ],
        [
          -0.571254,
          0.0,
          0.820773
        ],
        [
          23.7999,
          5.1565,
          16.286
        ]
      ],
      "toGround": false
    },
    {
      "type": "rendInst",
      "name": "$%hangar_searchlight_tower_a",
      "tm": [
        [
          -0.608801,
          0.0,
          -0.793324
        ],
        [
          0.0,
          1.0,
          0.0
        ],
        [
          0.793324,
          0.0,
          -0.608801
        ],
        [
          -54.4301,
          -0.00000196695,
          -19.012
        ]
      ],
      "toGround": false
    },
    {
      "type": "rendInst",
      "name": "$%hangar_searchlight_tower_a",
      "tm": [
        [
          -0.887034,
          0.0,
          -0.461705
        ],
        [
          0.0,
          1.0,
          0.0
        ],
        [
          0.461705,
          0.0,
          -0.887034
        ],
        [
          -114.41,
          0.0,
          -23.756
        ]
      ],
      "toGround": false
    },
    {
      "type": "rendInst",
      "name": "$hangar_garland_f_ny",
      "tm": [
        [
          0.996437,
          0.0,
          0.0843339
        ],
        [
          0.0,
          1.0,
          0.0
        ],
        [
          -0.0843339,
          0.0,
          0.996437
        ],
        [
          -84.48,
          5.1565,
          -21.621
        ]
      ],
      "toGround": false
    },
    {
      "type": "rendInst",
      "name": "$%hangar_searchlight_tower_a",
      "tm": [
        [
          0.300658,
          0.0,
          -0.953732
        ],
        [
          0.0,
          1.0,
          0.0
        ],
        [
          0.953732,
          0.0,
          0.300658
        ],
        [
          47.5499,
          0.0,
          32.386
        ]
      ],
      "toGround": false
    },
    {
      "type": "rendInst",
      "name": "$hangar_garland_f_ny",
      "tm": [
        [
          0.533795,
          0.0,
          0.845614
        ],
        [
          0.0,
          1.0,
          0.0
        ],
        [
          -0.845613,
          0.0,
          0.533795
        ],
        [
          63.63,
          5.1565,
          58.235
        ]
      ],
      "toGround": false
    },
    {
      "type": "rendInst",
      "name": "$%hangar_searchlight_tower_a",
      "tm": [
        [
          0.886988,
          0.0,
          -0.461793
        ],
        [
          0.0,
          1.0,
          0.0
        ],
        [
          0.461793,
          0.0,
          0.886988
        ],
        [
          78.45,
          -0.00000196695,
          84.39
        ]
      ],
      "toGround": false
    },
    {
      "type": "rendInst",
      "name": "$%hangar_searchlight_tower_a",
      "tm": [
        [
          0.887034,
          0.0,
          0.461705
        ],
        [
          0.0,
          1.0,
          0.0
        ],
        [
          -0.461705,
          0.0,
          0.887034
        ],
        [
          38.75,
          -0.047177,
          157.528
        ]
      ],
      "toGround": false
    },
    {
      "type": "rendInst",
      "name": "$hangar_garland_f_ny",
      "tm": [
        [
          -0.996437,
          0.0,
          -0.0843337
        ],
        [
          0.0,
          1.0,
          0.0
        ],
        [
          0.0843337,
          0.0,
          -0.996437
        ],
        [
          8.81995,
          5.10933,
          155.393
        ]
      ],
      "toGround": false
    },
    {
      "type": "rendInst",
      "name": "$%hangar_searchlight_tower_a",
      "tm": [
        [
          0.608801,
          0.0,
          0.793324
        ],
        [
          0.0,
          1.0,
          0.0
        ],
        [
          -0.793324,
          0.0,
          0.608801
        ],
        [
          -21.23,
          -0.047177,
          152.784
        ]
      ],
      "toGround": false
    },
    {
      "name": "$hangar_garland_f_ny",
      "tm": [
        [
          -0.903031,
          0.0,
          -0.325783
        ],
        [
          0.0,
          1.0,
          0.0
        ],
        [
          0.339357,
          0.0,
          -0.940657
        ],
        [
          -48.74,
          5.10933,
          143.451
        ]
      ],
      "toGround": false
    },
    {
      "type": "rendInst",
      "name": "$%hangar_searchlight_tower_a",
      "tm": [
        [
          0.0000499059,
          0.0,
          1.0
        ],
        [
          0.0,
          1.0,
          0.0
        ],
        [
          -1.0,
          0.0,
          0.0000499059
        ],
        [
          -75.66,
          -0.047177,
          133.773
        ]
      ],
      "toGround": false
    },
    {
      "type": "rendInst",
      "name": "$hangar_garland_f_ny",
      "tm": [
        [
          -0.787942,
          0.0,
          -0.548404
        ],
        [
          0.0,
          1.0,
          0.0
        ],
        [
          0.571254,
          0.0,
          -0.820773
        ],
        [
          -99.4601,
          5.10933,
          117.486
        ]
      ],
      "toGround": false
    },
    {
      "type": "rendInst",
      "name": "$%hangar_searchlight_tower_a",
      "tm": [
        [
          -0.300658,
          0.0,
          0.953732
        ],
        [
          0.0,
          1.0,
          0.0
        ],
        [
          -0.953732,
          0.0,
          -0.300658
        ],
        [
          -123.21,
          -0.047177,
          101.386
        ]
      ],
      "toGround": false
    },
    {
      "type": "rendInst",
      "name": "$hangar_garland_f_ny",
      "tm": [
        [
          -0.533795,
          0.0,
          -0.845614
        ],
        [
          0.0,
          1.0,
          0.0
        ],
        [
          0.845613,
          0.0,
          -0.533795
        ],
        [
          -139.29,
          5.10933,
          75.538
        ]
      ],
      "toGround": false
    },
    {
      "type": "rendInst",
      "name": "$%hangar_searchlight_tower_a",
      "tm": [
        [
          -0.886988,
          0.0,
          0.461793
        ],
        [
          0.0,
          1.0,
          0.0
        ],
        [
          -0.461793,
          0.0,
          -0.886988
        ],
        [
          -154.11,
          -0.047177,
          49.382
        ]
      ],
      "toGround": false
    }
  ]
}