{
  "className": "composit",
  "size": [
    350.0,
    350.0
  ],
  "node": [
    {
      "name": "ground_level",
      "tm": [
        [
          300.0,
          0.0,
          0.0
        ],
        [
          0.0,
          10.0,
          0.0
        ],
        [
          0.0,
          0.0,
          300.0
        ],
        [
          0.0,
          0.0,
          0.0
        ]
      ]
    },
    {
      "name": "$%^^dynBase_nt_ammo_storage_foundation_mesh",
      "tm": [
        [
          1.0,
          0.0,
          0.0
        ],
        [
          0.0,
          1.0,
          0.0
        ],
        [
          0.0,
          0.0,
          1.0
        ],
        [
          0.0,
          0.0,
          0.0
        ]
      ]
    },
    {
      "name": "++NoTreesBox000",
      "tm": [
        [
          100.0,
          0.0,
          0.0
        ],
        [
          0.0,
          20.0,
          0.0
        ],
        [
          0.0,
          0.0,
          100.0
        ],
        [
          0.0,
          0.0,
          0.0
        ]
      ]
    },
    {
      "name": "++NoTreesBox000",
      "tm": [
        [
          41.2938,
          0.0,
          112.671
        ],
        [
          0.0,
          10.0,
          0.0
        ],
        [
          -112.671,
          0.0,
          41.2938
        ],
        [
          75.0,
          0.0,
          111.0
        ]
      ]
    },
    {
      "name": "++NoTreesBox000",
      "tm": [
        [
          -84.4512,
          0.0,
          85.2525
        ],
        [
          0.0,
          10.0,
          0.0
        ],
        [
          -85.2526,
          0.0,
          -84.4512
        ],
        [
          -80.0,
          0.0,
          93.0
        ]
      ]
    },
    {
      "name": "++NoTreesBox000",
      "tm": [
        [
          -30.3564,
          0.0,
          -116.097
        ],
        [
          0.0,
          10.0,
          0.0
        ],
        [
          116.097,
          0.0,
          -30.3564
        ],
        [
          -38.0,
          0.0,
          -101.0
        ]
      ]
    }
  ],
  "ecsUnitSpawnPositions": {
    "spaa": [
      [
        [
          0.344116,
          0.0,
          0.938927
        ],
        [
          0.0,
          1.0,
          0.0
        ],
        [
          -0.938927,
          0.0,
          0.344116
        ],
        [
          75.0,
          0.0,
          111.0
        ]
      ],
      [
        [
          -0.70376,
          0.0,
          0.710438
        ],
        [
          0.0,
          1.0,
          0.0
        ],
        [
          -0.710438,
          0.0,
          -0.70376
        ],
        [
          -80.0,
          0.0,
          93.0
        ]
      ],
      [
        [
          -0.25297,
          0.0,
          -0.967474
        ],
        [
          0.0,
          1.0,
          0.0
        ],
        [
          0.967474,
          0.0,
          -0.25297
        ],
        [
          -38.0,
          0.0,
          -101.0
        ]
      ]
    ]
  }
}