{
  "node": [
    {
      "name": "++NoTreesBox000",
      "tm": [
        [
          189.086,
          0.0,
          65.1646
        ],
        [
          0.0,
          11.0091,
          0.0
        ],
        [
          -39.0987,
          0.0,
          113.452
        ],
        [
          -90.0,
          0.0,
          76.0
        ]
      ]
    },
    {
      "name": "++NoTreesBox000",
      "tm": [
        [
          179.529,
          0.0,
          -88.1441
        ],
        [
          0.0,
          11.0091,
          0.0
        ],
        [
          52.8865,
          0.0,
          107.717
        ],
        [
          64.0,
          0.0,
          81.0
        ]
      ]
    },
    {
      "name": "++NoTreesBox000",
      "tm": [
        [
          217.95,
          0.0,
          100.488
        ],
        [
          0.0,
          11.0091,
          0.0
        ],
        [
          -50.2438,
          0.0,
          108.975
        ],
        [
          93.0,
          0.0,
          -86.0
        ]
      ]
    },
    {
      "name": "++NoTreesBox000",
      "tm": [
        [
          203.357,
          0.0,
          -127.46
        ],
        [
          0.0,
          11.0091,
          0.0
        ],
        [
          63.7301,
          0.0,
          101.678
        ],
        [
          -82.0,
          0.0,
          -65.0
        ]
      ]
    },
    {
      "name": "++NoTreesBox000",
      "tm": [
        [
          240.0,
          0.0,
          0.0
        ],
        [
          0.0,
          11.0091,
          0.0
        ],
        [
          0.0,
          0.0,
          120.0
        ],
        [
          0.0,
          0.0,
          0.0
        ]
      ]
    },
    {
      "name": "^ground_decal_dynamic_battlefield_dirt_d",
      "tm": [
        [
          -0.0891161,
          0.0,
          0.996021
        ],
        [
          0.0,
          1.0,
          0.0
        ],
        [
          -0.996021,
          0.0,
          -0.0891161
        ],
        [
          55.1133,
          -1.24094,
          34.6524
        ]
      ]
    },
    {
      "name": "^ground_decal_dynamic_battlefield_dirt_d",
      "tm": [
        [
          -0.882138,
          0.0,
          0.470991
        ],
        [
          0.0,
          1.0,
          0.0
        ],
        [
          -0.470991,
          0.0,
          -0.882138
        ],
        [
          -37.0847,
          0.658051,
          24.9169
        ]
      ]
    },
    {
      "name": "^ground_decal_dynamic_battlefield_dirt_d",
      "tm": [
        [
          -0.882138,
          0.0,
          0.470991
        ],
        [
          0.0,
          1.0,
          0.0
        ],
        [
          -0.470991,
          0.0,
          -0.882138
        ],
        [
          -46.2677,
          0.779617,
          20.9707
        ]
      ]
    },
    {
      "name": "^ground_decal_dynamic_battlefield_dirt_d",
      "tm": [
        [
          -0.523446,
          0.0,
          0.852059
        ],
        [
          0.0,
          1.0,
          0.0
        ],
        [
          -0.852059,
          0.0,
          -0.523446
        ],
        [
          -48.3996,
          0.195953,
          -12.0394
        ]
      ]
    },
    {
      "name": "^ground_decal_dynamic_battlefield_dirt_d",
      "tm": [
        [
          -0.523446,
          0.0,
          0.852059
        ],
        [
          0.0,
          1.0,
          0.0
        ],
        [
          -0.852059,
          0.0,
          -0.523446
        ],
        [
          -40.9657,
          -0.0378418,
          -15.9323
        ]
      ]
    },
    {
      "name": "^ground_decal_dynamic_battlefield_dirt_d",
      "tm": [
        [
          -0.852807,
          0.0,
          0.522227
        ],
        [
          0.0,
          1.0,
          0.0
        ],
        [
          -0.522227,
          0.0,
          -0.852807
        ],
        [
          -18.5997,
          -0.247925,
          -0.579544
        ]
      ]
    },
    {
      "name": "^ground_decal_dynamic_battlefield_dirt_d",
      "tm": [
        [
          -0.882138,
          0.0,
          0.470991
        ],
        [
          0.0,
          1.0,
          0.0
        ],
        [
          -0.470991,
          0.0,
          -0.882138
        ],
        [
          51.8803,
          -1.91837,
          -4.09224
        ]
      ]
    },
    {
      "name": "^ground_decal_dynamic_battlefield_dirt_d",
      "tm": [
        [
          -0.882138,
          0.0,
          0.470991
        ],
        [
          0.0,
          1.0,
          0.0
        ],
        [
          -0.470991,
          0.0,
          -0.882138
        ],
        [
          42.6983,
          -1.81839,
          -8.03835
        ]
      ]
    },
    {
      "name": "^ground_decal_dynamic_battlefield_dirt_d",
      "tm": [
        [
          -0.523446,
          0.0,
          0.852059
        ],
        [
          0.0,
          1.0,
          0.0
        ],
        [
          -0.852059,
          0.0,
          -0.523446
        ],
        [
          40.5663,
          -2.40744,
          -41.0484
        ]
      ]
    },
    {
      "name": "^ground_decal_dynamic_battlefield_dirt_d",
      "tm": [
        [
          -0.523446,
          0.0,
          0.852059
        ],
        [
          0.0,
          1.0,
          0.0
        ],
        [
          -0.852059,
          0.0,
          -0.523446
        ],
        [
          48.0004,
          -2.62366,
          -44.9414
        ]
      ]
    },
    {
      "name": "^ground_decal_dynamic_battlefield_dirt_d",
      "tm": [
        [
          -0.852807,
          0.0,
          0.522227
        ],
        [
          0.0,
          1.0,
          0.0
        ],
        [
          -0.522227,
          0.0,
          -0.852807
        ],
        [
          70.3663,
          -2.75717,
          -29.5885
        ]
      ]
    },
    {
      "name": "^ground_decal_dynamic_battlefield_dirt_d",
      "tm": [
        [
          -0.523446,
          0.0,
          0.852059
        ],
        [
          0.0,
          1.0,
          0.0
        ],
        [
          -0.852059,
          0.0,
          -0.523446
        ],
        [
          52.0484,
          -3.01062,
          -61.1877
        ]
      ]
    },
    {
      "name": "^ground_decal_dynamic_battlefield_dirt_d",
      "tm": [
        [
          -0.523446,
          0.0,
          0.852059
        ],
        [
          0.0,
          1.0,
          0.0
        ],
        [
          -0.852059,
          0.0,
          -0.523446
        ],
        [
          44.6143,
          -2.79456,
          -57.2948
        ]
      ]
    },
    {
      "name": "^ground_decal_dynamic_battlefield_dirt_d",
      "tm": [
        [
          -0.523446,
          0.0,
          0.852059
        ],
        [
          0.0,
          1.0,
          0.0
        ],
        [
          -0.852059,
          0.0,
          -0.523446
        ],
        [
          138.663,
          -4.36398,
          -50.3954
        ]
      ]
    },
    {
      "name": "^ground_decal_dynamic_battlefield_dirt_d",
      "tm": [
        [
          -0.523446,
          0.0,
          0.852059
        ],
        [
          0.0,
          1.0,
          0.0
        ],
        [
          -0.852059,
          0.0,
          -0.523446
        ],
        [
          126.935,
          -4.50508,
          -68.0566
        ]
      ]
    },
    {
      "name": "^ground_decal_dynamic_battlefield_dirt_d",
      "tm": [
        [
          -0.852807,
          0.0,
          0.522227
        ],
        [
          0.0,
          1.0,
          0.0
        ],
        [
          -0.522227,
          0.0,
          -0.852807
        ],
        [
          147.241,
          -3.61423,
          -3.58405
        ]
      ]
    },
    {
      "name": "^ground_decal_dynamic_battlefield_dirt_d",
      "tm": [
        [
          -0.523446,
          0.0,
          0.852059
        ],
        [
          0.0,
          1.0,
          0.0
        ],
        [
          -0.852059,
          0.0,
          -0.523446
        ],
        [
          117.188,
          -3.98589,
          -49.3618
        ]
      ]
    },
    {
      "name": "^ground_decal_dynamic_battlefield_dirt_d",
      "tm": [
        [
          -0.523446,
          0.0,
          0.852059
        ],
        [
          0.0,
          1.0,
          0.0
        ],
        [
          -0.852059,
          0.0,
          -0.523446
        ],
        [
          132.732,
          -4.45898,
          -60.5616
        ]
      ]
    },
    {
      "name": "^ground_decal_dynamic_battlefield_dirt_d",
      "tm": [
        [
          -0.523446,
          0.0,
          0.852059
        ],
        [
          0.0,
          1.0,
          0.0
        ],
        [
          -0.852059,
          0.0,
          -0.523446
        ],
        [
          137.548,
          -3.7431,
          -18.8206
        ]
      ]
    },
    {
      "name": "^ground_decal_dynamic_battlefield_dirt_d",
      "tm": [
        [
          -0.523446,
          0.0,
          0.852059
        ],
        [
          0.0,
          1.0,
          0.0
        ],
        [
          -0.852059,
          0.0,
          -0.523446
        ],
        [
          104.13,
          5.7446,
          -65.4565
        ]
      ]
    },
    {
      "name": "^ground_decal_dynamic_battlefield_dirt_d",
      "tm": [
        [
          -0.11343,
          0.0,
          0.993546
        ],
        [
          0.0,
          1.0,
          0.0
        ],
        [
          -0.993546,
          0.0,
          -0.11343
        ],
        [
          106.89,
          -4.59128,
          -90.1086
        ]
      ]
    },
    {
      "name": "^ground_decal_dynamic_battlefield_dirt_d",
      "tm": [
        [
          -0.852807,
          0.0,
          0.522227
        ],
        [
          0.0,
          1.0,
          0.0
        ],
        [
          -0.522227,
          0.0,
          -0.852807
        ],
        [
          -53.1507,
          -0.675964,
          -61.0459
        ]
      ]
    },
    {
      "name": "^ground_decal_dynamic_battlefield_dirt_d",
      "tm": [
        [
          0.511123,
          0.0,
          0.859508
        ],
        [
          0.0,
          1.0,
          0.0
        ],
        [
          -0.859508,
          0.0,
          0.511123
        ],
        [
          16.3464,
          -2.65382,
          -81.5266
        ]
      ]
    },
    {
      "name": "^ground_decal_dynamic_battlefield_dirt_d",
      "tm": [
        [
          -0.11343,
          0.0,
          0.993546
        ],
        [
          0.0,
          1.0,
          0.0
        ],
        [
          -0.993546,
          0.0,
          -0.11343
        ],
        [
          115.315,
          -4.64908,
          -85.7736
        ]
      ]
    },
    {
      "name": "^ground_decal_dynamic_battlefield_dirt_d",
      "tm": [
        [
          -0.523446,
          0.0,
          0.852059
        ],
        [
          0.0,
          1.0,
          0.0
        ],
        [
          -0.852059,
          0.0,
          -0.523446
        ],
        [
          -78.3616,
          -0.0161133,
          -55.987
        ]
      ]
    },
    {
      "name": "^ground_decal_dynamic_battlefield_dirt_d",
      "tm": [
        [
          0.511123,
          0.0,
          0.859508
        ],
        [
          0.0,
          1.0,
          0.0
        ],
        [
          -0.859508,
          0.0,
          0.511123
        ],
        [
          -3.97366,
          -2.13501,
          -77.4456
        ]
      ]
    },
    {
      "name": "^ground_decal_dynamic_battlefield_dirt_d",
      "tm": [
        [
          0.0204334,
          0.0,
          0.999791
        ],
        [
          0.0,
          1.0,
          0.0
        ],
        [
          -0.999791,
          0.0,
          0.0204334
        ],
        [
          64.4384,
          -3.76166,
          -88.1736
        ]
      ]
    },
    {
      "name": "^ground_decal_dynamic_battlefield_dirt_d",
      "tm": [
        [
          0.0204334,
          0.0,
          0.999791
        ],
        [
          0.0,
          1.0,
          0.0
        ],
        [
          -0.999791,
          0.0,
          0.0204334
        ],
        [
          7.92935,
          -2.76695,
          -96.0257
        ]
      ]
    },
    {
      "name": "^ground_decal_dynamic_battlefield_dirt_d",
      "tm": [
        [
          0.647231,
          0.0,
          0.762294
        ],
        [
          0.0,
          1.0,
          0.0
        ],
        [
          -0.762294,
          0.0,
          0.647231
        ],
        [
          -13.1557,
          -2.25562,
          -93.1076
        ]
      ]
    },
    {
      "name": "^ground_decal_dynamic_battlefield_dirt_d",
      "tm": [
        [
          0.972794,
          0.0,
          -0.23167
        ],
        [
          0.0,
          1.0,
          0.0
        ],
        [
          0.23167,
          0.0,
          0.972794
        ],
        [
          -11.9787,
          -1.9537,
          -77.1316
        ]
      ]
    },
    {
      "name": "^ground_decal_dynamic_battlefield_dirt_d",
      "tm": [
        [
          -0.389289,
          0.0,
          -0.921116
        ],
        [
          0.0,
          1.0,
          0.0
        ],
        [
          0.921116,
          0.0,
          -0.389289
        ],
        [
          69.9613,
          -3.51474,
          -69.7086
        ]
      ]
    },
    {
      "name": "^ground_decal_dynamic_battlefield_dirt_d",
      "tm": [
        [
          -0.389289,
          0.0,
          -0.921116
        ],
        [
          0.0,
          1.0,
          0.0
        ],
        [
          0.921116,
          0.0,
          -0.389289
        ],
        [
          90.6474,
          -3.93358,
          -70.9836
        ]
      ]
    },
    {
      "name": "^ground_decal_dynamic_battlefield_dirt_d",
      "tm": [
        [
          0.989543,
          0.0,
          -0.144242
        ],
        [
          0.0,
          1.0,
          0.0
        ],
        [
          0.144242,
          0.0,
          0.989543
        ],
        [
          -126.113,
          1.33896,
          -39.5346
        ]
      ]
    },
    {
      "name": "^ground_decal_dynamic_battlefield_dirt_d",
      "tm": [
        [
          -0.966763,
          0.0,
          -0.255676
        ],
        [
          0.0,
          1.0,
          0.0
        ],
        [
          0.255676,
          0.0,
          -0.966763
        ],
        [
          116.808,
          -1.87674,
          60.8824
        ]
      ]
    },
    {
      "name": "^ground_decal_dynamic_battlefield_dirt_d",
      "tm": [
        [
          -0.966763,
          0.0,
          -0.255676
        ],
        [
          0.0,
          1.0,
          0.0
        ],
        [
          0.255676,
          0.0,
          -0.966763
        ],
        [
          130.34,
          -2.41367,
          44.5614
        ]
      ]
    },
    {
      "name": "^ground_decal_dynamic_battlefield_dirt_d",
      "tm": [
        [
          -0.966763,
          0.0,
          -0.255676
        ],
        [
          0.0,
          1.0,
          0.0
        ],
        [
          0.255676,
          0.0,
          -0.966763
        ],
        [
          105.408,
          -1.96796,
          46.1324
        ]
      ]
    },
    {
      "name": "^ground_decal_dynamic_battlefield_dirt_d",
      "tm": [
        [
          -0.966763,
          0.0,
          -0.255676
        ],
        [
          0.0,
          1.0,
          0.0
        ],
        [
          0.255676,
          0.0,
          -0.966763
        ],
        [
          118.94,
          -2.50494,
          29.8118
        ]
      ]
    },
    {
      "name": "^ground_decal_dynamic_battlefield_dirt_d",
      "tm": [
        [
          0.00225446,
          0.0,
          0.999997
        ],
        [
          0.0,
          1.0,
          0.0
        ],
        [
          -0.999997,
          0.0,
          0.00225446
        ],
        [
          30.7583,
          0.162292,
          82.9324
        ]
      ]
    },
    {
      "name": "^ground_decal_dynamic_battlefield_dirt_d",
      "tm": [
        [
          0.00225446,
          0.0,
          0.999997
        ],
        [
          0.0,
          1.0,
          0.0
        ],
        [
          -0.999997,
          0.0,
          0.00225446
        ],
        [
          11.5004,
          0.426056,
          74.0664
        ]
      ]
    },
    {
      "name": "^ground_decal_dynamic_battlefield_dirt_d",
      "tm": [
        [
          0.897629,
          0.0,
          0.440751
        ],
        [
          0.0,
          1.0,
          0.0
        ],
        [
          -0.440751,
          0.0,
          0.897629
        ],
        [
          80.7583,
          -0.629089,
          92.3824
        ]
      ]
    },
    {
      "name": "^ground_decal_dynamic_battlefield_dirt_d",
      "tm": [
        [
          0.897629,
          0.0,
          0.440751
        ],
        [
          0.0,
          1.0,
          0.0
        ],
        [
          -0.440751,
          0.0,
          0.897629
        ],
        [
          75.6084,
          -0.941132,
          70.8824
        ]
      ]
    },
    {
      "name": "^ground_decal_dynamic_battlefield_dirt_d",
      "tm": [
        [
          -0.492992,
          0.0,
          -0.870034
        ],
        [
          0.0,
          1.0,
          0.0
        ],
        [
          0.870034,
          0.0,
          -0.492992
        ],
        [
          -48.9077,
          1.95663,
          84.4244
        ]
      ]
    },
    {
      "name": "^ground_decal_dynamic_battlefield_dirt_d",
      "tm": [
        [
          -0.492992,
          0.0,
          -0.870034
        ],
        [
          0.0,
          1.0,
          0.0
        ],
        [
          0.870034,
          0.0,
          -0.492992
        ],
        [
          -28.5067,
          1.42276,
          80.7704
        ]
      ]
    },
    {
      "name": "^ground_decal_dynamic_battlefield_dirt_d",
      "tm": [
        [
          -0.319376,
          0.0,
          -0.947628
        ],
        [
          0.0,
          1.0,
          0.0
        ],
        [
          0.947628,
          0.0,
          -0.319376
        ],
        [
          -51.2757,
          1.65494,
          63.7794
        ]
      ]
    },
    {
      "name": "^ground_decal_dynamic_battlefield_dirt_d",
      "tm": [
        [
          -0.319376,
          0.0,
          -0.947628
        ],
        [
          0.0,
          1.0,
          0.0
        ],
        [
          0.947628,
          0.0,
          -0.319376
        ],
        [
          -30.5527,
          1.19006,
          64.0544
        ]
      ]
    },
    {
      "name": "^ground_decal_dynamic_battlefield_dirt_d",
      "tm": [
        [
          0.420661,
          0.0,
          -0.907218
        ],
        [
          0.0,
          1.0,
          0.0
        ],
        [
          0.907218,
          0.0,
          0.420661
        ],
        [
          -140.868,
          3.27255,
          45.2304
        ]
      ]
    },
    {
      "name": "^ground_decal_dynamic_battlefield_dirt_d",
      "tm": [
        [
          0.187752,
          0.0,
          -0.982216
        ],
        [
          0.0,
          1.0,
          0.0
        ],
        [
          0.982216,
          0.0,
          0.187752
        ],
        [
          -125.757,
          2.48221,
          20.7944
        ]
      ]
    },
    {
      "name": "^ground_decal_dynamic_battlefield_dirt_d",
      "tm": [
        [
          -0.200158,
          0.0,
          -0.979764
        ],
        [
          0.0,
          1.0,
          0.0
        ],
        [
          0.979764,
          0.0,
          -0.200158
        ],
        [
          -118.605,
          3.2117,
          67.0974
        ]
      ]
    },
    {
      "name": "^ground_decal_dynamic_battlefield_dirt_d",
      "tm": [
        [
          -0.200158,
          0.0,
          -0.979764
        ],
        [
          0.0,
          1.0,
          0.0
        ],
        [
          0.979764,
          0.0,
          -0.200158
        ],
        [
          -98.4756,
          2.87613,
          72.1394
        ]
      ]
    },
    {
      "name": "^ground_decal_dynamic_battlefield_dirt_d",
      "tm": [
        [
          0.957535,
          0.0,
          0.288317
        ],
        [
          0.0,
          1.0,
          0.0
        ],
        [
          -0.288317,
          0.0,
          0.957535
        ],
        [
          -95.3766,
          0.695709,
          -38.6857
        ]
      ]
    },
    {
      "name": "^ground_decal_dynamic_battlefield_dirt_d",
      "tm": [
        [
          0.957535,
          0.0,
          0.288317
        ],
        [
          0.0,
          1.0,
          0.0
        ],
        [
          -0.288317,
          0.0,
          0.957535
        ],
        [
          -109.454,
          1.30014,
          -22.8338
        ]
      ]
    },
    {
      "name": "^ground_decal_dynamic_battlefield_dirt_c",
      "tm": [
        [
          0.447954,
          0.0,
          0.894057
        ],
        [
          0.0,
          1.0,
          0.0
        ],
        [
          -0.894057,
          0.0,
          0.447954
        ],
        [
          1.44935,
          -1.08737,
          -19.5271
        ]
      ]
    },
    {
      "name": "^ground_decal_dynamic_battlefield_dirt_c",
      "tm": [
        [
          -0.893096,
          0.0,
          0.449866
        ],
        [
          0.0,
          1.0,
          0.0
        ],
        [
          -0.449866,
          0.0,
          -0.893096
        ],
        [
          -4.08965,
          -0.941223,
          -18.7791
        ]
      ]
    },
    {
      "name": "^ground_decal_dynamic_battlefield_dirt_c",
      "tm": [
        [
          -0.893096,
          0.0,
          0.449866
        ],
        [
          0.0,
          1.0,
          0.0
        ],
        [
          -0.449866,
          0.0,
          -0.893096
        ],
        [
          -10.1327,
          -1.01981,
          -30.4598
        ]
      ]
    },
    {
      "name": "^ground_decal_dynamic_battlefield_dirt_c",
      "tm": [
        [
          -0.893096,
          0.0,
          0.449866
        ],
        [
          0.0,
          1.0,
          0.0
        ],
        [
          -0.449866,
          0.0,
          -0.893096
        ],
        [
          -8.88265,
          -0.918335,
          -23.5808
        ]
      ]
    },
    {
      "name": "^ground_decal_dynamic_battlefield_dirt_c",
      "tm": [
        [
          0.995828,
          0.0,
          0.0912464
        ],
        [
          0.0,
          1.0,
          0.0
        ],
        [
          -0.0912464,
          0.0,
          0.995828
        ],
        [
          64.0083,
          -1.5372,
          28.0147
        ]
      ]
    },
    {
      "name": "^ground_decal_dynamic_battlefield_dirt_c",
      "tm": [
        [
          -0.0891161,
          0.0,
          0.996021
        ],
        [
          0.0,
          1.0,
          0.0
        ],
        [
          -0.996021,
          0.0,
          -0.0891161
        ],
        [
          61.7213,
          -1.39651,
          33.1147
        ]
      ]
    },
    {
      "name": "^ground_decal_dynamic_battlefield_dirt_c",
      "tm": [
        [
          -0.0891161,
          0.0,
          0.996021
        ],
        [
          0.0,
          1.0,
          0.0
        ],
        [
          -0.996021,
          0.0,
          -0.0891161
        ],
        [
          48.6104,
          -1.16612,
          32.0843
        ]
      ]
    },
    {
      "name": "^ground_decal_dynamic_battlefield_dirt_c",
      "tm": [
        [
          0.447954,
          0.0,
          0.894057
        ],
        [
          0.0,
          1.0,
          0.0
        ],
        [
          -0.894057,
          0.0,
          0.447954
        ],
        [
          -90.9257,
          2.12219,
          41.1854
        ]
      ]
    },
    {
      "name": "^ground_decal_dynamic_battlefield_dirt_c",
      "tm": [
        [
          -0.893096,
          0.0,
          0.449866
        ],
        [
          0.0,
          1.0,
          0.0
        ],
        [
          -0.449866,
          0.0,
          -0.893096
        ],
        [
          -96.4657,
          2.25681,
          41.9334
        ]
      ]
    },
    {
      "name": "^ground_decal_dynamic_battlefield_dirt_c",
      "tm": [
        [
          -0.893096,
          0.0,
          0.449866
        ],
        [
          0.0,
          1.0,
          0.0
        ],
        [
          -0.449866,
          0.0,
          -0.893096
        ],
        [
          -102.508,
          2.16364,
          30.2524
        ]
      ]
    },
    {
      "name": "^ground_decal_dynamic_battlefield_dirt_c",
      "tm": [
        [
          -0.893096,
          0.0,
          0.449866
        ],
        [
          0.0,
          1.0,
          0.0
        ],
        [
          -0.449866,
          0.0,
          -0.893096
        ],
        [
          -101.259,
          2.26794,
          37.1314
        ]
      ]
    },
    {
      "name": "^ground_decal_dynamic_battlefield_dirt_c",
      "tm": [
        [
          -0.893096,
          0.0,
          0.449866
        ],
        [
          0.0,
          1.0,
          0.0
        ],
        [
          -0.449866,
          0.0,
          -0.893096
        ],
        [
          -7.41265,
          -0.327209,
          9.24956
        ]
      ]
    },
    {
      "name": "^ground_decal_dynamic_battlefield_dirt_c",
      "tm": [
        [
          -0.882138,
          0.0,
          0.470991
        ],
        [
          0.0,
          1.0,
          0.0
        ],
        [
          -0.470991,
          0.0,
          -0.882138
        ],
        [
          -27.3336,
          0.461609,
          25.7073
        ]
      ]
    },
    {
      "name": "^ground_decal_dynamic_battlefield_dirt_c",
      "tm": [
        [
          -0.523446,
          0.0,
          0.852059
        ],
        [
          0.0,
          1.0,
          0.0
        ],
        [
          -0.852059,
          0.0,
          -0.523446
        ],
        [
          -54.8257,
          0.499023,
          -3.37574
        ]
      ]
    },
    {
      "name": "^ground_decal_dynamic_battlefield_dirt_c",
      "tm": [
        [
          -0.523446,
          0.0,
          0.852059
        ],
        [
          0.0,
          1.0,
          0.0
        ],
        [
          -0.852059,
          0.0,
          -0.523446
        ],
        [
          -31.9097,
          5.74469,
          4.30276
        ]
      ]
    },
    {
      "name": "^ground_decal_dynamic_battlefield_dirt_c",
      "tm": [
        [
          -0.893096,
          0.0,
          0.449866
        ],
        [
          0.0,
          1.0,
          0.0
        ],
        [
          -0.449866,
          0.0,
          -0.893096
        ],
        [
          81.5524,
          -2.78308,
          -19.7594
        ]
      ]
    },
    {
      "name": "^ground_decal_dynamic_battlefield_dirt_c",
      "tm": [
        [
          -0.882138,
          0.0,
          0.470991
        ],
        [
          0.0,
          1.0,
          0.0
        ],
        [
          -0.470991,
          0.0,
          -0.882138
        ],
        [
          61.6324,
          -2.08929,
          -3.30175
        ]
      ]
    },
    {
      "name": "^ground_decal_dynamic_battlefield_dirt_c",
      "tm": [
        [
          -0.523446,
          0.0,
          0.852059
        ],
        [
          0.0,
          1.0,
          0.0
        ],
        [
          -0.852059,
          0.0,
          -0.523446
        ],
        [
          34.1404,
          -2.11243,
          -32.3847
        ]
      ]
    },
    {
      "name": "^ground_decal_dynamic_battlefield_dirt_c",
      "tm": [
        [
          -0.523446,
          0.0,
          0.852059
        ],
        [
          0.0,
          1.0,
          0.0
        ],
        [
          -0.852059,
          0.0,
          -0.523446
        ],
        [
          57.0553,
          -2.41013,
          -24.7062
        ]
      ]
    },
    {
      "name": "^ground_decal_dynamic_battlefield_dirt_c",
      "tm": [
        [
          -0.523446,
          0.0,
          0.852059
        ],
        [
          0.0,
          1.0,
          0.0
        ],
        [
          -0.852059,
          0.0,
          -0.523446
        ],
        [
          38.1884,
          -2.50684,
          -48.6311
        ]
      ]
    },
    {
      "name": "^ground_decal_dynamic_battlefield_dirt_c",
      "tm": [
        [
          -0.523446,
          0.0,
          0.852059
        ],
        [
          0.0,
          1.0,
          0.0
        ],
        [
          -0.852059,
          0.0,
          -0.523446
        ],
        [
          124.992,
          -3.97098,
          -41.7608
        ]
      ]
    },
    {
      "name": "^ground_decal_dynamic_battlefield_dirt_c",
      "tm": [
        [
          -0.523446,
          0.0,
          0.852059
        ],
        [
          0.0,
          1.0,
          0.0
        ],
        [
          -0.852059,
          0.0,
          -0.523446
        ],
        [
          121.292,
          -3.26582,
          -8.03434
        ]
      ]
    },
    {
      "name": "^ground_decal_dynamic_battlefield_dirt_c",
      "tm": [
        [
          -0.523446,
          0.0,
          0.852059
        ],
        [
          0.0,
          1.0,
          0.0
        ],
        [
          -0.852059,
          0.0,
          -0.523446
        ],
        [
          112.121,
          -4.05708,
          -57.5373
        ]
      ]
    },
    {
      "name": "^ground_decal_dynamic_battlefield_dirt_c",
      "tm": [
        [
          -0.812166,
          0.0,
          -0.583426
        ],
        [
          0.0,
          1.0,
          0.0
        ],
        [
          0.583426,
          0.0,
          -0.812166
        ],
        [
          -87.2137,
          -0.119598,
          -71.9326
        ]
      ]
    },
    {
      "name": "^ground_decal_dynamic_battlefield_dirt_c",
      "tm": [
        [
          0.581687,
          0.0,
          -0.813413
        ],
        [
          0.0,
          1.0,
          0.0
        ],
        [
          0.813413,
          0.0,
          0.581687
        ],
        [
          -82.6566,
          -0.28479,
          -75.1686
        ]
      ]
    },
    {
      "name": "^ground_decal_dynamic_battlefield_dirt_c",
      "tm": [
        [
          0.581687,
          0.0,
          -0.813413
        ],
        [
          0.0,
          1.0,
          0.0
        ],
        [
          0.813413,
          0.0,
          0.581687
        ],
        [
          -71.8777,
          -0.385193,
          -67.6356
        ]
      ]
    },
    {
      "name": "^ground_decal_dynamic_battlefield_dirt_c",
      "tm": [
        [
          0.581687,
          0.0,
          -0.813413
        ],
        [
          0.0,
          1.0,
          0.0
        ],
        [
          0.813413,
          0.0,
          0.581687
        ],
        [
          -76.1806,
          -0.3927,
          -73.1456
        ]
      ]
    },
    {
      "name": "^ground_decal_dynamic_battlefield_dirt_c",
      "tm": [
        [
          -0.709729,
          0.0,
          -0.704475
        ],
        [
          0.0,
          1.0,
          0.0
        ],
        [
          0.704475,
          0.0,
          -0.709729
        ],
        [
          22.8023,
          -3.19028,
          -101.472
        ]
      ]
    },
    {
      "name": "^ground_decal_dynamic_battlefield_dirt_c",
      "tm": [
        [
          0.702955,
          0.0,
          -0.711234
        ],
        [
          0.0,
          1.0,
          0.0
        ],
        [
          0.711234,
          0.0,
          0.702955
        ],
        [
          27.8143,
          -3.34512,
          -103.948
        ]
      ]
    },
    {
      "name": "^ground_decal_dynamic_battlefield_dirt_c",
      "tm": [
        [
          0.702955,
          0.0,
          -0.711234
        ],
        [
          0.0,
          1.0,
          0.0
        ],
        [
          0.711234,
          0.0,
          0.702955
        ],
        [
          37.2663,
          -3.3699,
          -94.8036
        ]
      ]
    },
    {
      "name": "^ground_decal_dynamic_battlefield_dirt_c",
      "tm": [
        [
          0.702955,
          0.0,
          -0.711234
        ],
        [
          0.0,
          1.0,
          0.0
        ],
        [
          0.711234,
          0.0,
          0.702955
        ],
        [
          33.8884,
          -3.41769,
          -100.926
        ]
      ]
    },
    {
      "name": "^ground_decal_dynamic_battlefield_dirt_c",
      "tm": [
        [
          0.85782,
          0.0,
          -0.513951
        ],
        [
          0.0,
          1.0,
          0.0
        ],
        [
          0.513951,
          0.0,
          0.85782
        ],
        [
          96.8233,
          -4.35428,
          -86.8636
        ]
      ]
    },
    {
      "name": "^ground_decal_dynamic_battlefield_dirt_c",
      "tm": [
        [
          0.85782,
          0.0,
          -0.513951
        ],
        [
          0.0,
          1.0,
          0.0
        ],
        [
          0.513951,
          0.0,
          0.85782
        ],
        [
          98.5733,
          -4.25848,
          -80.0936
        ]
      ]
    },
    {
      "name": "^ground_decal_dynamic_battlefield_dirt_c",
      "tm": [
        [
          0.85782,
          0.0,
          -0.513951
        ],
        [
          0.0,
          1.0,
          0.0
        ],
        [
          0.513951,
          0.0,
          0.85782
        ],
        [
          91.6924,
          -4.34119,
          -91.3016
        ]
      ]
    },
    {
      "name": "^ground_decal_dynamic_battlefield_dirt_c",
      "tm": [
        [
          -0.512115,
          0.0,
          -0.858917
        ],
        [
          0.0,
          1.0,
          0.0
        ],
        [
          0.858917,
          0.0,
          -0.512115
        ],
        [
          86.2224,
          -4.21478,
          -90.1506
        ]
      ]
    },
    {
      "name": "^ground_decal_dynamic_battlefield_dirt_c",
      "tm": [
        [
          0.511123,
          0.0,
          0.859508
        ],
        [
          0.0,
          1.0,
          0.0
        ],
        [
          -0.859508,
          0.0,
          0.511123
        ],
        [
          26.7033,
          -2.94743,
          -84.9026
        ]
      ]
    },
    {
      "name": "^ground_decal_dynamic_battlefield_dirt_c",
      "tm": [
        [
          -0.847515,
          0.0,
          -0.530772
        ],
        [
          0.0,
          1.0,
          0.0
        ],
        [
          0.530772,
          0.0,
          -0.847515
        ],
        [
          -111.29,
          0.695953,
          -56.5751
        ]
      ]
    },
    {
      "name": "^ground_decal_dynamic_battlefield_dirt_c",
      "tm": [
        [
          0.511123,
          0.0,
          0.859508
        ],
        [
          0.0,
          1.0,
          0.0
        ],
        [
          -0.859508,
          0.0,
          0.511123
        ],
        [
          6.75235,
          -2.43423,
          -80.8396
        ]
      ]
    },
    {
      "name": "^ground_decal_dynamic_battlefield_dirt_c",
      "tm": [
        [
          0.0204334,
          0.0,
          0.999791
        ],
        [
          0.0,
          1.0,
          0.0
        ],
        [
          -0.999791,
          0.0,
          0.0204334
        ],
        [
          75.1124,
          -3.92378,
          -85.9996
        ]
      ]
    },
    {
      "name": "^ground_decal_dynamic_battlefield_dirt_c",
      "tm": [
        [
          0.0204334,
          0.0,
          0.999791
        ],
        [
          0.0,
          1.0,
          0.0
        ],
        [
          -0.999791,
          0.0,
          0.0204334
        ],
        [
          55.7543,
          -3.67493,
          -92.3106
        ]
      ]
    },
    {
      "name": "^ground_decal_dynamic_battlefield_dirt_c",
      "tm": [
        [
          0.647231,
          0.0,
          0.762294
        ],
        [
          0.0,
          1.0,
          0.0
        ],
        [
          -0.762294,
          0.0,
          0.647231
        ],
        [
          -3.50565,
          -2.56262,
          -98.1637
        ]
      ]
    },
    {
      "name": "^ground_decal_dynamic_battlefield_dirt_c",
      "tm": [
        [
          0.972794,
          0.0,
          -0.23167
        ],
        [
          0.0,
          1.0,
          0.0
        ],
        [
          0.23167,
          0.0,
          0.972794
        ],
        [
          -19.9257,
          -1.97409,
          -86.4786
        ]
      ]
    },
    {
      "name": "^ground_decal_dynamic_battlefield_dirt_c",
      "tm": [
        [
          -0.389289,
          0.0,
          -0.921116
        ],
        [
          0.0,
          1.0,
          0.0
        ],
        [
          0.921116,
          0.0,
          -0.389289
        ],
        [
          59.2403,
          -3.27335,
          -67.7736
        ]
      ]
    },
    {
      "name": "^ground_decal_dynamic_battlefield_dirt_c",
      "tm": [
        [
          -0.389289,
          0.0,
          -0.921116
        ],
        [
          0.0,
          1.0,
          0.0
        ],
        [
          0.921116,
          0.0,
          -0.389289
        ],
        [
          79.5593,
          -3.68582,
          -69.0816
        ]
      ]
    },
    {
      "name": "^ground_decal_dynamic_battlefield_dirt_c",
      "tm": [
        [
          -0.893096,
          0.0,
          0.449866
        ],
        [
          0.0,
          1.0,
          0.0
        ],
        [
          -0.449866,
          0.0,
          -0.893096
        ],
        [
          125.208,
          -2.57104,
          31.832
        ]
      ]
    },
    {
      "name": "^ground_decal_dynamic_battlefield_dirt_c",
      "tm": [
        [
          -0.699523,
          0.0,
          0.71461
        ],
        [
          0.0,
          1.0,
          0.0
        ],
        [
          -0.71461,
          0.0,
          -0.699523
        ],
        [
          -130.012,
          1.67651,
          -26.2271
        ]
      ]
    },
    {
      "name": "^ground_decal_dynamic_battlefield_dirt_c",
      "tm": [
        [
          -0.512115,
          0.0,
          -0.858917
        ],
        [
          0.0,
          1.0,
          0.0
        ],
        [
          0.858917,
          0.0,
          -0.512115
        ],
        [
          20.8083,
          -0.0903015,
          57.8824
        ]
      ]
    },
    {
      "name": "^ground_decal_dynamic_battlefield_dirt_c",
      "tm": [
        [
          0.0204334,
          0.0,
          0.999791
        ],
        [
          0.0,
