{
  "node": [
    {
      "name": "++NoTreesBox000",
      "tm": [
        [
          280.0,
          0.0,
          0.0
        ],
        [
          0.0,
          12.0,
          0.0
        ],
        [
          0.0,
          0.0,
          180.0
        ],
        [
          100.0,
          0.0,
          -30.0
        ]
      ]
    },
    {
      "name": "$det_trench_system_a",
      "tm": [
        [
          1.0,
          0.0,
          0.0
        ],
        [
          0.0,
          1.0,
          0.0
        ],
        [
          0.0,
          0.0,
          1.0
        ],
        [
          96.4666,
          0.0,
          -120.221
        ]
      ]
    },
    {
      "name": "$det_trench_system_c",
      "tm": [
        [
          1.0,
          0.0,
          0.0
        ],
        [
          0.0,
          1.0,
          0.0
        ],
        [
          0.0,
          0.0,
          1.0
        ],
        [
          168.305,
          0.0,
          -109.537
        ]
      ]
    },
    {
      "name": "$det_trench_system_d",
      "tm": [
        [
          1.0,
          0.0,
          0.0
        ],
        [
          0.0,
          1.0,
          0.0
        ],
        [
          0.0,
          0.0,
          1.0
        ],
        [
          141.221,
          0.0,
          -115.452
        ]
      ]
    },
    {
      "name": "$det_trench_half_b",
      "tm": [
        [
          -0.99017,
          0.0,
          0.139867
        ],
        [
          0.0,
          1.0,
          0.0
        ],
        [
          -0.139867,
          0.0,
          -0.99017
        ],
        [
          154.662,
          0.0,
          -44.733
        ]
      ]
    },
    {
      "name": "$det_trench_half_c",
      "tm": [
        [
          0.943276,
          0.0,
          0.332009
        ],
        [
          0.0,
          1.0,
          0.0
        ],
        [
          -0.332009,
          0.0,
          0.943276
        ],
        [
          151.442,
          0.0,
          -78.788
        ]
      ]
    },
    {
      "name": "$det_trench_system_c",
      "tm": [
        [
          0.906327,
          0.0,
          -0.422577
        ],
        [
          0.0,
          1.0,
          0.0
        ],
        [
          0.422577,
          0.0,
          0.906327
        ],
        [
          27.4278,
          0.0,
          -98.8281
        ]
      ]
    },
    {
      "name": "$det_trench_system_a",
      "tm": [
        [
          0.881174,
          0.0,
          -0.472793
        ],
        [
          0.0,
          1.0,
          0.0
        ],
        [
          0.472793,
          0.0,
          0.881174
        ],
        [
          -6.28481,
          0.0,
          -81.1153
        ]
      ]
    },
    {
      "name": "$det_trench_system_e",
      "tm": [
        [
          0.28512,
          0.0,
          -0.958492
        ],
        [
          0.0,
          1.0,
          0.0
        ],
        [
          0.958492,
          0.0,
          0.28512
        ],
        [
          -24.7674,
          -0.000038147,
          -59.0106
        ]
      ]
    },
    {
      "name": "$det_trench_system_c",
      "tm": [
        [
          -0.0688659,
          0.0,
          0.997626
        ],
        [
          0.0,
          1.0,
          0.0
        ],
        [
          -0.997626,
          0.0,
          -0.0688659
        ],
        [
          162.547,
          0.0,
          -60.0001
        ]
      ]
    },
    {
      "name": "$det_trench_system_c",
      "tm": [
        [
          0.746667,
          0.0,
          0.665198
        ],
        [
          0.0,
          1.0,
          0.0
        ],
        [
          -0.665198,
          0.0,
          0.746667
        ],
        [
          136.859,
          0.0,
          42.646
        ]
      ]
    },
    {
      "name": "$det_trench_system_b",
      "tm": [
        [
          0.15993,
          0.0,
          -0.987128
        ],
        [
          0.0,
          1.0,
          0.0
        ],
        [
          0.987128,
          0.0,
          0.15993
        ],
        [
          -43.1922,
          -0.000121117,
          -2.873
        ]
      ]
    },
    {
      "name": "$det_trench_system_c",
      "tm": [
        [
          0.83395,
          0.0,
          0.551839
        ],
        [
          0.0,
          1.0,
          0.0
        ],
        [
          -0.551839,
          0.0,
          0.83395
        ],
        [
          -26.3935,
          0.0000152588,
          14.166
        ]
      ]
    },
    {
      "name": "$det_trench_system_a",
      "tm": [
        [
          -0.888537,
          0.0,
          -0.458805
        ],
        [
          0.0,
          1.0,
          0.0
        ],
        [
          0.458805,
          0.0,
          -0.888537
        ],
        [
          -10.0649,
          -0.0000228882,
          29.382
        ]
      ]
    },
    {
      "name": "$det_trench_half_b",
      "tm": [
        [
          -0.730225,
          0.0,
          -0.683206
        ],
        [
          0.0,
          1.0,
          0.0
        ],
        [
          0.683206,
          0.0,
          -0.730225
        ],
        [
          -35.5635,
          0.0000400543,
          22.875
        ]
      ]
    },
    {
      "name": "$det_trench_system_d",
      "tm": [
        [
          -0.99988,
          0.0,
          0.0154695
        ],
        [
          0.0,
          1.0,
          0.0
        ],
        [
          -0.0154695,
          0.0,
          -0.99988
        ],
        [
          23.9644,
          0.0,
          35.878
        ]
      ]
    },
    {
      "name": "$det_trench_system_e",
      "tm": [
        [
          -0.998725,
          0.0,
          0.0504804
        ],
        [
          0.0,
          1.0,
          0.0
        ],
        [
          -0.0504804,
          0.0,
          -0.998725
        ],
        [
          48.5684,
          0.0,
          43.787
        ]
      ]
    },
    {
      "name": "$det_trench_system_b",
      "tm": [
        [
          -0.99401,
          0.0,
          -0.109292
        ],
        [
          0.0,
          1.0,
          0.0
        ],
        [
          0.109292,
          0.0,
          -0.99401
        ],
        [
          157.41,
          0.0,
          54.959
        ]
      ]
    },
    {
      "name": "$det_trench_system_e",
      "tm": [
        [
          -0.892998,
          0.0,
          -0.450061
        ],
        [
          0.0,
          1.0,
          0.0
        ],
        [
          0.450061,
          0.0,
          -0.892998
        ],
        [
          118.736,
          0.0,
          40.018
        ]
      ]
    },
    {
      "name": "$det_trench_system_b",
      "tm": [
        [
          -0.998974,
          0.0,
          0.045281
        ],
        [
          0.0,
          1.0,
          0.0
        ],
        [
          -0.045281,
          0.0,
          -0.998974
        ],
        [
          64.8867,
          0.0,
          -17.12
        ]
      ]
    },
    {
      "name": "$det_trench_system_b",
      "tm": [
        [
          -0.146475,
          0.0,
          0.989214
        ],
        [
          0.0,
          1.0,
          0.0
        ],
        [
          -0.989214,
          0.0,
          -0.146475
        ],
        [
          238.488,
          0.0,
          -51.495
        ]
      ]
    },
    {
      "name": "$det_trench_system_e",
      "tm": [
        [
          0.0378815,
          0.0,
          -0.999282
        ],
        [
          0.0,
          1.0,
          0.0
        ],
        [
          0.999282,
          0.0,
          0.0378815
        ],
        [
          220.959,
          0.0,
          -49.406
        ]
      ]
    },
    {
      "name": "$det_trench_system_d",
      "tm": [
        [
          0.731605,
          0.0,
          0.681729
        ],
        [
          0.0,
          1.0,
          0.0
        ],
        [
          -0.681729,
          0.0,
          0.731605
        ],
        [
          220.585,
          0.0,
          -79.6243
        ]
      ]
    },
    {
      "name": "$det_trench_system_d",
      "tm": [
        [
          -0.746522,
          0.0,
          0.665361
        ],
        [
          0.0,
          1.0,
          0.0
        ],
        [
          -0.665361,
          0.0,
          -0.746522
        ],
        [
          186.234,
          0.0,
          38.735
        ]
      ]
    },
    {
      "name": "$det_trench_system_a",
      "tm": [
        [
          -0.618267,
          0.0,
          0.785968
        ],
        [
          0.0,
          1.0,
          0.0
        ],
        [
          -0.785968,
          0.0,
          -0.618267
        ],
        [
          207.464,
          0.0,
          19.397
        ]
      ]
    },
    {
      "name": "$det_trench_system_a",
      "tm": [
        [
          0.68864,
          0.0,
          0.725103
        ],
        [
          0.0,
          1.0,
          0.0
        ],
        [
          -0.725103,
          0.0,
          0.68864
        ],
        [
          204.239,
          0.0,
          -102.234
        ]
      ]
    },
    {
      "name": "$det_trench_system_b",
      "tm": [
        [
          -0.0259087,
          0.0,
          -0.999664
        ],
        [
          0.0,
          1.0,
          0.0
        ],
        [
          0.999664,
          0.0,
          -0.0259087
        ],
        [
          135.733,
          0.0,
          -62.1576
        ]
      ]
    },
    {
      "name": "$box_b",
      "tm": [
        [
          0.783175,
          -0.0000507741,
          -0.621801
        ],
        [
          0.0000648311,
          1.0,
          0.0
        ],
        [
          0.621801,
          -0.0000403121,
          0.783175
        ],
        [
          3.36449,
          0.000115097,
          -5.43193
        ]
      ]
    },
    {
      "name": "$box_pile_a",
      "tm": [
        [
          -0.750682,
          0.0,
          -0.660664
        ],
        [
          0.0,
          1.0,
          0.0
        ],
        [
          0.660664,
          0.0,
          -0.750682
        ],
        [
          -4.02851,
          -0.210611,
          -5.83383
        ]
      ]
    },
    {
      "name": "$box_b",
      "tm": [
        [
          -0.452705,
          0.0,
          0.89166
        ],
        [
          0.0,
          1.0,
          0.0
        ],
        [
          -0.89166,
          0.0,
          -0.452705
        ],
        [
          9.20774,
          0.0,
          -91.2137
        ]
      ]
    },
    {
      "name": "$box_pile_a",
      "tm": [
        [
          0.957743,
          -0.0,
          0.287627
        ],
        [
          0.0,
          1.0,
          0.0
        ],
        [
          -0.287627,
          0.0,
          0.957742
        ],
        [
          16.0954,
          0.0,
          -93.93
        ]
      ]
    },
    {
      "name": "$box_b",
      "tm": [
        [
          0.783173,
          0.0,
          -0.621804
        ],
        [
          0.0,
          1.0,
          0.0
        ],
        [
          0.621804,
          -0.0,
          0.783173
        ],
        [
          95.4036,
          0.0,
          -65.3974
        ]
      ]
    },
    {
      "name": "$box_pile_a",
      "tm": [
        [
          -0.750682,
          0.0,
          -0.660664
        ],
        [
          0.0,
          1.0,
          0.0
        ],
        [
          0.660664,
          0.0,
          -0.750682
        ],
        [
          88.0106,
          0.0,
          -65.7993
        ]
      ]
    },
    {
      "name": "$box_b",
      "tm": [
        [
          -0.868982,
          0.0,
          0.494843
        ],
        [
          0.0,
          1.0,
          0.0
        ],
        [
          -0.494843,
          0.0,
          -0.868982
        ],
        [
          115.788,
          0.0,
          -121.268
        ]
      ]
    },
    {
      "name": "$box_pile_a",
      "tm": [
        [
          0.640925,
          0.0,
          0.767603
        ],
        [
          -0.0,
          1.0,
          0.0
        ],
        [
          -0.767603,
          -0.0,
          0.640925
        ],
        [
          123.032,
          0.0,
          -119.741
        ]
      ]
    },
    {
      "name": "$box_b",
      "tm": [
        [
          -0.969905,
          -0.0,
          0.243484
        ],
        [
          -0.0,
          1.0,
          0.0
        ],
        [
          -0.243484,
          0.0,
          -0.969905
        ],
        [
          178.5,
          0.0,
          -111.601
        ]
      ]
    },
    {
      "name": "$box_pile_a",
      "tm": [
        [
          0.411414,
          0.0,
          0.911449
        ],
        [
          -0.0,
          1.0,
          0.0
        ],
        [
          -0.911449,
          -0.0,
          0.411414
        ],
        [
          185.07,
          0.0,
          -108.186
        ]
      ]
    },
    {
      "name": "$box_b",
      "tm": [
        [
          0.275098,
          0.0,
          -0.961416
        ],
        [
          0.0,
          1.0,
          0.0
        ],
        [
          0.961416,
          -0.0,
          0.275098
        ],
        [
          149.341,
          0.0,
          -14.2564
        ]
      ]
    },
    {
      "name": "$box_pile_a",
      "tm": [
        [
          -0.99494,
          0.0,
          -0.100473
        ],
        [
          -0.0,
          1.0,
          0.0
        ],
        [
          0.100473,
          0.0,
          -0.99494
        ],
        [
          143.095,
          0.0,
          -10.2812
        ]
      ]
    },
    {
      "name": "$sandbags_d",
      "tm": [
        [
          0.963177,
          0.0,
          0.268868
        ],
        [
          0.0,
          1.0,
          0.0
        ],
        [
          -0.268868,
          0.0,
          0.963177
        ],
        [
          0.153901,
          0.5,
          3.94025
        ]
      ]
    },
    {
      "name": "$sandbag_a_a",
      "tm": [
        [
          0.807495,
          0.0,
          -0.589874
        ],
        [
          0.0,
          1.0,
          0.0
        ],
        [
          0.589874,
          0.0,
          0.807495
        ],
        [
          1.43402,
          0.5,
          2.54976
        ]
      ]
    },
    {
      "name": "$sandbag_a_a",
      "tm": [
        [
          0.961918,
          0.0,
          -0.273339
        ],
        [
          0.0,
          1.0,
          0.0
        ],
        [
          0.273339,
          0.0,
          0.961918
        ],
        [
          0.971345,
          0.5,
          6.01353
        ]
      ]
    },
    {
      "name": "$sandbag_a_a",
      "tm": [
        [
          0.331308,
          0.0,
          0.943523
        ],
        [
          0.0,
          1.0,
          0.0
        ],
        [
          -0.943523,
          0.0,
          0.331308
        ],
        [
          -0.343106,
          0.5,
          1.6866
        ]
      ]
    },
    {
      "name": "$sandbag_a",
      "tm": [
        [
          0.472418,
          0.0,
          0.881374
        ],
        [
          0.0,
          1.0,
          0.0
        ],
        [
          -0.881374,
          0.0,
          0.472418
        ],
        [
          2.43616,
          0.5,
          2.01611
        ]
      ]
    },
    {
      "name": "$sandbag_a",
      "tm": [
        [
          0.90533,
          0.0,
          0.424709
        ],
        [
          0.0,
          1.0,
          0.0
        ],
        [
          -0.424709,
          0.0,
          0.90533
        ],
        [
          5.6524,
          0.5,
          -100.808
        ]
      ]
    },
    {
      "name": "$sandbag_a",
      "tm": [
        [
          -0.610282,
          0.0,
          -0.792184
        ],
        [
          0.0,
          1.0,
          -0.0
        ],
        [
          0.792184,
          0.0,
          -0.610282
        ],
        [
          6.28289,
          0.5,
          -98.7995
        ]
      ]
    },
    {
      "name": "$sandbag_a",
      "tm": [
        [
          0.142504,
          0.0,
          -0.989794
        ],
        [
          0.0,
          1.0,
          0.0
        ],
        [
          0.989794,
          0.0,
          0.142504
        ],
        [
          92.0933,
          0.5,
          -57.9126
        ]
      ]
    },
    {
      "name": "$sandbags_d",
      "tm": [
        [
          -0.52081,
          0.0,
          -0.853673
        ],
        [
          0.0,
          1.0,
          0.0
        ],
        [
          0.853673,
          0.0,
          -0.52081
        ],
        [
          120.392,
          0.5,
          -130.039
        ]
      ]
    },
    {
      "name": "$sandbag_a",
      "tm": [
        [
          -0.738857,
          0.0,
          -0.673862
        ],
        [
          0.0,
          1.0,
          0.0
        ],
        [
          0.673862,
          0.0,
          -0.738857
        ],
        [
          121.725,
          0.5,
          -131.826
        ]
      ]
    },
    {
      "name": "$sandbag_a_a",
      "tm": [
        [
          -0.268915,
          0.0,
          -0.963164
        ],
        [
          0.0,
          1.0,
          0.0
        ],
        [
          0.963164,
          0.0,
          -0.268915
        ],
        [
          117.746,
          0.5,
          -128.659
        ]
      ]
    },
    {
      "name": "$sandbags_d",
      "tm": [
        [
          -0.318942,
          0.0,
          -0.947774
        ],
        [
          0.0,
          1.0,
          0.0
        ],
        [
          0.947774,
          0.0,
          -0.318942
        ],
        [
          185.29,
          0.5,
          -118.815
        ]
      ]
    },
    {
      "name": "$sandbag_a",
      "tm": [
        [
          -0.627903,
          0.0,
          -0.778291
        ],
        [
          0.0,
          1.0,
          0.0
        ],
        [
          0.778291,
          0.0,
          -0.627903
        ],
        [
          183.84,
          0.5,
          -120.027
        ]
      ]
    },
    {
      "name": "$sandbag_a",
      "tm": [
        [
          0.398125,
          0.0,
          -0.917332
        ],
        [
          0.0,
          1.0,
          0.0
        ],
        [
          0.917332,
          0.0,
          0.398125
        ],
        [
          185.629,
          0.5,
          -116.257
        ]
      ]
    },
    {
      "name": "$sandbag_a_a",
      "tm": [
        [
          0.207846,
          0.0,
          -0.978162
        ],
        [
          0.0,
          1.0,
          0.0
        ],
        [
          0.978162,
          0.0,
          0.207846
        ],
        [
          184.542,
          0.5,
          -116.632
        ]
      ]
    },
    {
      "name": "$sandbag_a",
      "tm": [
        [
          -0.00595805,
          0.0,
          -0.999982
        ],
        [
          0.0,
          1.0,
          0.0
        ],
        [
          0.999982,
          0.0,
          -0.00595805
        ],
        [
          182.374,
          0.5,
          -118.18
        ]
      ]
    },
    {
      "name": "$sandbags_d",
      "tm": [
        [
          0.793418,
          0.0,
          -0.608678
        ],
        [
          0.0,
          1.0,
          0.0
        ],
        [
          0.608678,
          0.0,
          0.793418
        ],
        [
          152.184,
          0.5,
          -4.76608
        ]
      ]
    },
    {
      "name": "$sandbag_a",
      "tm": [
        [
          0.229461,
          0.0,
          -0.973318
        ],
        [
          0.0,
          1.0,
          0.0
        ],
        [
          0.973318,
          0.0,
          0.229461
        ],
        [
          154.393,
          0.5,
          -4.47093
        ]
      ]
    },
    {
      "name": "$sandbag_a_a",
      "tm": [
        [
          0.855569,
          0.0,
          0.517688
        ],
        [
          0.0,
          1.0,
          0.0
        ],
        [
          -0.517688,
          0.0,
          0.855569
        ],
        [
          150.367,
          0.5,
          -6.18971
        ]
      ]
    },
    {
      "name": "$sandbag_a_a",
      "tm": [
        [
          0.911552,
          0.0,
          0.411185
        ],
        [
          0.0,
          1.0,
          0.0
        ],
        [
          -0.411185,
          0.0,
          0.911552
        ],
        [
          152.821,
          0.5,
          -7.68228
        ]
      ]
    },
    {
      "name": "$sandbags_a_c",
      "tm": [
        [
          -0.0178488,
          0.0,
          1.23038
        ],
        [
          0.0,
          1.23051,
          0.0
        ],
        [
          -1.23038,
          0.0,
          -0.0178488
        ],
        [
          3.93906,
          0.5,
          3.02791
        ]
      ]
    },
    {
      "name": "$sandbags_f",
      "tm": [
        [
          0.998276,
          0.0,
          -0.0586959
        ],
        [
          1.02627e-8,
          1.0,
          1.74544e-7
        ],
        [
          0.0586959,
          -1.74846e-7,
          0.998276
        ],
        [
          4.12407,
          0.5,
          0.894974
        ]
      ]
    },
    {
      "name": "$sandbags_d",
      "tm": [
        [
          0.0244039,
          0.0,
          -1.19555
        ],
        [
          0.0,
          1.1958,
          0.0
        ],
        [
          1.19555,
          0.0,
          0.0244039
        ],
        [
          5.03379,
          0.5,
          -1.96643
        ]
      ]
    },
    {
      "name": "$sandbags_a_a",
      "tm": [
        [
          -1.23038,
          0.0,
          -0.0178488
        ],
        [
          0.0,
          1.23051,
          0.0
        ],
        [
          0.0178488,
          0.0,
          -1.23038
        ],
        [
          -2.37562,
          0.5,
          4.89792
        ]
      ]
    },
    {
      "name": "$sandbags_f",
      "tm": [
        [
          0.0586959,
          0.0,
          0.998276
        ],
        [
          -1.74544e-7,
          1.0,
          1.02627e-8
        ],
        [
          -0.998276,
          -1.74846e-7,
          0.0586959
        ],
        [
          0.323813,
          0.5,
          4.67694
        ]
      ]
    },
    {
      "name": "$sandbags_a_a",
      "tm": [
        [
          1.19555,
          0.0,
          0.0244038
        ],
        [
          0.0,
          1.1958,
          0.0
        ],
        [
          -0.0244038,
          0.0,
          1.19555
        ],
        [
          3.11741,
          0.5,
          4.55925
        ]
      ]
    },
    {
      "name": "$sandbags_a_c",
      "tm": [
        [
          0.0178487,
          0.0,
          -1.23038
        ],
        [
          0.0,
          1.23051,
          0.0
        ],
        [
          1.23038,
          0.0,
          0.0178487
        ],
        [
          -3.82391,
          0.5,
          -2.03897
        ]
      ]
    },
    {
      "name": "$sandbags_f",
      "tm": [
        [
          -0.998276,
          0.0,
          0.058696
        ],
        [
          -1.02627e-8,
          1.0,
          -1.74544e-7
        ],
        [
          -0.058696,
          -1.74846e-7,
          -0.998276
        ],
        [
          -4.00893,
          0.5,
          0.0939484
        ]
      ]
    },
    {
      "name": "$sandbags_d",
      "tm": [
        [
          -0.0244037,
          0.0,
          1.19555
        ],
        [
          0.0,
          1.1958,
          0.0
        ],
        [
          -1.19555,
          0.0,
          -0.0244037
        ],
        [
          -4.91865,
          0.5,
          2.95535
        ]
      ]
    },
    {
      "name": "$sandbags_a_c",
      "tm": [
        [
          -0.496635,
          0.0,
          -1.12584
        ],
        [
          0.0,
          1.23051,
          0.0
        ],
        [
          1.12584,
          0.0,
          -0.496635
        ],
        [
          5.15915,
          0.5,
          -98.6641
        ]
      ]
    },
    {
      "name": "$sandbags_f",
      "tm": [
        [
          -0.882951,
          0.0,
          0.469465
        ],
        [
          -8.20839e-8,
          1.0,
          -1.5438e-7
        ],
        [
          -0.469465,
          -1.74846e-7,
          -0.882951
        ],
        [
          5.88004,
          0.5,
          -96.6482
        ]
      ]
    },
    {
      "name": "$sandbags_d",
      "tm": [
        [
          0.476157,
          0.0,
          1.09691
        ],
        [
          0.0,
          1.1958,
          0.0
        ],
        [
          -1.09691,
          0.0,
          0.476157
        ],
        [
          6.24584,
          0.5,
          -93.668
        ]
      ]
    },
    {
      "name": "$sandbags_a_c",
      "tm": [
        [
          1.12584,
          0.0,
          -0.496635
        ],
        [
          0.0,
          1.23051,
          0.0
        ],
        [
          0.496635,
          0.0,
          1.12584
        ],
        [
          10.2944,
          0.5,
          -102.67
        ]
      ]
    },
    {
      "name": "$sandbags_f",
      "tm": [
        [
          -0.469465,
          0.0,
          -0.882951
        ],
        [
          1.5438e-7,
          1.0,
          -8.20839e-8
        ],
        [
          0.882951,
          -1.74846e-7,
          -0.469465
        ],
        [
          8.2785,
          0.5,
          -101.949
        ]
      ]
    },
    {
      "name": "$sandbags_d",
      "tm": [
        [
          -1.09691,
          0.0,
          0.476157
        ],
        [
          0.0,
          1.1958,
          0.0
        ],
        [
          -0.476157,
          0.0,
          -1.09691
        ],
        [
          5.29833,
          0.5,
          -101.583
        ]
      ]
    },
    {
      "name": "$sandbags_a_a",
      "tm": [
        [
          0.496635,
          0.0,
          1.12584
        ],
        [
          0.0,
          1.23051,
          0.0
        ],
        [
          -1.12584,
          0.0,
          0.496635
        ],
        [
          14.6541,
          0.5,
          -97.469
        ]
      ]
    },
    {
      "name": "$sandbags_f",
      "tm": [
        [
          0.882951,
          0.0,
          -0.469465
        ],
        [
          8.20839e-8,
          1.0,
          1.5438e-7
        ],
        [
          0.469465,
          -1.74846e-7,
          0.882951
        ],
        [
          13.328,
          0.5,
          -99.8307
        ]
      ]
    },
    {
      "name": "$sandbags_a_a",
      "tm": [
        [
          -0.476157,
          0.0,
          -1.09691
        ],
        [
          0.0,
          1.1958,
          0.0
        ],
        [
          1.09691,
          0.0,
          -0.476157
        ],
        [
          12.0566,
          0.5,
          -102.321
        ]
      ]
    },
    {
      "name": "$sandbags_a_a",
      "tm": [
        [
          -0.0178488,
          0.0,
          1.23038
        ],
        [
          0.0,
          1.23051,
          0.0
        ],
        [
          -1.23038,
          0.0,
          -0.0178488
        ],
        [
          96.3478,
          0.5,
          -56.9604
        ]
      ]
    },
    {
      "name": "$sandbags_f",
      "tm": [
        [
          0.998276,
          0.0,
          -0.0586959
        ],
        [
          1.02627e-8,
          1.0,
          1.74544e-7
        ],
        [
          0.0586959,
          -1.74846e-7,
          0.998276
        ],
        [
          96.1269,
          0.5,
          -59.6598
        ]
      ]
    },
    {
      "name": "$sandbags_a_a",
      "tm": [
        [
          0.0244039,
          0.0,
          -1.19555
        ],
        [
          0.0,
          1.1958,
          0.0
        ],
        [
          1.19555,
          0.0,
          0.0244039
        ],
        [
          96.0092,
          0.5,
          -62.4534
        ]
      ]
    },
    {
      "name": "$sandbags_a_c",
      "tm": [
        [
          -1.23038,
          0.0,
          -0.0178488
        ],
        [
          0.0,
          1.23051,
          0.0
        ],
        [
          0.0178488,
          0.0,
          -1.23038
        ],
        [
          89.6407,
          0.5,
          -55.4372
        ]
      ]
    },
    {
      "name": "$sandbags_f",
      "tm": [
        [
          0.0586959,
          0.0,
          0.998276
        ],
        [
          -1.74544e-7,
          1.0,
          1.02627e-8
        ],
        [
          -0.998276,
          -1.74846e-7,
          0.0586959
        ],
        [
          91.7736,
          0.5,
          -55.2522
        ]
      ]
    },
    {
      "name": "$sandbags_d",
      "tm": [
        [
          1.19555,
          0.0,
          0.0244038
        ],
        [
          0.0,
          1.1958,
          0.0
        ],
        [
          -0.0244038,
          0.0,
          1.19555
        ],
        [
          94.635,
          0.5,
          -54.3425
        ]
      ]
    },
    {
      "name": "$sandbags_a_c",
      "tm": [
        [
          0.0178487,
          0.0,
          -1.23038
        ],
        [
          0.0,
          1.23051,
          0.0
        ],
        [
          1.23038,
          0.0,
          0.0178487
        ],
        [
          88.2152,
          0.5,
          -62.0045
        ]
      ]
    },
    {
      "name": "$sandbags_f",
      "tm": [
        [
          -0.998276,
          0.0,
          0.058696
        ],
        [
          -1.02627e-8,
          1.0,
          -1.74544e-7
        ],
        [
          -0.058696,
          -1.74846e-7,
          -0.998276
        ],
        [
          88.0302,
          0.5,
          -59.8716
        ]
      ]
    },
    {
      "name": "$sandbags_d",
      "tm": [
        [
          -0.0244037,
          0.0,
          1.19555
        ],
        [
          0.0,
          1.1958,
          0.0
        ],
        [
          -1.19555,
          0.0,
          -0.0244037
        ],
        [
          87.1205,
          0.5,
          -57.0101
        ]
      ]
    },
    {
      "name": "$sandbags_a_c",
      "tm": [
        [
          0.205628,
          0.0,
          -1.21321
        ],
        [
          0.0,
          1.23051,
          0.0
        ],
        [
          1.21321,
          0.0,
          0.205628
        ],
        [
          116.512,
          0.5,
          -129.716
        ]
      ]
    },
    {
      "name": "$sandbags_f",
      "tm": [
        [
          -0.995523,
          0.0,
          -0.0945192
        ],
        [
          1.65263e-8,
          1.0,
          -1.74063e-7
        ],
        [
          0.0945192,
          -1.74846e-7,
          -0.995523
        ],
        [
          116.004,
          0.5,
          -127.636
        ]
      ]
    },
    {
      "name": "$sandbags_d",
      "tm": [
        [
          -0.206784,
          0.0,
          1.17778
        ],
        [
          0.0,
          1.1958,
          0.0
        ],
        [
          -1.17778,
          0.0,
          -0.206784
        ],
        [
          114.667,
          0.5,
          -124.947
        ]
      ]
    },
    {
      "name": "$sandbags_a_a",
      "tm": [
        [
          1.21321,
          0.0,
          0.205628
        ],
        [
          0.0,
          1.23051,
          0.0
        ],
        [
          -0.205628,
          0.0,
          1.21321
        ],
        [
          123.039,
          0.5,
          -130.599
        ]
      ]
    },
    {
      "name": "$sandbags_f",
      "tm": [
        [
          0.0945192,
          0.0,
          -0.995523
        ],
        [
          1.74063e-7,
          1.0,
          1.65263e-8
        ],
        [
          0.995523,
          -1.74846e-7,
          0.0945192
        ],
        [
          120.337,
          0.5,
          -130.793
        ]
      ]
    },
    {
      "name": "$sandbags_a_a",
      "tm": [
        [
          -1.17778,
          0.0,
          -0.206784
        ],
        [
          0.0,
          1.1958,
          0.0
        ],
        [
          0.206784,
          0.0,
          -1.17778
        ],
        [
          117.558,
          0.5,
          -131.104
        ]
      ]
    },
    {
      "name": "$sandbags_a_c",
      "tm": [
        [
          -0.205628,
          0.0,
          1.21321
        ],
        [
          0.0,
          1.23051,
          0.0
        ],
        [
          -1.21321,
          0.0,
          -0.205628
        ],
        [
          123.41,
          0.5,
          -123.522
        ]
      ]
    },
    {
      "name": "$sandbags_f",
      "tm": [
        [
          0.995523,
          0.0,
          0.0945191
        ],
        [
          -1.65263e-8,
          1.0,
          1.74063e-7
        ],
        [
          -0.0945191,
          -1.74846e-7,
          0.995523
        ],
        [
          123.919,
          0.5,
          -125.602
        ]
      ]
    },
    {
      "name": "$sandbags_d",
      "tm": [
        [
          0.206784,
          0.0,
          -1.17778
        ],
        [
          0.0,
          1.1958,
          0.0
        ],
        [
          1.17778,
          0.0,
          0.206784
        ],
        [
          125.255,
          0.5,
          -128.291
        ]
      ]
    },
    {
      "name": "$sandbags_a_a",
      "tm": [
        [
          0.52367,
          0.0,
          -1.11352
        ],
        [
          0.0,
          1.23051,
          0.0
        ],
        [
          1.11352,
          0.0,
          0.52367
        ],
        [
          181.12,
          0.5,
          -119.677
        ]
      ]
    },
    {
      "name": "$sandbags_f",
      "tm": [
        [
          -0.933638,
          0.0,
          -0.358218
        ],
        [
          6.26329e-8,
          1.0,
          -1.63243e-7
        ],
        [
          0.358218,
          -1.74846e-7,
          -0.933638
        ],
        [
          180.208,
          0.5,
          -117.126
        ]
      ]
    },
    {
      "name": "$sandbags_a_a",
      "tm": [
        [
          -0.515277,
          0.0,
          1.07908
        ],
        [
          0.0,
          1.1958,
          0.0
        ],
        [
          -1.07908,
          0.0,
          -0.515277
        ],
        [
          179.163,
          0.5,
          -114.533
        ]
      ]
    },
    {
      "name": "$sandbags_a_c",
      "tm": [
        [
          1.11352,
          0.0,
          0.52367
        ],
        [
          0.0,
          1.23051,
          0.0
        ],
        [
          -0.52367,
          0.0,
          1.11352
        ],
        [
          187.858,
          0.5,
          -118.298
        ]
      ]
    },
    {
      "name": "$sandbags_f",
      "tm": [
        [
          0.358218,
          0.0,
          -0.933638
        ],
        [
          1.63243e-7,
          1.0,
          6.26329e-8
        ],
        [
          0.933638,
          -1.74846e-7,
          0.358218
        ],
        [
          185.991,
          0.5,
          -119.346
        ]
      ]
    },
    {
      "name": "$sandbags_d",
      "tm": [
        [
          -1.07908,
          0.0,
          -0.515277
        ],
        [
          0.0,
          1.1958,
          0.0
        ],
        [
          0.515277,
          0.0,
          -1.07908
        ],
        [
          183.76,
          0.5,
          -121.355
        ]
      ]
    },
    {
      "name": "$sandbags_a_a",
      "tm": [
        [
          -0.52367,
          0.0,
          1.11352
        ],
        [
          0.0,
          1.23051,
          0.0
        ],
        [
          -1.11352,
          0.0,
          -0.52367
        ],
        [
          186.794,
          0.5,
          -111.596
        ]
      ]
    },
    {
      "name": "$sandbags_f",
      "tm": [
        [
          0.933638,
          0.0,
          0.358218
        ],
        [
          -6.26329e-8,
          1.0,
          1.63243e-7
        ],
        [
          -0.358218,
          -1.74846e-7,
          0.933638
        ],
        [
          187.706,
          0.5,
          -114.146
        ]
      ]
    },
    {
      "name": "$sandbags_a_a",
      "tm": [
        [
          0.515277,
          0.0,
          -1.07908
        ],
        [
          0.0,
          1.1958,
          0.0
        ],
        [
          1.07908,
          0.0,
          0.515277
        ],
        [
          188.751,
          0.5,
          -116.74
        ]
      ]
    },
    {
      "name": "$sandbags_a_c",
      "tm": [
        [
          0.70144,
          0.0,
          1.01101
        ],
        [
          0.0,
          1.23051,
          0.0
        ],
        [
          -1.01101,
          0.0,
          0.70144
        ],
        [
          154.731,
          0.5,
          -7.71065
        ]
      ]
    },
    {
      "name": "$sandbags_f",
      "tm": [
        [
          0.777705,
          0.0,
          -0.62863
        ],
        [
          1.09913e-7,
          1.0,
          1.35978e-7
        ],
        [
          0.62863,
          -1.74846e-7,
          0.777705
        ],
        [
          153.64,
          0.5,
          -9.55293
        ]
      ]
    },
    {
      "name": "$sandbags_d",
      "tm": [
        [
          -0.67584,
          0.0,
          -0.986494
        ],
        [
          0.0,
          1.1958,
          0.0
        ],
        [
          0.986494,
          0.0,
          -0.67584
        ],
        [
          152.715,
          0.5,
          -12.4094
        ]
      ]
    },
    {
      "name": "$sandbags_a_a",
      "tm": [
        [
          -1.01101,
          0.0,
          0.70144
        ],
        [
          0.0,
          1.23051,
          0.0
        ],
        [
          -0.70144,
          0.0,
          -1.01101
        ],
        [
          150.684,
          0.5,
          -2.51532
        ]
      ]
    },
    {
      "name": "$sandbags_f",
      "tm": [
        [
          0.62863,
          0.0,
          0.777705
        ],
        [
          -1.35978e-7,
          1.0,
          1.09913e-7
        ],
        [
          -0.777705,
          -1.74846e-7,
          0.62863
        ],
        [
          152.75,
          0.5,
          -4.26584
        ]
      ]
    },
    {
      "name": "$sandbags_a_a",
      "tm": [
        [
          0.986494,
          0.0,
          -0.67584
        ],
        [
          0.0,
          1.1958,
          0.0
        ],
        [
          0.67584,
          0.0,
          0.986494
        ],
        [
          154.954,
          0.5,
          -5.98712
        ]
      ]
    },
    {
      "name": "$sandbags_a_c",
      "tm": [
        [
          -0.70144,
          0.0,
          -1.01101
        ],
        [
          0.0,
          1.23051,
          0.0
        ],
        [
          1.01101,
          0.0,
          -0.70144
        ],
        [
          145.469,
          0.5,
          -7.3141
        ]
      ]
    },
    {
