{
  "classname": "composit",
  "node": [
    {
      "name": "%opel_blitz_kfz_305_snow",
      "tm": [
        [
          1.0,
          0.0,
          0.0
        ],
        [
          0.0,
          1.0,
          0.0
        ],
        [
          0.0,
          0.0,
          1.0
        ],
        [
          0.0,
          0.0,
          0.0
        ]
      ]
    },
    {
      "name": "%sandbag_a_snow_worn",
      "tm": [
        [
          0.965788,
          0.0,
          -0.259333
        ],
        [
          0.0,
          1.0,
          0.0
        ],
        [
          0.259333,
          0.0,
          0.965788
        ],
        [
          -1.31762,
          -0.00395596,
          -0.686593
        ]
      ]
    },
    {
      "name": "%sandbag_a_snow_worn",
      "tm": [
        [
          -0.395009,
          0.0,
          -0.918678
        ],
        [
          0.0,
          1.0,
          0.0
        ],
        [
          0.918678,
          0.0,
          -0.395009
        ],
        [
          -1.40152,
          0.0179617,
          0.173899
        ]
      ]
    },
    {
      "name": "%sandbag_a_snow_worn",
      "tm": [
        [
          -0.375466,
          0.0,
          0.926837
        ],
        [
          0.0,
          1.0,
          0.0
        ],
        [
          -0.926837,
          0.0,
          -0.375466
        ],
        [
          0.417408,
          1.22857,
          0.835492
        ]
      ]
    },
    {
      "name": "%sandbag_a_snow_worn",
      "tm": [
        [
          0.0212766,
          -0.0870509,
          -0.995977
        ],
        [
          -0.0113075,
          0.996117,
          -0.0873057
        ],
        [
          0.99971,
          0.0131195,
          0.0202096
        ],
        [
          -0.547733,
          1.44637,
          -0.224949
        ]
      ]
    },
    {
      "name": "%sandbag_a_snow_worn",
      "tm": [
        [
          0.585365,
          0.0,
          0.810769
        ],
        [
          0.0,
          1.0,
          0.0
        ],
        [
          -0.810769,
          0.0,
          0.585365
        ],
        [
          -0.141858,
          1.21685,
          2.21436
        ]
      ]
    },
    {
      "name": "%sandbag_a_snow_worn",
      "tm": [
        [
          -0.0757093,
          0.0,
          -0.99713
        ],
        [
          0.0,
          1.0,
          0.0
        ],
        [
          0.99713,
          0.0,
          -0.0757093
        ],
        [
          0.284266,
          1.23027,
          -0.217259
        ]
      ]
    },
    {
      "name": "%sandbag_a_snow_worn",
      "tm": [
        [
          -0.982886,
          0.0,
          0.184212
        ],
        [
          0.0,
          1.0,
          0.0
        ],
        [
          -0.184212,
          0.0,
          -0.982886
        ],
        [
          -0.517521,
          1.22859,
          0.0484256
        ]
      ]
    }
  ]
}