{
  "className": "composit",
  "node": [
    {
      "type": "rendInst",
      "name": "$wood_pier_g",
      "tm": [
        [
          -0.813831,
          0.0,
          -0.581103
        ],
        [
          0.0,
          1.0,
          0.0
        ],
        [
          0.581103,
          0.0,
          -0.813831
        ],
        [
          0.0,
          0.0,
          0.0
        ]
      ],
      "toGround": false
    },
    {
      "type": "rendInst",
      "name": "$wood_pier_k_signboard_pillar",
      "tm": [
        [
          -0.713376,
          0.0,
          1.0204
        ],
        [
          0.0,
          1.24504,
          0.0
        ],
        [
          -0.989223,
          0.0,
          -0.691579
        ],
        [
          8.802,
          0.418569,
          -11.6981
        ]
      ],
      "toGround": false
    },
    {
      "type": "rendInst",
      "name": "$wood_pier_k_support_a",
      "tm": [
        [
          -0.805602,
          0.0,
          -0.592458
        ],
        [
          0.0,
          1.0,
          0.0
        ],
        [
          0.592458,
          0.0,
          -0.805602
        ],
        [
          16.1119,
          0.0158681,
          -3.42612
        ]
      ],
      "toGround": false
    },
    {
      "type": "rendInst",
      "name": "$wood_pier_stair_b",
      "tm": [
        [
          0.585961,
          0.0,
          -0.81034
        ],
        [
          0.0,
          1.0,
          0.0
        ],
        [
          0.81034,
          0.0,
          0.585961
        ],
        [
          -6.26807,
          0.0465221,
          -12.6081
        ]
      ],
      "toGround": false
    },
    {
      "type": "rendInst",
      "name": "$lifeboat_a",
      "tm": [
        [
          -0.962906,
          0.0,
          -0.269838
        ],
        [
          0.0,
          1.0,
          0.0
        ],
        [
          0.269838,
          0.0,
          -0.962906
        ],
        [
          -4.15796,
          -0.0597848,
          -20.7131
        ]
      ],
      "toGround": false
    },
    {
      "type": "rendInst",
      "name": "$lifeboat_a",
      "tm": [
        [
          -0.955358,
          0.0,
          0.295451
        ],
        [
          0.0,
          1.0,
          0.0
        ],
        [
          -0.295451,
          0.0,
          -0.955358
        ],
        [
          -7.17798,
          -0.0597848,
          -19.0421
        ]
      ],
      "toGround": false
    },
    {
      "type": "rendInst",
      "name": "$wood_pier_g",
      "tm": [
        [
          0.813831,
          0.0,
          0.581103
        ],
        [
          0.0,
          1.0,
          0.0
        ],
        [
          -0.588572,
          0.0,
          0.824291
        ],
        [
          -33.338,
          -0.0153509,
          35.6819
        ]
      ],
      "toGround": false
    },
    {
      "type": "rendInst",
      "name": "$wood_pier_g_corner",
      "tm": [
        [
          0.813831,
          0.0,
          0.581103
        ],
        [
          0.0,
          1.0,
          0.0
        ],
        [
          -0.581103,
          0.0,
          0.813831
        ],
        [
          -40.048,
          -0.0248498,
          45.0549
        ]
      ],
      "toGround": false
    },
    {
      "type": "rendInst",
      "name": "$wood_pier_g",
      "tm": [
        [
          0.813831,
          0.0,
          0.581103
        ],
        [
          0.0,
          1.0,
          0.0
        ],
        [
          -0.581103,
          0.0,
          0.813831
        ],
        [
          -23.978,
          -0.0153509,
          22.5249
        ]
      ],
      "toGround": false
    },
    {
      "type": "rendInst",
      "name": "$wood_pier_g",
      "tm": [
        [
          -0.813831,
          0.0,
          -0.581103
        ],
        [
          0.0,
          1.0,
          0.0
        ],
        [
          0.581103,
          0.0,
          -0.813831
        ],
        [
          -18.698,
          -0.0153509,
          26.2949
        ]
      ],
      "toGround": false
    },
    {
      "type": "rendInst",
      "name": "$wood_pier_g",
      "tm": [
        [
          -0.813831,
          0.0,
          -0.581103
        ],
        [
          0.0,
          1.0,
          0.0
        ],
        [
          0.581103,
          0.0,
          -0.813831
        ],
        [
          -28.108,
          -0.0153509,
          39.4789
        ]
      ],
      "toGround": false
    },
    {
      "type": "rendInst",
      "name": "$wood_pier_g_corner",
      "tm": [
        [
          0.581103,
          0.0,
          -0.813831
        ],
        [
          0.0,
          1.0,
          0.0
        ],
        [
          0.813831,
          0.0,
          0.581103
        ],
        [
          -29.168,
          -0.0248498,
          52.6379
        ]
      ],
      "toGround": false
    },
    {
      "type": "rendInst",
      "name": "$wood_pier_g",
      "tm": [
        [
          -0.813831,
          0.0,
          -0.581103
        ],
        [
          0.0,
          1.0,
          0.0
        ],
        [
          0.581103,
          0.0,
          -0.813831
        ],
        [
          -13.2681,
          -0.0153509,
          30.1679
        ]
      ],
      "toGround": false
    },
    {
      "type": "rendInst",
      "name": "$wood_pier_g",
      "tm": [
        [
          -0.813831,
          0.0,
          -0.581103
        ],
        [
          0.0,
          1.0,
          0.0
        ],
        [
          0.586359,
          0.0,
          -0.821192
        ],
        [
          -22.658,
          -0.0153518,
          43.3299
        ]
      ],
      "toGround": false
    },
    {
      "type": "rendInst",
      "name": "$wood_pier_g_corner",
      "tm": [
        [
          0.813831,
          0.0,
          0.581103
        ],
        [
          0.0,
          1.0,
          0.0
        ],
        [
          -0.581103,
          0.0,
          0.813831
        ],
        [
          -34.598,
          -0.0248498,
          48.9029
        ]
      ],
      "toGround": false
    },
    {
      "type": "rendInst",
      "name": "$wood_pier_g",
      "tm": [
        [
          0.813831,
          0.0,
          0.581103
        ],
        [
          0.0,
          1.0,
          0.0
        ],
        [
          -0.581103,
          0.0,
          0.813831
        ],
        [
          -14.658,
          -0.0153399,
          9.40787
        ]
      ],
      "toGround": false
    },
    {
      "type": "rendInst",
      "name": "$wood_pier_g",
      "tm": [
        [
          -0.813831,
          0.0,
          -0.581103
        ],
        [
          0.0,
          1.0,
          0.0
        ],
        [
          0.581103,
          0.0,
          -0.813831
        ],
        [
          -9.35803,
          -0.0153399,
          13.1439
        ]
      ],
      "toGround": false
    },
    {
      "type": "rendInst",
      "name": "$wood_pier_g",
      "tm": [
        [
          -0.813831,
          0.0,
          -0.581103
        ],
        [
          0.0,
          1.0,
          0.0
        ],
        [
          0.581103,
          0.0,
          -0.813831
        ],
        [
          -3.948,
          -0.0153399,
          17.0509
        ]
      ],
      "toGround": false
    },
    {
      "type": "rendInst",
      "name": "$wood_pier_g_corner",
      "tm": [
        [
          -0.813831,
          0.0,
          -0.581103
        ],
        [
          0.0,
          1.0,
          0.0
        ],
        [
          0.581103,
          0.0,
          -0.813831
        ],
        [
          12.012,
          -0.00949687,
          -5.39111
        ]
      ],
      "toGround": false
    },
    {
      "type": "rendInst",
      "name": "$wood_pier_g_corner",
      "tm": [
        [
          -0.813831,
          0.0,
          -0.581103
        ],
        [
          0.0,
          1.0,
          0.0
        ],
        [
          0.581103,
          0.0,
          -0.813831
        ],
        [
          6.59204,
          -0.00949687,
          -9.2641
        ]
      ],
      "toGround": false
    },
    {
      "type": "rendInst",
      "name": "$wood_pier_g_corner",
      "tm": [
        [
          -0.581103,
          0.0,
          0.813831
        ],
        [
          0.0,
          1.0,
          0.0
        ],
        [
          -0.813831,
          0.0,
          -0.581103
        ],
        [
          1.12195,
          -0.00949687,
          -12.9921
        ]
      ],
      "toGround": false
    },
    {
      "type": "rendInst",
      "name": "$wood_pier_g",
      "tm": [
        [
          0.813831,
          0.0,
          0.581103
        ],
        [
          0.0,
          1.0,
          0.0
        ],
        [
          -0.581103,
          0.0,
          0.813831
        ],
        [
          -5.30798,
          0.00000113249,
          -3.74112
        ]
      ],
      "toGround": false
    },
    {
      "type": "rendInst",
      "name": "$wood_pier_g",
      "tm": [
        [
          -0.813831,
          0.0,
          -0.581103
        ],
        [
          0.0,
          1.0,
          0.0
        ],
        [
          0.581103,
          0.0,
          -0.813831
        ],
        [
          5.40198,
          0.00000113249,
          3.90189
        ]
      ],
      "toGround": false
    },
    {
      "type": "rendInst",
      "name": "$wood_pier_stair_a",
      "tm": [
        [
          -0.824949,
          0.0,
          -0.565208
        ],
        [
          0.0,
          1.0,
          0.0
        ],
        [
          0.565208,
          0.0,
          -0.824949
        ],
        [
          -43.238,
          0.00000113249,
          49.6769
        ]
      ],
      "toGround": false
    },
    {
      "type": "rendInst",
      "name": "$wood_pier_g_platform_a",
      "tm": [
        [
          -0.554378,
          0.0,
          0.832265
        ],
        [
          0.0,
          1.0,
          0.0
        ],
        [
          -0.832265,
          0.0,
          -0.554378
        ],
        [
          -52.528,
          -2.05,
          42.7649
        ]
      ],
      "toGround": false
    },
    {
      "type": "rendInst",
      "name": "$wood_pier_g_platform_a",
      "tm": [
        [
          -0.498746,
          0.0,
          0.866749
        ],
        [
          0.0,
          1.0,
          0.0
        ],
        [
          -0.866749,
          0.0,
          -0.498746
        ],
        [
          -66.0181,
          -2.05,
          34.4299
        ]
      ],
      "toGround": false
    },
    {
      "type": "rendInst",
      "name": "$wood_pier_g_platform_a",
      "tm": [
        [
          -0.392616,
          0.0,
          0.919703
        ],
        [
          0.0,
          1.0,
          0.0
        ],
        [
          -0.919703,
          0.0,
          -0.392616
        ],
        [
          -94.458,
          -2.05,
          20.1419
        ]
      ],
      "toGround": false
    },
    {
      "type": "rendInst",
      "name": "$wood_pier_g_platform_a",
      "tm": [
        [
          -0.451939,
          0.0,
          0.892049
        ],
        [
          0.0,
          1.0,
          0.0
        ],
        [
          -0.892049,
          0.0,
          -0.451939
        ],
        [
          -80.068,
          -2.05,
          26.8199
        ]
      ],
      "toGround": false
    },
    {
      "type": "rendInst",
      "name": "$wood_pier_g_platform_a",
      "tm": [
        [
          -0.251003,
          0.0,
          0.967987
        ],
        [
          0.0,
          1.0,
          0.0
        ],
        [
          -0.967987,
          0.0,
          -0.251003
        ],
        [
          -139.598,
          -2.05,
          4.21487
        ]
      ],
      "toGround": false
    },
    {
      "type": "rendInst",
      "name": "$wood_pier_g_platform_a",
      "tm": [
        [
          -0.313789,
          0.0,
          0.949493
        ],
        [
          0.0,
          1.0,
          0.0
        ],
        [
          -0.949493,
          0.0,
          -0.313789
        ],
        [
          -124.378,
          -2.05,
          8.67288
        ]
      ],
      "toGround": false
    },
    {
      "type": "rendInst",
      "name": "$wood_pier_g_platform_a",
      "tm": [
        [
          -0.363846,
          0.0,
          0.931459
        ],
        [
          0.0,
          1.0,
          0.0
        ],
        [
          -0.931459,
          0.0,
          -0.363846
        ],
        [
          -109.348,
          -2.05,
          14.0999
        ]
      ],
      "toGround": false
    },
    {
      "type": "rendInst",
      "name": "$wood_pier_g_platform_a",
      "tm": [
        [
          -0.723812,
          0.0,
          0.689997
        ],
        [
          0.0,
          1.0,
          0.0
        ],
        [
          -0.689997,
          0.0,
          -0.723812
        ],
        [
          4.06201,
          -2.05,
          88.2659
        ]
      ],
      "toGround": false
    },
    {
      "type": "rendInst",
      "name": "$wood_pier_g_platform_a",
      "tm": [
        [
          -0.686088,
          0.0,
          0.727519
        ],
        [
          0.0,
          1.0,
          0.0
        ],
        [
          -0.727519,
          0.0,
          -0.686088
        ],
        [
          -7.25806,
          -2.05,
          76.9879
        ]
      ],
      "toGround": false
    },
    {
      "type": "rendInst",
      "name": "$wood_pier_g_platform_a",
      "tm": [
        [
          -0.637027,
          0.0,
          0.770842
        ],
        [
          0.0,
          1.0,
          0.0
        ],
        [
          -0.770842,
          0.0,
          -0.637027
        ],
        [
          -19.158,
          -2.05,
          66.5089
        ]
      ],
      "toGround": false
    },
    {
      "type": "rendInst",
      "name": "$wood_pier_stair_a",
      "tm": [
        [
          -0.60922,
          0.0,
          0.793002
        ],
        [
          0.0,
          1.0,
          0.0
        ],
        [
          -0.793002,
          0.0,
          -0.60922
        ],
        [
          -27.238,
          -0.0000118613,
          59.5539
        ]
      ],
      "toGround": false
    },
    {
      "type": "rendInst",
      "name": "$wood_pier_g_platform_a",
      "tm": [
        [
          -0.704403,
          0.0,
          0.709801
        ],
        [
          0.0,
          1.0,
          0.0
        ],
        [
          -0.709801,
          0.0,
          -0.704403
        ],
        [
          34.152,
          -2.05,
          44.4849
        ]
      ],
      "toGround": false
    },
    {
      "type": "rendInst",
      "name": "$wood_pier_g_platform_a",
      "tm": [
        [
          -0.665653,
          0.0,
          0.746262
        ],
        [
          0.0,
          1.0,
          0.0
        ],
        [
          -0.746262,
          0.0,
          -0.665653
        ],
        [
          22.522,
          -2.05,
          33.5259
        ]
      ],
      "toGround": false
    },
    {
      "type": "rendInst",
      "name": "$wood_pier_g_platform_a",
      "tm": [
        [
          -0.615409,
          0.0,
          0.788209
        ],
        [
          0.0,
          1.0,
          0.0
        ],
        [
          -0.788209,
          0.0,
          -0.615409
        ],
        [
          10.332,
          -2.05,
          23.3809
        ]
      ],
      "toGround": false
    },
    {
      "type": "rendInst",
      "name": "$wood_pier_g_platform_a",
      "tm": [
        [
          -0.715548,
          0.0,
          0.698564
        ],
        [
          0.0,
          1.0,
          0.0
        ],
        [
          -0.698564,
          0.0,
          -0.715548
        ],
        [
          45.462,
          -2.05,
          55.8969
        ]
      ],
      "toGround": false
    },
    {
      "type": "rendInst",
      "name": "$wood_pier_g_platform_a",
      "tm": [
        [
          -0.793224,
          0.0,
          0.60893
        ],
        [
          0.0,
          1.0,
          0.0
        ],
        [
          -0.60893,
          0.0,
          -0.793224
        ],
        [
          66.2319,
          -2.05,
          80.0049
        ]
      ],
      "toGround": false
    },
    {
      "type": "rendInst",
      "name": "$wood_pier_g_platform_a",
      "tm": [
        [
          -0.759714,
          0.0,
          0.650258
        ],
        [
          0.0,
          1.0,
          0.0
        ],
        [
          -0.650258,
          0.0,
          -0.759714
        ],
        [
          56.182,
          -2.05,
          67.5849
        ]
      ],
      "toGround": false
    },
    {
      "type": "rendInst",
      "name": "$wood_pier_g_platform_a",
      "tm": [
        [
          0.691708,
          0.0,
          0.722178
        ],
        [
          0.0,
          1.0,
          0.0
        ],
        [
          -0.722178,
          0.0,
          0.691708
        ],
        [
          62.062,
          -2.05,
          33.4709
        ]
      ],
      "toGround": false
    },
    {
      "type": "rendInst",
      "name": "$wood_pier_g_platform_a",
      "tm": [
        [
          0.691708,
          0.0,
          0.722178
        ],
        [
          0.0,
          1.0,
          0.0
        ],
        [
          -0.722178,
          0.0,
          0.691708
        ],
        [
          73.652,
          -2.05,
          22.3139
        ]
      ],
      "toGround": false
    },
    {
      "type": "rendInst",
      "name": "$wood_pier_g_platform_a",
      "tm": [
        [
          0.691708,
          0.0,
          0.722178
        ],
        [
          0.0,
          1.0,
          0.0
        ],
        [
          -0.722178,
          0.0,
          0.691708
        ],
        [
          50.432,
          -2.05,
          44.6539
        ]
      ],
      "toGround": false
    },
    {
      "type": "rendInst",
      "name": "$wood_pier_g_platform_a",
      "tm": [
        [
          0.601525,
          0.0,
          0.798854
        ],
        [
          0.0,
          1.0,
          0.0
        ],
        [
          -0.798854,
          0.0,
          0.601525
        ],
        [
          91.042,
          -2.05,
          67.1239
        ]
      ],
      "toGround": false
    },
    {
      "type": "rendInst",
      "name": "$wood_pier_g_platform_a",
      "tm": [
        [
          0.601525,
          0.0,
          0.798854
        ],
        [
          0.0,
          1.0,
          0.0
        ],
        [
          -0.798854,
          0.0,
          0.601525
        ],
        [
          78.172,
          -2.05,
          76.8539
        ]
      ],
      "toGround": false
    },
    {
      "type": "rendInst",
      "name": "$lifeboat_a",
      "tm": [
        [
          -0.758773,
          0.0,
          -0.651356
        ],
        [
          0.0,
          1.0,
          0.0
        ],
        [
          0.651356,
          0.0,
          -0.758773
        ],
        [
          75.152,
          -0.0698349,
          14.3979
        ]
      ],
      "toGround": false
    },
    {
      "type": "rendInst",
      "name": "$lifeboat_a",
      "tm": [
        [
          -0.314341,
          0.0,
          0.949311
        ],
        [
          0.0,
          1.0,
          0.0
        ],
        [
          -0.949311,
          0.0,
          -0.314341
        ],
        [
          20.042,
          -0.0698988,
          47.1229
        ]
      ],
      "toGround": false
    },
    {
      "type": "rendInst",
      "name": "$lifeboat_a",
      "tm": [
        [
          0.250686,
          0.0,
          0.968069
        ],
        [
          0.0,
          1.0,
          0.0
        ],
        [
          -0.968069,
          0.0,
          0.250686
        ],
        [
          21.572,
          -0.0698988,
          50.2239
        ]
      ],
      "toGround": false
    },
    {
      "type": "rendInst",
      "name": "$wood_pier_g_platform_a",
      "tm": [
        [
          0.615997,
          0.0,
          -0.787749
        ],
        [
          0.0,
          1.0,
          0.0
        ],
        [
          0.771861,
          0.0,
          0.603573
        ],
        [
          6.22205,
          -2.05,
          28.3959
        ]
      ],
      "toGround": false
    },
    {
      "type": "rendInst",
      "name": "$wood_pier_stair_b",
      "tm": [
        [
          -0.603278,
          0.0,
          0.797532
        ],
        [
          0.0,
          1.0,
          0.0
        ],
        [
          -0.797532,
          0.0,
          -0.603278
        ],
        [
          1.71204,
          0.0125021,
          18.9889
        ]
      ],
      "toGround": false
    },
    {
      "type": "rendInst",
      "name": "$wood_pier_g_platform_a",
      "tm": [
        [
          0.664555,
          0.0,
          -0.74724
        ],
        [
          0.0,
          1.0,
          0.0
        ],
        [
          0.732169,
          0.0,
          0.651152
        ],
        [
          18.222,
          -2.05,
          38.3669
        ]
      ],
      "toGround": false
    },
    {
      "type": "rendInst",
      "name": "$wood_pier_g_platform_a",
      "tm": [
        [
          0.705869,
          0.0,
          -0.708343
        ],
        [
          0.0,
          1.0,
          0.0
        ],
        [
          0.694056,
          0.0,
          0.691633
        ],
        [
          29.722,
          -2.05,
          49.0769
        ]
      ],
      "toGround": false
    },
    {
      "type": "rendInst",
      "name": "$wood_pier_g_platform_a",
      "tm": [
        [
          0.705774,
          0.0,
          -0.708437
        ],
        [
          0.0,
          1.0,
          0.0
        ],
        [
          0.694149,
          0.0,
          0.691539
        ],
        [
          40.8719,
          -2.05,
          60.3059
        ]
      ],
      "toGround": false
    },
    {
      "type": "rendInst",
      "name": "$wood_pier_g_platform_a",
      "tm": [
        [
          0.759063,
          0.0,
          -0.651018
        ],
        [
          0.0,
          1.0,
          0.0
        ],
        [
          0.637888,
          0.0,
          0.743753
        ],
        [
          51.382,
          -2.05,
          71.6829
        ]
      ],
      "toGround": false
    },
    {
      "type": "rendInst",
      "name": "$wood_pier_g_platform_a",
      "tm": [
        [
          0.793788,
          0.0,
          -0.608195
        ],
        [
          0.0,
          1.0,
          0.0
        ],
        [
          0.60234,
          0.0,
          0.786146
        ],
        [
          61.282,
          -2.05,
          83.8969
        ]
      ],
      "toGround": false
    },
    {
      "type": "rendInst",
      "name": "$anniversary_gift_confetti_a",
      "tm": [
        [
          -0.149612,
          0.0,
          0.753336
        ],
        [
          0.0,
          0.768048,
          0.0
        ],
        [
          -0.753336,
          0.0,
          -0.149612
        ],
        [
          63.422,
          0.739169,
          79.8569
        ]
      ],
      "toGround": false
    },
    {
      "type": "rendInst",
      "name": "$wood_pier_h_corner",
      "tm": [
        [
          0.813994,
          0.0,
          0.580874
        ],
        [
          0.0,
          1.0,
          0.0
        ],
        [
          -0.580874,
          0.0,
          0.813994
        ],
        [
          11.202,
          0.0158631,
          -15.2171
        ]
      ],
      "toGround": false
    },
    {
      "type": "rendInst",
      "name": "$wood_pier_h_corner",
      "tm": [
        [
          0.813994,
          0.0,
          0.580874
        ],
        [
          0.0,
          1.0,
          0.0
        ],
        [
          -0.580874,
          0.0,
          0.813994
        ],
        [
          15.182,
          0.0158612,
          -20.6971
        ]
      ],
      "toGround": false
    },
    {
      "type": "rendInst",
      "name": "$wood_pier_h_corner",
      "tm": [
        [
          0.813994,
          0.0,
          0.580874
        ],
        [
          0.0,
          1.0,
          0.0
        ],
        [
          -0.580874,
          0.0,
          0.813994
        ],
        [
          23.1219,
          0.0158612,
          -31.6974
        ]
      ],
      "toGround": false
    },
    {
      "type": "rendInst",
      "name": "$wood_pier_h_corner",
      "tm": [
        [
          0.813994,
          0.0,
          0.580874
        ],
        [
          0.0,
          1.0,
          0.0
        ],
        [
          -0.580874,
          0.0,
          0.813994
        ],
        [
          19.142,
          0.0158631,
          -26.2181
        ]
      ],
      "toGround": false
    },
    {
      "type": "rendInst",
      "name": "$wood_pier_h_corner",
      "tm": [
        [
          0.813994,
          0.0,
          0.580874
        ],
        [
          0.0,
          1.0,
          0.0
        ],
        [
          -0.580874,
          0.0,
          0.813994
        ],
        [
          27.072,
          0.0158612,
          -37.2231
        ]
      ],
      "toGround": false
    },
    {
      "type": "rendInst",
      "name": "$wood_pier_h_corner",
      "tm": [
        [
          0.813994,
          0.0,
          0.580874
        ],
        [
          0.0,
          1.0,
          0.0
        ],
        [
          -0.580874,
          0.0,
          0.813994
        ],
        [
          31.052,
          0.0158591,
          -42.7027
        ]
      ],
      "toGround": false
    },
    {
      "type": "rendInst",
      "name": "$wood_railing_b",
      "tm": [
        [
          0.486359,
          0.0,
          -0.678843
        ],
        [
          0.0,
          1.0,
          0.0
        ],
        [
          0.8129,
          0.0,
          0.582404
        ],
        [
          12.292,
          2.63605,
          -11.3291
        ]
      ],
      "toGround": false
    },
    {
      "type": "rendInst",
      "name": "$wood_railing_b",
      "tm": [
        [
          0.48908,
          0.0,
          -0.676886
        ],
        [
          0.0,
          1.0,
          0.0
        ],
        [
          0.810556,
          0.0,
          0.585662
        ],
        [
          28.1219,
          2.63602,
          -33.3552
        ]
      ],
      "toGround": false
    },
    {
      "type": "rendInst",
      "name": "$wood_railing_b",
      "tm": [
        [
          0.490882,
          0.0,
          -0.67558
        ],
        [
          0.0,
          1.0,
          0.0
        ],
        [
          0.808992,
          0.0,
          0.58782
        ],
        [
          32.032,
          2.63606,
          -38.8197
        ]
      ],
      "toGround": false
    },
    {
      "type": "rendInst",
      "name": "$wood_railing_b",
      "tm": [
        [
          0.479647,
          0.0,
          -0.683603
        ],
        [
          0.0,
          1.0,
          0.0
        ],
        [
          0.818599,
          0.0,
          0.574366
        ],
        [
          30.072,
          2.63606,
          -36.0838
        ]
      ],
      "toGround": false
    },
    {
      "type": "rendInst",
      "name": "$wood_railing_b",
      "tm": [
        [
          0.498524,
          0.0,
          -0.700806
        ],
        [
          0.0,
          1.0,
          0.0
        ],
        [
          0.814861,
          0.0,
          0.579657
        ],
        [
          34.042,
          2.63606,
          -41.5815
        ]
      ],
      "toGround": false
    },
    {
      "type": "rendInst",
      "name": "$wood_railing_b",
      "tm": [
        [
          0.490882,
          0.0,
          -0.67558
        ],
        [
          0.0,
          1.0,
          0.0
        ],
        [
          0.808992,
          0.0,
          0.58782
        ],
        [
          16.192,
          2.63605,
          -16.8021
        ]
      ],
      "toGround": false
    },
    {
      "type": "rendInst",
      "name": "$wood_railing_b",
      "tm": [
        [
          0.479647,
          0.0,
          -0.683603
        ],
        [
          0.0,
          1.0,
          0.0
        ],
        [
          0.818599,
          0.0,
          0.574366
        ],
        [
          14.2319,
          2.63605,
          -14.0661
        ]
      ],
      "toGround": false
    },
    {
      "type": "rendInst",
      "name": "$wood_railing_b",
      "tm": [
        [
          0.48908,
          0.0,
          -0.676886
        ],
        [
          0.0,
          1.0,
          0.0
        ],
        [
          0.810556,
          0.0,
          0.585662
        ],
        [
          20.202,
          2.63605,
          -22.3451
        ]
      ],
      "toGround": false
    },
    {
      "type": "rendInst",
      "name": "$wood_railing_b",
      "tm": [
        [
          0.498524,
          0.0,
          -0.700806
        ],
        [
          0.0,
          1.0,
          0.0
        ],
        [
          0.814861,
          0.0,
          0.579657
        ],
        [
          18.202,
          2.63605,
          -19.5641
        ]
      ],
      "toGround": false
    },
    {
      "type": "rendInst",
      "name": "$wood_railing_b",
      "tm": [
        [
          0.490882,
          0.0,
          -0.67558
        ],
        [
          0.0,
          1.0,
          0.0
        ],
        [
          0.808992,
          0.0,
          0.58782
        ],
        [
          24.1119,
          2.63602,
          -27.8115
        ]
      ],
      "toGround": false
    },
    {
      "type": "rendInst",
      "name": "$wood_railing_b",
      "tm": [
        [
          0.479647,
          0.0,
          -0.683603
        ],
        [
          0.0,
          1.0,
          0.0
        ],
        [
          0.818599,
          0.0,
          0.574366
        ],
        [
          22.162,
          2.63602,
          -25.0761
        ]
      ],
      "toGround": false
    },
    {
      "type": "rendInst",
      "name": "$wood_railing_b",
      "tm": [
        [
          0.498524,
          0.0,
          -0.700806
        ],
        [
          0.0,
          1.0,
          0.0
        ],
        [
          0.814861,
          0.0,
          0.579657
        ],
        [
          26.132,
          2.63602,
          -30.5733
        ]
      ],
      "toGround": false
    },
    {
      "type": "rendInst",
      "name": "$wood_railing_b",
      "tm": [
        [
          0.48908,
          0.0,
          -0.676886
        ],
        [
          0.0,
          1.0,
          0.0
        ],
        [
          0.810556,
          0.0,
          0.585662
        ],
        [
          23.052,
          2.63602,
          -36.8612
        ]
      ],
      "toGround": false
    },
    {
      "type": "rendInst",
      "name": "$wood_railing_b",
      "tm": [
        [
          0.490882,
          0.0,
          -0.67558
        ],
        [
          0.0,
          1.0,
          0.0
        ],
        [
          0.808992,
          0.0,
          0.58782
        ],
        [
          26.952,
          2.63606,
          -42.3257
        ]
      ],
      "toGround": false
    },
    {
      "type": "rendInst",
      "name": "$wood_railing_b",
      "tm": [
        [
          0.479647,
          0.0,
          -0.683603
        ],
        [
          0.0,
          1.0,
          0.0
        ],
        [
          0.818599,
          0.0,
          0.574366
        ],
        [
          25.002,
          2.63606,
          -39.5899
        ]
      ],
      "toGround": false
    },
    {
      "type": "rendInst",
      "name": "$wood_railing_b",
      "tm": [
        [
          0.498524,
          0.0,
          -0.700806
        ],
        [
          0.0,
          1.0,
          0.0
        ],
        [
          0.814861,
          0.0,
          0.579657
        ],
        [
          28.972,
          2.63606,
          -45.0875
        ]
      ],
      "toGround": false
    },
    {
      "type": "rendInst",
      "name": "$wood_railing_b",
      "tm": [
        [
          0.490882,
          0.0,
          -0.67558
        ],
        [
          0.0,
          1.0,
          0.0
        ],
        [
          0.808992,
          0.0,
          0.58782
        ],
        [
          11.1119,
          2.63604,
          -20.3081
        ]
      ],
      "toGround": false
    },
    {
      "type": "rendInst",
      "name": "$wood_railing_b",
      "tm": [
        [
          0.479647,
          0.0,
          -0.683603
        ],
        [
          0.0,
          1.0,
          0.0
        ],
        [
          0.818599,
          0.0,
          0.574366
        ],
        [
          9.16199,
          2.63605,
          -17.5721
        ]
      ],
      "toGround": false
    },
    {
      "type": "rendInst",
      "name": "$wood_railing_b",
      "tm": [
        [
          0.48908,
          0.0,
          -0.676886
        ],
        [
          0.0,
          1.0,
          0.0
        ],
        [
          0.810556,
          0.0,
          0.585662
        ],
        [
          15.1219,
          2.63605,
          -25.8521
        ]
      ],
      "toGround": false
    },
    {
      "type": "rendInst",
      "name": "$wood_railing_b",
      "tm": [
        [
          0.498524,
          0.0,
          -0.700806
        ],
        [
          0.0,
          1.0,
          0.0
        ],
        [
          0.814861,
          0.0,
          0.579657
        ],
        [
          13.132,
          2.63604,
          -23.0701
        ]
      ],
      "toGround": false
    },
    {
      "type": "rendInst",
      "name": "$wood_railing_b",
      "tm": [
        [
          0.490882,
          0.0,
          -0.67558
        ],
        [
          0.0,
          1.0,
          0.0
        ],
        [
          0.808992,
          0.0,
          0.58782
        ],
        [
          19.042,
          2.63602,
          -31.3176
        ]
      ],
      "toGround": false
    },
    {
      "type": "rendInst",
      "name": "$wood_railing_b",
      "tm": [
        [
          0.479647,
          0.0,
          -0.683603
        ],
        [
          0.0,
          1.0,
          0.0
        ],
        [
          0.818599,
          0.0,
          0.574366
        ],
        [
          17.082,
          2.63602,
          -28.5818
        ]
      ],
      "toGround": false
    },
    {
      "type": "rendInst",
      "name": "$wood_railing_b",
      "tm": [
        [
          0.498524,
          0.0,
          -0.700806
        ],
        [
          0.0,
          1.0,
          0.0
        ],
        [
          0.814861,
          0.0,
          0.579657
        ],
        [
          21.052,
          2.63602,
          -34.0794
        ]
      ],
      "toGround": false
    },
    {
      "type": "rendInst",
      "name": "$wood_railing_b",
      "tm": [
        [
          0.479647,
          0.0,
          -0.683603
        ],
        [
          0.0,
          1.0,
          0.0
        ],
        [
          0.818599,
          0.0,
          0.574366
        ],
        [
          7.22205,
          2.63604,
          -14.8331
        ]
      ],
      "toGround": false
    },
    {
      "type": "rendInst",
      "name": "$wood_railing_b",
      "tm": [
        [
          -0.668358,
          0.0,
          -0.473506
        ],
        [
          0.0,
          1.0,
          0.0
        ],
        [
          0.578087,
          0.0,
          -0.815976
        ],
        [
          12.672,
          2.63605,
          -8.79913
        ]
      ],
      "toGround": false
    },
    {
      "type": "rendInst",
      "name": "$wood_railing_b",
      "tm": [
        [
          -0.658921,
          0.0,
          -0.486552
        ],
        [
          0.0,
          1.0,
          0.0
        ],
        [
          0.594015,
          0.0,
          -0.804454
        ],
        [
          15.312,
          2.63605,
          -6.87012
        ]
      ],
      "toGround": false
    },
    {
      "type": "rendInst",
      "name": "$wood_railing_b",
      "tm": [
        [
          -0.685156,
          0.0,
          -0.505925
        ],
        [
          0.0,
          1.0,
          0.0
        ],
        [
          0.594015,
          0.0,
          -0.804454
        ],
        [
          4.68201,
          2.63604,
          -14.4521
        ]
      ],
      "toGround": false
    },
    {
      "type": "rendInst",
      "name": "$wood_railing_b",
      "tm": [
        [
          -0.70318,
          0.0,
          -0.480559
        ],
        [
          0.0,
          1.0,
          0.0
        ],
        [
          0.564233,
          0.0,
          -0.825616
        ],
        [
          1.89197,
          2.63604,
          -16.4181
        ]
      ],
      "toGround": false
    },
    {
      "type": "rendInst",
      "name": "$wood_railing_b",
      "tm": [
        [
          -0.476147,
          0.0,
          0.674485
        ],
        [
          0.0,
          1.0,
          0.0
        ],
        [
          -0.816945,
          0.0,
          -0.576716
        ],
        [
          -2.39795,
          2.63606,
          -13.2491
        ]
      ],
      "toGround": false
    },
    {
      "type": "rendInst",
      "name": "$wood_railing_b",
      "tm": [
        [
          -0.489314,
          0.0,
          0.664994
        ],
        [
          0.0,
          1.0,
          0.0
        ],
        [
          -0.805451,
          0.0,
          -0.592664
        ],
        [
          -0.458008,
          2.63606,
          -15.9461
        ]
      ],
      "toGround": false
    },
    {
      "type": "rendInst",
      "name": "$wood_railing_b",
      "tm": [
        [
          -0.538256,
          0.0,
          0.765883
        ],
        [
          0.0,
          1.0,
          0.0
        ],
        [
          -0.818158,
          0.0,
          -0.574994
        ],
        [
          -4.45801,
          2.63606,
          -10.3711
        ]
      ],
      "toGround": false
    },
    {
      "type": "rendInst",
      "name": "$wood_railing_b",
      "tm": [
        [
          0.483217,
          0.0,
          -0.681084
        ],
        [
          0.0,
          1.0,
          0.0
        ],
        [
          0.815583,
          0.0,
          0.578641
        ],
        [
          6.07202,
          2.63604,
          8.37488
        ]
      ],
      "toGround": false
    },
    {
      "type": "rendInst",
      "name": "$wood_railing_b",
      "tm": [
        [
          0.471892,
          0.0,
          -0.688979
        ],
        [
          0.0,
          1.0,
          0.0
        ],
        [
          0.825037,
          0.0,
          0.56508
        ],
        [
          4.14197,
          2.63604,
          11.1319
        ]
      ],
      "toGround": false
    },
    {
      "type": "rendInst",
      "name": "$wood_railing_b",
      "tm": [
        [
          0.489069,
          0.0,
