[
  {
    "classname": "#composit"
  },
  {
    "node": {
      "name": "$#sandboxs_a",
      "tm": [
        [1.0,0.0,0.0],
        [0.0,1.0,0.0],
        [0.0,0.0,1.0],
        [-1.34985,0.0,0.850098]
      ]
    }
  },
  {
    "node": {
      "name": "$#sandboxs_a",
      "tm": [
        [0.00237734,0.0,-0.999997],
        [0.0,1.0,0.0],
        [0.999997,0.0,0.00237734],
        [-1.34985,0.0,2.0]
      ]
    }
  },
  {
    "node": {
      "name": "$#sandboxs_a",
      "tm": [
        [-0.988213,-0.152238,-0.0160957],
        [-0.152218,0.988344,-0.00247928],
        [0.0162856,0.0,-0.999867],
        [-1.34985,0.0,4.30005]
      ]
    }
  },
  {
    "node": {
      "name": "$#sandboxs_a",
      "tm": [
        [1.0,0.0,0.0],
        [0.0,1.0,0.0],
        [0.0,0.0,1.0],
        [-1.34985,0.0,3.1499]
      ]
    }
  },
  {
    "node": {
      "name": "$#sandboxs_a",
      "tm": [
        [0.0755523,0.0,0.997142],
        [0.0,1.0,0.0],
        [-0.997142,0.0,0.0755523],
        [-1.34985,0.0,6.5]
      ]
    }
  },
  {
    "node": {
      "name": "$#sandboxs_a",
      "tm": [
        [1.0,0.0,0.0],
        [0.0,1.0,0.0],
        [0.0,0.0,1.0],
        [-1.34985,0.0,5.3501]
      ]
    }
  },
  {
    "node": {
      "name": "$#sandboxs_a",
      "tm": [
        [-0.0512447,0.0,0.998686],
        [0.0,1.0,0.0],
        [-0.998686,0.0,-0.0512447],
        [-1.34985,0.0,-0.300049]
      ]
    }
  },
  {
    "node": {
      "name": "$#sandboxs_a",
      "tm": [
        [1.0,0.0,0.0],
        [0.0,1.0,0.0],
        [0.0,0.0,1.0],
        [-1.34985,0.0,-1.44995]
      ]
    }
  },
  {
    "node": {
      "name": "$#sandboxs_a",
      "tm": [
        [1.0,0.0,0.0],
        [0.0,1.0,0.0],
        [0.0,0.0,1.0],
        [-1.34985,0.0,-5.94995]
      ]
    }
  },
  {
    "node": {
      "name": "$#sandboxs_a",
      "tm": [
        [-0.999867,0.0,-0.0162856],
        [0.0,1.0,0.0],
        [0.0162856,0.0,-0.999867],
        [-1.34985,0.0,-4.80005]
      ]
    }
  },
  {
    "node": {
      "name": "$#sandboxs_a",
      "tm": [
        [0.0228199,0.0,-0.99974],
        [0.0,1.0,0.0],
        [0.99974,0.0,0.0228199],
        [-1.34985,0.0,-2.5]
      ]
    }
  },
  {
    "node": {
      "name": "$#sandboxs_a",
      "tm": [
        [0.995506,0.0,-0.0946993],
        [0.0,1.0,0.0],
        [0.0946993,0.0,0.995506],
        [-1.34985,0.0,-3.6499]
      ]
    }
  },
  {
    "node": {
      "name": "$#sandboxs_a",
      "tm": [
        [1.0,0.0,0.0],
        [0.0,1.0,0.0],
        [0.0,0.0,1.0],
        [-2.5,0.0,0.149902]
      ]
    }
  },
  {
    "node": {
      "name": "$#sandboxs_a",
      "tm": [
        [-0.999867,0.0,-0.0162856],
        [0.0,1.0,0.0],
        [0.0162856,0.0,-0.999867],
        [-2.5,0.0,1.30005]
      ]
    }
  },
  {
    "node": {
      "name": "$#sandboxs_a",
      "tm": [
        [0.00237734,0.0,-0.999997],
        [0.0,1.0,0.0],
        [0.999997,0.0,0.00237734],
        [-2.5,0.0,3.6001]
      ]
    }
  },
  {
    "node": {
      "name": "$#sandboxs_a",
      "tm": [
        [-0.999867,0.0,-0.0162856],
        [0.0,1.0,0.0],
        [0.0162856,0.0,-0.999867],
        [-2.5,0.0,2.44995]
      ]
    }
  },
  {
    "node": {
      "name": "$#sandboxs_a",
      "tm": [
        [1.0,0.0,0.0],
        [0.0,1.0,0.0],
        [0.0,0.0,1.0],
        [-2.5,0.0,5.80005]
      ]
    }
  },
  {
    "node": {
      "name": "$#sandboxs_a",
      "tm": [
        [-0.999867,0.0,-0.0162856],
        [0.0,1.0,0.0],
        [0.0162856,0.0,-0.999867],
        [-2.5,0.0,4.6499]
      ]
    }
  },
  {
    "node": {
      "name": "$#sandboxs_a",
      "tm": [
        [-0.994784,0.0,-0.102006],
        [0.0,1.0,0.0],
        [0.102006,0.0,-0.994784],
        [-2.5,0.0,-1.0]
      ]
    }
  },
  {
    "node": {
      "name": "$#sandboxs_a",
      "tm": [
        [0.00237734,0.0,-0.999997],
        [0.0,1.0,0.0],
        [0.999997,0.0,0.00237734],
        [-2.5,0.0,-2.1499]
      ]
    }
  },
  {
    "node": {
      "name": "$#sandboxs_a",
      "tm": [
        [0.998793,0.0,0.0491273],
        [0.0,1.0,0.0],
        [-0.0491273,0.0,0.998793],
        [-2.5,0.0,-5.5]
      ]
    }
  },
  {
    "node": {
      "name": "$#sandboxs_a",
      "tm": [
        [-0.997492,0.0688861,-0.0162469],
        [0.068877,0.997625,0.00112185],
        [0.0162856,0.0,-0.999867],
        [-2.5,0.0,-3.19995]
      ]
    }
  },
  {
    "node": {
      "name": "$#sandboxs_a",
      "tm": [
        [0.00237734,0.0,-0.999997],
        [0.0,1.0,0.0],
        [0.999997,0.0,0.00237734],
        [-2.5,0.0,-4.3501]
      ]
    }
  },
  {
    "node": {
      "name": "$#sandboxs_a",
      "tm": [
        [-0.0186626,0.0,0.999826],
        [-0.0257735,0.999668,-0.000481082],
        [-0.999494,-0.0257779,-0.0186564],
        [-2.3999,0.0,6.80005]
      ]
    }
  },
  {
    "node": {
      "name": "#sandbags_d",
      "tm": [
        [1.0,0.0,0.0],
        [0.0,1.0,0.0],
        [0.0,0.0,1.0],
        [-3.59985,0.0,-6.6499]
      ]
    }
  },
  {
    "node": {
      "name": "#sandbags_a",
      "tm": [
        [1.0,0.0,0.0],
        [0.0,1.0,0.0],
        [0.0,0.0,1.0],
        [-0.599854,0.0,-3.5]
      ]
    }
  },
  {
    "node": {
      "name": "#sandbags_a",
      "tm": [
        [-0.999963,0.0,-0.00862452],
        [0.0,1.0,0.0],
        [0.00862452,0.0,-0.999963],
        [-0.599854,0.0,-0.149902]
      ]
    }
  },
  {
    "node": {
      "name": "#sandbags_a",
      "tm": [
        [1.0,0.0,0.0],
        [0.0,1.0,0.0],
        [0.0,0.0,1.0],
        [-0.599854,0.0,3.69995]
      ]
    }
  },
  {
    "node": {
      "name": "#sandbags_a",
      "tm": [
        [1.0,0.0,0.0],
        [0.0,1.0,0.0],
        [0.0,0.0,1.0],
        [-3.30005,0.0,3.69995]
      ]
    }
  },
  {
    "node": {
      "name": "#sandbags_a",
      "tm": [
        [1.0,0.0,0.0],
        [0.0,1.0,0.0],
        [0.0,0.0,1.0],
        [-3.30005,0.0,-3.5]
      ]
    }
  },
  {
    "node": {
      "name": "#sandbags_a",
      "tm": [
        [1.0,0.0,0.0],
        [0.0,1.0,0.0],
        [0.0,0.0,1.0],
        [-3.30005,0.0,0.100098]
      ]
    }
  },
  {
    "node": {
      "name": "#sandbags_e",
      "tm": [
        [1.0,0.0,0.0],
        [0.0,1.0,0.0],
        [0.0,0.0,1.0],
        [-0.0998535,0.0,-2.30005]
      ]
    }
  },
  {
    "node": {
      "name": "#sandbags_e",
      "tm": [
        [1.0,0.0,0.0],
        [0.0,1.0,0.0],
        [0.0,0.0,1.0],
        [-0.0998535,0.0,1.80005]
      ]
    }
  },
  {
    "node": {
      "name": "#sandbags_d",
      "tm": [
        [1.0,0.0,0.0],
        [0.0,1.0,0.0],
        [0.0,0.0,1.0],
        [-0.0500488,0.0,5.1001]
      ]
    }
  },
  {
    "node": {
      "name": "$#sandboxs_a",
      "tm": [
        [0.99847,0.0,0.0553028],
        [0.00486225,0.996127,-0.0877859],
        [-0.0550886,0.0879205,0.994603],
        [-0.300049,0.0,5.8999]
      ]
    }
  },
  {
    "node": {
      "name": "$#sandboxs_a",
      "tm": [
        [0.00237734,0.0,-0.999997],
        [0.0,1.0,0.0],
        [0.999997,0.0,0.00237734],
        [-0.300049,0.0,-5.75]
      ]
    }
  },
  {
    "node": {
      "name": "$#sandboxs_a",
      "tm": [
        [-0.999867,0.0,-0.0162856],
        [-0.000957243,0.998271,0.0587708],
        [0.0162574,0.0587786,-0.998139],
        [-0.349854,0.0,6.8501]
      ]
    }
  },
  {
    "node": {
      "name": "$#sandboxs_a",
      "tm": [
        [-0.999867,0.0,-0.0162856],
        [0.0,1.0,0.0],
        [0.0162856,0.0,-0.999867],
        [0.699951,0.0,6.8501]
      ]
    }
  },
  {
    "node": {
      "name": "$#sandboxs_a",
      "tm": [
        [-0.0186626,0.0,0.999826],
        [0.0,1.0,0.0],
        [-0.999826,0.0,-0.0186626],
        [0.75,0.0,5.8999]
      ]
    }
  },
  {
    "node": {
      "name": "$#sandboxs_a",
      "tm": [
        [0.00237734,0.0,-0.999997],
        [0.0,1.0,0.0],
        [0.999997,0.0,0.00237734],
        [-0.300049,0.0,-6.8501]
      ]
    }
  },
  {
    "node": {
      "name": "$#sandboxs_a",
      "tm": [
        [0.00237734,0.0,-0.999997],
        [0.0,1.0,0.0],
        [0.999997,0.0,0.00237734],
        [0.699951,0.0,-6.8501]
      ]
    }
  },
  {
    "node": {
      "name": "$#sandboxs_a",
      "tm": [
        [-0.996918,0.0,0.0784554],
        [0.0,1.0,0.0],
        [-0.0784554,0.0,-0.996918],
        [0.699951,0.0,-5.75]
      ]
    }
  },
  {
    "node": {
      "name": "$#sandboxs_a",
      "tm": [
        [-0.999867,0.0,-0.0162856],
        [0.0,1.0,0.0],
        [0.0162856,0.0,-0.999867],
        [-1.34985,0.0,7.5]
      ]
    }
  },
  {
    "node": {
      "name": "$#sandboxs_a",
      "tm": [
        [-0.999867,0.0,-0.0162856],
        [0.0,1.0,0.0],
        [0.0162856,0.0,-0.999867],
        [-1.34985,0.0,-7.05005]
      ]
    }
  },
  {
    "node": {
      "name": "$#sandboxs_a",
      "tm": [
        [-0.999867,0.0,-0.0162856],
        [0.0,1.0,0.0],
        [0.0162856,0.0,-0.999867],
        [-2.5,0.0,-6.6499]
      ]
    }
  }
]