{
  "className": "composit",
  "node": [
    {
      "type": "rendInst",
      "name": "#88mm_flak_36_canon_b",
      "tm": [
        [
          -0.0663411,
          0.0,
          -0.997797
        ],
        [
          0.0,
          1.0,
          0.0
        ],
        [
          0.997797,
          0.0,
          -0.0663411
        ],
        [
          0.0,
          0.0,
          0.0
        ]
      ]
    },
    {
      "type": "rendInst",
      "name": "#sandbags_a",
      "tm": [
        [
          0.965827,
          0.0,
          0.259188
        ],
        [
          0.0,
          1.0,
          0.0
        ],
        [
          -0.259188,
          0.0,
          0.965827
        ],
        [
          -4.5,
          0.062798,
          -2.3501
        ]
      ]
    },
    {
      "type": "rendInst",
      "name": "#sandbags_a",
      "tm": [
        [
          0.609064,
          0.0,
          -0.793121
        ],
        [
          0.0,
          1.0,
          0.0
        ],
        [
          0.793121,
          0.0,
          0.609064
        ],
        [
          -2.19995,
          -0.306309,
          4.90002
        ]
      ]
    },
    {
      "type": "rendInst",
      "name": "#sandbags_a",
      "tm": [
        [
          0.422273,
          0.0,
          0.906469
        ],
        [
          0.0,
          1.0,
          0.0
        ],
        [
          -0.906469,
          0.0,
          0.422273
        ],
        [
          -2.19995,
          0.274333,
          -5.40002
        ]
      ]
    },
    {
      "type": "rendInst",
      "name": "#sandbags_a",
      "tm": [
        [
          0.976379,
          0.0,
          -0.216067
        ],
        [
          0.0,
          1.0,
          0.0
        ],
        [
          0.216067,
          0.0,
          0.976379
        ],
        [
          -4.6499,
          -0.173589,
          1.69995
        ]
      ]
    }
  ]
}