{
  "className": "composit",
  "node": [
    {
      "type": "rendInst",
      "name": "%hangar_stone_small_e",
      "tm": [
        [
          2.19635,
          0.115372,
          -0.691602
        ],
        [
          0.249507,
          1.99667,
          1.12545
        ],
        [
          0.655263,
          -1.14699,
          1.88961
        ],
        [
          0.0,
          0.0,
          0.0
        ]
      ],
      "toGround": false
    },
    {
      "type": "rendInst",
      "name": "%hangar_stone_small_e",
      "tm": [
        [
          -1.19138,
          -0.892669,
          1.7605
        ],
        [
          0.837388,
          1.63353,
          1.39498
        ],
        [
          -1.78745,
          1.36026,
          -0.519893
        ],
        [
          1.69995,
          0.6,
          -2.5
        ]
      ],
      "toGround": false
    },
    {
      "type": "rendInst",
      "name": "%af_concrete_block_big",
      "tm": [
        [
          0.932942,
          0.0,
          -0.360027
        ],
        [
          0.0,
          1.0,
          0.0
        ],
        [
          0.360027,
          0.0,
          0.932942
        ],
        [
          21.9299,
          1.25337,
          -10.2609
        ]
      ],
      "toGround": false
    },
    {
      "type": "rendInst",
      "name": "%af_concrete_block_big",
      "tm": [
        [
          0.725661,
          0.0,
          -0.688053
        ],
        [
          0.0,
          1.0,
          0.0
        ],
        [
          0.688053,
          0.0,
          0.725661
        ],
        [
          -5.41003,
          0.80713,
          -0.829796
        ]
      ],
      "toGround": false
    },
    {
      "type": "rendInst",
      "name": "%af_concrete_block_big",
      "tm": [
        [
          0.68318,
          0.0,
          -0.73025
        ],
        [
          0.0,
          1.0,
          0.0
        ],
        [
          0.73025,
          0.0,
          0.68318
        ],
        [
          -10.28,
          0.80713,
          4.0605
        ]
      ],
      "toGround": false
    },
    {
      "type": "rendInst",
      "name": "%hangar_stone_small_e",
      "tm": [
        [
          0.667558,
          0.262795,
          -2.50163
        ],
        [
          0.241335,
          -2.58298,
          -0.206941
        ],
        [
          -2.50379,
          -0.178901,
          -0.686929
        ],
        [
          -16.05,
          -1.35,
          22.0
        ]
      ],
      "toGround": false
    }
  ]
}