{
  "className": "composit",
  "node": [
    {
      "type": "rendInst",
      "name": "%hangar_rope_fence_column",
      "tm": [
        [
          0.998578,
          0.0,
          -0.0533069
        ],
        [
          0.0,
          1.0,
          0.0
        ],
        [
          0.0533069,
          0.0,
          0.998578
        ],
        [
          0.0,
          0.0,
          0.0
        ]
      ],
      "toGround": false
    },
    {
      "type": "rendInst",
      "name": "%hangar_rope_fence_column",
      "tm": [
        [
          0.718375,
          0.0,
          0.695655
        ],
        [
          0.0,
          1.0,
          0.0
        ],
        [
          -0.695655,
          0.0,
          0.718375
        ],
        [
          -3.26001,
          0.0,
          -4.63001
        ]
      ],
      "toGround": false
    },
    {
      "type": "rendInst",
      "name": "%hangar_rope_fence_column",
      "tm": [
        [
          0.87546,
          0.0,
          0.483291
        ],
        [
          0.0,
          1.0,
          0.0
        ],
        [
          -0.483291,
          0.0,
          0.87546
        ],
        [
          -2.68994,
          0.0,
          -2.74298
        ]
      ],
      "toGround": false
    },
    {
      "type": "rendInst",
      "name": "%hangar_rope_fence_column",
      "tm": [
        [
          0.997028,
          0.0,
          -0.077047
        ],
        [
          0.0,
          1.0,
          0.0
        ],
        [
          0.077047,
          0.0,
          0.997028
        ],
        [
          -1.55994,
          0.0,
          -1.17902
        ]
      ],
      "toGround": false
    },
    {
      "type": "rendInst",
      "name": "%hangar_rope_fence_column",
      "tm": [
        [
          0.805152,
          0.0,
          -0.593071
        ],
        [
          0.0,
          1.0,
          0.0
        ],
        [
          0.593071,
          0.0,
          0.805152
        ],
        [
          1.77002,
          0.0,
          0.83703
        ]
      ],
      "toGround": false
    },
    {
      "type": "rendInst",
      "name": "%hangar_rope_fence_column",
      "tm": [
        [
          0.507363,
          0.0,
          -0.861732
        ],
        [
          0.0,
          1.0,
          0.0
        ],
        [
          0.861732,
          0.0,
          0.507363
        ],
        [
          3.75,
          0.0,
          0.927
        ]
      ],
      "toGround": false
    }
  ]
}