{
  "className": "composit",
  "node": [
    {
      "type": "rendInst",
      "name": "%hangar_rope_fence_column",
      "tm": [
        [
          -0.281426,
          0.0,
          0.959583
        ],
        [
          0.0,
          1.0,
          0.0
        ],
        [
          -0.959583,
          0.0,
          -0.281426
        ],
        [
          0.0,
          0.0,
          0.0
        ]
      ],
      "toGround": false
    },
    {
      "type": "rendInst",
      "name": "%hangar_rope_fence_column",
      "tm": [
        [
          -0.281426,
          0.0,
          0.959583
        ],
        [
          0.0,
          1.0,
          0.0
        ],
        [
          -0.959583,
          0.0,
          -0.281426
        ],
        [
          1.67114,
          0.0,
          -0.164738
        ]
      ],
      "toGround": false
    },
    {
      "type": "rendInst",
      "name": "%hangar_rope_fence_column",
      "tm": [
        [
          -0.281426,
          0.0,
          0.959583
        ],
        [
          0.0,
          1.0,
          0.0
        ],
        [
          -0.959583,
          0.0,
          -0.281426
        ],
        [
          -1.9165,
          0.0,
          0.378231
        ]
      ],
      "toGround": false
    },
    {
      "type": "rendInst",
      "name": "%hangar_rope_fence_column",
      "tm": [
        [
          -0.281426,
          0.0,
          0.959583
        ],
        [
          0.0,
          1.0,
          0.0
        ],
        [
          -0.959583,
          0.0,
          -0.281426
        ],
        [
          -1.90686,
          0.0,
          -5.30915
        ]
      ],
      "toGround": false
    },
    {
      "type": "rendInst",
      "name": "%hangar_rope_fence_column",
      "tm": [
        [
          -0.281426,
          0.0,
          0.959583
        ],
        [
          0.0,
          1.0,
          0.0
        ],
        [
          -0.959583,
          0.0,
          -0.281426
        ],
        [
          0.0108643,
          0.0,
          -4.91858
        ]
      ],
      "toGround": false
    },
    {
      "type": "rendInst",
      "name": "%hangar_rope_fence_column",
      "tm": [
        [
          -0.281426,
          0.0,
          0.959583
        ],
        [
          0.0,
          1.0,
          0.0
        ],
        [
          -0.959583,
          0.0,
          -0.281426
        ],
        [
          1.62988,
          0.0,
          -4.78382
        ]
      ],
      "toGround": false
    }
  ]
}