{
  "className": "composit",
  "node": [
    {
      "type": "rendInst",
      "name": "%hangar_rope_fence_section_a",
      "tm": [
        [
          0.806791,
          0.0,
          0.590838
        ],
        [
          0.0,
          1.0,
          0.0
        ],
        [
          -0.590838,
          0.0,
          0.806791
        ],
        [
          0.0,
          0.0,
          0.0
        ]
      ],
      "toGround": false
    },
    {
      "type": "rendInst",
      "name": "%hangar_rope_fence_section_a",
      "tm": [
        [
          0.899299,
          0.0,
          0.437339
        ],
        [
          0.0,
          1.0,
          0.0
        ],
        [
          -0.437339,
          0.0,
          0.899299
        ],
        [
          1.65002,
          0.0,
          0.993959
        ]
      ],
      "toGround": false
    },
    {
      "type": "rendInst",
      "name": "%hangar_rope_fence_section_a",
      "tm": [
        [
          0.998808,
          0.0,
          0.0488079
        ],
        [
          0.0,
          1.0,
          0.0
        ],
        [
          -0.0488079,
          0.0,
          0.998808
        ],
        [
          3.53003,
          0.0,
          1.46497
        ]
      ],
      "toGround": false
    },
    {
      "type": "rendInst",
      "name": "%hangar_rope_fence_section_a",
      "tm": [
        [
          0.571989,
          0.0,
          0.820263
        ],
        [
          0.0,
          1.0,
          0.0
        ],
        [
          -0.820263,
          0.0,
          0.571989
        ],
        [
          -1.34998,
          0.0,
          -1.36804
        ]
      ],
      "toGround": false
    },
    {
      "type": "rendInst",
      "name": "%hangar_rope_fence_section_a",
      "tm": [
        [
          0.291214,
          0.0,
          0.956659
        ],
        [
          0.0,
          1.0,
          0.0
        ],
        [
          -0.956659,
          0.0,
          0.291214
        ],
        [
          -2.18994,
          0.0,
          -3.11304
        ]
      ],
      "toGround": false
    }
  ]
}