{
  "classname": "composit",
  "node": [
    {
      "name": "%sapa_borer_a_base_a",
      "tm": [
        [
          1.0,
          0.0,
          0.0
        ],
        [
          0.0,
          1.0,
          0.0
        ],
        [
          0.0,
          0.0,
          1.0
        ],
        [
          0.0,
          0.0,
          0.0
        ]
      ]
    },
    {
      "name": "%sapa_borer_a_body",
      "tm": [
        [
          1.0,
          0.0,
          0.0
        ],
        [
          0.0,
          1.0,
          0.0
        ],
        [
          0.0,
          0.0,
          1.0
        ],
        [
          -1.038,
          1.0662,
          0.0
        ]
      ]
    },
    {
      "name": "%sapa_borer_a_chassis",
      "tm": [
        [
          1.0,
          0.0,
          0.0
        ],
        [
          0.0,
          1.0,
          0.0
        ],
        [
          0.0,
          0.0,
          1.0
        ],
        [
          1.2421,
          0.0,
          0.0
        ]
      ]
    },
    {
      "name": "%sapa_borer_tractor_a_snow",
      "tm": [
        [
          1.0,
          0.0,
          0.0
        ],
        [
          0.0,
          1.0,
          0.0
        ],
        [
          0.0,
          0.0,
          1.0
        ],
        [
          0.0,
          0.0,
          0.0
        ]
      ]
    },
    {
      "name": "%projectiles_crate_large_c",
      "tm": [
        [
          -0.998614,
          -0.0291463,
          -0.0438264
        ],
        [
          -0.029619,
          0.99951,
          0.0101764
        ],
        [
          0.0435085,
          0.0114605,
          -0.998987
        ],
        [
          -2.26898,
          0.0,
          -1.92993
        ]
      ]
    },
    {
      "name": "%projectiles_crate_medium_a",
      "tm": [
        [
          -0.276946,
          -0.0291463,
          -0.960444
        ],
        [
          -0.0190912,
          0.99951,
          -0.0248267
        ],
        [
          0.960696,
          0.0114605,
          -0.277367
        ],
        [
          -2.26898,
          0.0482483,
          1.94785
        ]
      ]
    },
    {
      "name": "%projectiles_crate_large_c",
      "tm": [
        [
          -0.573518,
          -0.0291463,
          0.818675
        ],
        [
          -0.00733159,
          0.99951,
          0.0304482
        ],
        [
          -0.81916,
          0.0114605,
          -0.57345
        ],
        [
          -3.06,
          0.164856,
          -0.409912
        ]
      ]
    },
    {
      "name": "%projectiles_crate_medium_b",
      "tm": [
        [
          -0.0433755,
          -0.0291463,
          -0.998634
        ],
        [
          -0.0127191,
          0.99951,
          -0.0286194
        ],
        [
          0.998977,
          0.0114605,
          -0.0437246
        ],
        [
          -3.974,
          0.253265,
          -1.6499
        ]
      ]
    },
    {
      "name": "%projectiles_crate_large_c",
      "tm": [
        [
          -0.95338,
          -0.0291463,
          0.300363
        ],
        [
          -0.0243522,
          0.99951,
          0.019693
        ],
        [
          -0.300789,
          0.0114605,
          -0.953621
        ],
        [
          -1.19104,
          1.3,
          -0.0598145
        ]
      ]
    }
  ]
}