{
  "className": "composit",
  "node": [
    {
      "type": "rendInst",
      "name": "$floor_carpet_a",
      "tm": [
        [
          0.151802,
          0.0,
          0.108111
        ],
        [
          0.0,
          0.375629,
          0.0
        ],
        [
          -0.0752857,
          0.0,
          0.105711
        ],
        [
          0.0,
          0.0,
          0.0
        ]
      ],
      "toGround": false
    },
    {
      "type": "rendInst",
      "name": "$large_pedestal_b",
      "tm": [
        [
          0.220865,
          0.0,
          -0.296037
        ],
        [
          0.0,
          1.0,
          0.0
        ],
        [
          0.499989,
          0.0,
          0.373026
        ],
        [
          -4.80005,
          -1.70779,
          4.29602
        ]
      ],
      "toGround": false
    },
    {
      "type": "rendInst",
      "name": "$hangar_rope_fence_column",
      "tm": [
        [
          0.998578,
          0.0,
          -0.0533069
        ],
        [
          0.0,
          1.0,
          0.0
        ],
        [
          0.0533069,
          0.0,
          0.998578
        ],
        [
          -4.80005,
          0.59861,
          7.88898
        ]
      ],
      "toGround": false
    },
    {
      "type": "rendInst",
      "name": "$hangar_rope_fence_section_a",
      "tm": [
        [
          0.899299,
          0.0,
          0.437339
        ],
        [
          0.0,
          1.0,
          0.0
        ],
        [
          -0.437339,
          0.0,
          0.899299
        ],
        [
          -3.91003,
          0.5831,
          8.28998
        ]
      ],
      "toGround": false
    },
    {
      "type": "rendInst",
      "name": "$hangar_rope_fence_column",
      "tm": [
        [
          0.805152,
          0.0,
          -0.593071
        ],
        [
          0.0,
          1.0,
          0.0
        ],
        [
          0.593071,
          0.0,
          0.805152
        ],
        [
          -3.03003,
          0.59861,
          8.72601
        ]
      ],
      "toGround": false
    },
    {
      "type": "rendInst",
      "name": "$hangar_rope_fence_section_a",
      "tm": [
        [
          0.998808,
          0.0,
          0.0488079
        ],
        [
          0.0,
          1.0,
          0.0
        ],
        [
          -0.0488079,
          0.0,
          0.998808
        ],
        [
          -2.03003,
          0.5831,
          8.76099
        ]
      ],
      "toGround": false
    },
    {
      "type": "rendInst",
      "name": "$hangar_rope_fence_column",
      "tm": [
        [
          0.507363,
          0.0,
          -0.861732
        ],
        [
          0.0,
          1.0,
          0.0
        ],
        [
          0.861732,
          0.0,
          0.507363
        ],
        [
          -1.05005,
          0.59861,
          8.81598
        ]
      ],
      "toGround": false
    },
    {
      "type": "rendInst",
      "name": "$hangar_rope_fence_column",
      "tm": [
        [
          0.87546,
          0.0,
          0.483291
        ],
        [
          0.0,
          1.0,
          0.0
        ],
        [
          -0.483291,
          0.0,
          0.87546
        ],
        [
          -7.48999,
          0.59861,
          5.146
        ]
      ],
      "toGround": false
    },
    {
      "type": "rendInst",
      "name": "$hangar_rope_fence_section_a",
      "tm": [
        [
          0.571989,
          0.0,
          0.820263
        ],
        [
          0.0,
          1.0,
          0.0
        ],
        [
          -0.820263,
          0.0,
          0.571989
        ],
        [
          -6.91003,
          0.5831,
          5.92798
        ]
      ],
      "toGround": false
    },
    {
      "type": "rendInst",
      "name": "$hangar_rope_fence_column",
      "tm": [
        [
          0.997028,
          0.0,
          -0.077047
        ],
        [
          0.0,
          1.0,
          0.0
        ],
        [
          0.077047,
          0.0,
          0.997028
        ],
        [
          -6.35999,
          0.59861,
          6.70996
        ]
      ],
      "toGround": false
    },
    {
      "type": "rendInst",
      "name": "$hangar_rope_fence_section_a",
      "tm": [
        [
          0.806791,
          0.0,
          0.590838
        ],
        [
          0.0,
          1.0,
          0.0
        ],
        [
          -0.590838,
          0.0,
          0.806791
        ],
        [
          -5.56006,
          0.5831,
          7.29602
        ]
      ],
      "toGround": false
    },
    {
      "type": "rendInst",
      "name": "$hangar_rope_fence_section_a",
      "tm": [
        [
          0.291214,
          0.0,
          0.956659
        ],
        [
          0.0,
          1.0,
          0.0
        ],
        [
          -0.956659,
          0.0,
          0.291214
        ],
        [
          -7.75,
          0.5831,
          4.18298
        ]
      ],
      "toGround": false
    },
    {
      "type": "rendInst",
      "name": "$hangar_rope_fence_column",
      "tm": [
        [
          0.718375,
          0.0,
          0.695655
        ],
        [
          0.0,
          1.0,
          0.0
        ],
        [
          -0.695655,
          0.0,
          0.718375
        ],
        [
          -8.06006,
          0.59861,
          3.25897
        ]
      ],
      "toGround": false
    },
    {
      "type": "rendInst",
      "name": "$floor_carpet_a",
      "tm": [
        [
          0.151802,
          0.0,
          0.108111
        ],
        [
          0.0,
          0.375629,
          0.0
        ],
        [
          -0.0752857,
          0.0,
          0.105711
        ],
        [
          -1.41003,
          -0.00550008,
          -0.994019
        ]
      ],
      "toGround": false
    },
    {
      "type": "rendInst",
      "name": "$anniversary_gift_confetti_a",
      "tm": [
        [
          -0.367651,
          0.0,
          0.278501
        ],
        [
          0.0,
          0.461228,
          0.0
        ],
        [
          -0.278501,
          0.0,
          -0.367651
        ],
        [
          -0.369995,
          0.0066998,
          3.27698
        ]
      ],
      "toGround": false
    },
    {
      "type": "rendInst",
      "name": "$floor_carpet_a",
      "tm": [
        [
          0.151802,
          0.0,
          0.108111
        ],
        [
          0.0,
          0.375629,
          0.0
        ],
        [
          -0.0752857,
          0.0,
          0.105711
        ],
        [
          1.55994,
          -0.00550008,
          1.10297
        ]
      ],
      "toGround": false
    },
    {
      "type": "rendInst",
      "name": "$floor_carpet_a",
      "tm": [
        [
          0.151802,
          0.0,
          0.108111
        ],
        [
          0.0,
          0.375629,
          0.0
        ],
        [
          -0.0752857,
          0.0,
          0.105711
        ],
        [
          11.5,
          -0.00552011,
          -12.848
        ]
      ],
      "toGround": false
    },
    {
      "type": "rendInst",
      "name": "$floor_carpet_a",
      "tm": [
        [
          0.151802,
          0.0,
          0.108111
        ],
        [
          0.0,
          0.375629,
          0.0
        ],
        [
          -0.0752857,
          0.0,
          0.105711
        ],
        [
          8.54004,
          -0.00552011,
          -14.946
        ]
      ],
      "toGround": false
    },
    {
      "type": "rendInst",
      "name": "$anniversary_gift_confetti_a",
      "tm": [
        [
          -0.367651,
          0.0,
          0.278501
        ],
        [
          0.0,
          0.461228,
          0.0
        ],
        [
          -0.278501,
          0.0,
          -0.367651
        ],
        [
          0.660034,
          0.0066998,
          -1.57501
        ]
      ],
      "toGround": false
    },
    {
      "type": "rendInst",
      "name": "$floor_carpet_a",
      "tm": [
        [
          0.151802,
          0.0,
          0.108111
        ],
        [
          0.0,
          0.375629,
          0.0
        ],
        [
          -0.0752857,
          0.0,
          0.105711
        ],
        [
          6.54004,
          -0.00551009,
          -5.85199
        ]
      ],
      "toGround": false
    },
    {
      "type": "rendInst",
      "name": "$floor_carpet_a",
      "tm": [
        [
          0.151802,
          0.0,
          0.108111
        ],
        [
          0.0,
          0.375629,
          0.0
        ],
        [
          -0.0752857,
          0.0,
          0.105711
        ],
        [
          3.56995,
          -0.00551009,
          -7.94904
        ]
      ],
      "toGround": false
    },
    {
      "type": "rendInst",
      "name": "$floor_carpet_a",
      "tm": [
        [
          0.151802,
          0.0,
          0.108111
        ],
        [
          0.0,
          0.375629,
          0.0
        ],
        [
          -0.0752857,
          0.0,
          0.105711
        ],
        [
          4.97998,
          -1.00136E-05,
          -6.95502
        ]
      ],
      "toGround": false
    },
    {
      "type": "rendInst",
      "name": "$floor_carpet_a",
      "tm": [
        [
          0.151802,
          0.0,
          0.108111
        ],
        [
          0.0,
          0.375629,
          0.0
        ],
        [
          -0.0752857,
          0.0,
          0.105711
        ],
        [
          9.93994,
          -2.00272E-05,
          -13.952
        ]
      ],
      "toGround": false
    },
    {
      "type": "rendInst",
      "name": "$anniversary_gift_confetti_a",
      "tm": [
        [
          -0.367651,
          0.0,
          0.278501
        ],
        [
          0.0,
          0.461228,
          0.0
        ],
        [
          -0.278501,
          0.0,
          -0.367651
        ],
        [
          2.55994,
          0.0066998,
          -7.69702
        ]
      ],
      "toGround": false
    },
    {
      "type": "rendInst",
      "name": "$anniversary_gift_confetti_a",
      "tm": [
        [
          -0.367651,
          0.0,
          0.278501
        ],
        [
          0.0,
          0.461228,
          0.0
        ],
        [
          -0.278501,
          0.0,
          -0.367651
        ],
        [
          9.96997,
          0.0066998,
          -9.94501
        ]
      ],
      "toGround": false
    }
  ]
}