{
  "className": "composit",
  "node": [
    {
      "type": "rendInst",
      "name": "$anniversary_gift_confetti_a",
      "tm": [
        [
          -0.0786365,
          0.0,
          0.454474
        ],
        [
          0.0,
          0.461228,
          0.0
        ],
        [
          -0.454474,
          0.0,
          -0.0786365
        ],
        [
          0.0,
          0.0,
          0.0
        ]
      ],
      "toGround": false
    },
    {
      "type": "rendInst",
      "name": "$hangar_rope_fence_column",
      "tm": [
        [
          0.760201,
          0.0,
          -0.649688
        ],
        [
          0.0,
          1.0,
          0.0
        ],
        [
          0.649688,
          0.0,
          0.760201
        ],
        [
          1.04187,
          0.597898,
          6.55762
        ]
      ],
      "toGround": false
    },
    {
      "type": "rendInst",
      "name": "$hangar_rope_fence_section_a",
      "tm": [
        [
          0.979828,
          0.0,
          -0.199851
        ],
        [
          0.0,
          1.0,
          0.0
        ],
        [
          0.199851,
          0.0,
          0.979828
        ],
        [
          1.99084,
          0.582397,
          6.33563
        ]
      ],
      "toGround": false
    },
    {
      "type": "rendInst",
      "name": "$hangar_rope_fence_column",
      "tm": [
        [
          0.278362,
          0.0,
          -0.960477
        ],
        [
          0.0,
          1.0,
          0.0
        ],
        [
          0.960477,
          0.0,
          0.278362
        ],
        [
          2.95483,
          0.597898,
          6.14661
        ]
      ],
      "toGround": false
    },
    {
      "type": "rendInst",
      "name": "$hangar_rope_fence_section_a",
      "tm": [
        [
          0.822494,
          0.0,
          -0.568774
        ],
        [
          0.0,
          1.0,
          0.0
        ],
        [
          0.568774,
          0.0,
          0.822494
        ],
        [
          3.76886,
          0.582397,
          5.56659
        ]
      ],
      "toGround": false
    },
    {
      "type": "rendInst",
      "name": "$hangar_rope_fence_column",
      "tm": [
        [
          -0.121419,
          0.0,
          -0.992601
        ],
        [
          0.0,
          1.0,
          0.0
        ],
        [
          0.992601,
          0.0,
          -0.121419
        ],
        [
          4.57983,
          0.597898,
          5.01459
        ]
      ],
      "toGround": false
    },
    {
      "type": "rendInst",
      "name": "$hangar_rope_fence_column",
      "tm": [
        [
          0.988856,
          0.0,
          -0.148876
        ],
        [
          0.0,
          1.0,
          0.0
        ],
        [
          0.148876,
          0.0,
          0.988856
        ],
        [
          -2.76312,
          0.597898,
          6.01764
        ]
      ],
      "toGround": false
    },
    {
      "type": "rendInst",
      "name": "$hangar_rope_fence_section_a",
      "tm": [
        [
          0.952935,
          0.0,
          0.303179
        ],
        [
          0.0,
          1.0,
          0.0
        ],
        [
          -0.303179,
          0.0,
          0.952935
        ],
        [
          -1.83313,
          0.582397,
          6.28961
        ]
      ],
      "toGround": false
    },
    {
      "type": "rendInst",
      "name": "$hangar_rope_fence_column",
      "tm": [
        [
          0.744531,
          0.0,
          -0.667589
        ],
        [
          0.0,
          1.0,
          0.0
        ],
        [
          0.667589,
          0.0,
          0.744531
        ],
        [
          -0.916138,
          0.597898,
          6.57263
        ]
      ],
      "toGround": false
    },
    {
      "type": "rendInst",
      "name": "$hangar_rope_fence_section_a",
      "tm": [
        [
          0.999764,
          0.0,
          -0.0217437
        ],
        [
          0.0,
          1.0,
          0.0
        ],
        [
          0.0217437,
          0.0,
          0.999764
        ],
        [
          0.0738525,
          0.582397,
          6.55261
        ]
      ],
      "toGround": false
    },
    {
      "type": "rendInst",
      "name": "$hangar_rope_fence_section_a",
      "tm": [
        [
          0.813031,
          0.0,
          0.582223
        ],
        [
          0.0,
          1.0,
          0.0
        ],
        [
          -0.582223,
          0.0,
          0.813031
        ],
        [
          -3.55511,
          0.582397,
          5.41162
        ]
      ],
      "toGround": false
    },
    {
      "type": "rendInst",
      "name": "$hangar_rope_fence_column",
      "tm": [
        [
          0.993338,
          0.0,
          0.115234
        ],
        [
          0.0,
          1.0,
          0.0
        ],
        [
          -0.115234,
          0.0,
          0.993338
        ],
        [
          -4.36316,
          0.597898,
          4.86664
        ]
      ],
      "toGround": false
    },
    {
      "type": "rendInst",
      "name": "$floor_carpet_a",
      "tm": [
        [
          -0.186233,
          0.0,
          0.00699824
        ],
        [
          0.0,
          0.375629,
          0.0
        ],
        [
          -0.00487342,
          0.0,
          -0.129688
        ],
        [
          0.0368652,
          -0.00670242,
          -3.32141
        ]
      ],
      "toGround": false
    },
    {
      "type": "rendInst",
      "name": "$anniversary_gift_confetti_a",
      "tm": [
        [
          0.378454,
          0.0,
          -0.316389
        ],
        [
          0.0,
          0.493284,
          0.0
        ],
        [
          0.316389,
          0.0,
          0.378454
        ],
        [
          3.38086,
          -0.00300217,
          -3.06238
        ]
      ],
      "toGround": false
    },
    {
      "type": "rendInst",
      "name": "$large_pedestal_b",
      "tm": [
        [
          -0.00474943,
          0.0,
          -0.369319
        ],
        [
          0.0,
          1.0,
          0.0
        ],
        [
          0.623757,
          0.0,
          -0.00802249
        ],
        [
          -1.14612,
          -1.7085,
          3.70764
        ]
      ],
      "toGround": false
    }
  ]
}