{
  "className": "composit",
  "node": [
    {
      "type": "rendInst",
      "name": "%anniversary_gift_confetti_a",
      "tm": [
        [
          0.378454,
          0.0,
          -0.316389
        ],
        [
          0.0,
          0.493284,
          0.0
        ],
        [
          0.316389,
          0.0,
          0.378454
        ],
        [
          0.0,
          0.0,
          0.0
        ]
      ],
      "toGround": false
    },
    {
      "type": "rendInst",
      "name": "%sicily_cafe_chair_a",
      "tm": [
        [
          0.164672,
          0.0,
          -0.986348
        ],
        [
          0.0,
          1.0,
          0.0
        ],
        [
          0.986348,
          0.0,
          0.164672
        ],
        [
          2.93085,
          -0.0596485,
          -1.32758
        ]
      ],
      "toGround": false
    },
    {
      "type": "rendInst",
      "name": "%sicily_cafe_chair_a",
      "tm": [
        [
          0.0362322,
          0.0,
          -0.999344
        ],
        [
          0.0,
          1.0,
          0.0
        ],
        [
          0.999344,
          0.0,
          0.0362322
        ],
        [
          2.13885,
          -0.0596485,
          -1.42157
        ]
      ],
      "toGround": false
    },
    {
      "type": "rendInst",
      "name": "%sicily_cafe_chair_a",
      "tm": [
        [
          -0.0672634,
          0.0,
          -0.997736
        ],
        [
          0.0,
          1.0,
          0.0
        ],
        [
          0.997736,
          0.0,
          -0.0672634
        ],
        [
          2.03586,
          -0.0596485,
          -2.94562
        ]
      ],
      "toGround": false
    },
    {
      "type": "rendInst",
      "name": "%sicily_cafe_chair_a",
      "tm": [
        [
          0.0461923,
          0.0,
          -0.998933
        ],
        [
          0.0,
          1.0,
          0.0
        ],
        [
          0.998933,
          0.0,
          0.0461923
        ],
        [
          2.83585,
          -0.0596485,
          -2.94159
        ]
      ],
      "toGround": false
    },
    {
      "type": "rendInst",
      "name": "%sicily_cafe_chair_a",
      "tm": [
        [
          0.174497,
          0.0,
          -0.984658
        ],
        [
          0.0,
          1.0,
          0.0
        ],
        [
          0.984658,
          0.0,
          0.174497
        ],
        [
          3.62787,
          -0.0596485,
          -2.83862
        ]
      ],
      "toGround": false
    },
    {
      "type": "rendInst",
      "name": "%sicily_cafe_table_b",
      "tm": [
        [
          0.249763,
          0.0,
          -0.968307
        ],
        [
          0.0,
          1.0,
          0.0
        ],
        [
          0.968307,
          0.0,
          0.249763
        ],
        [
          4.27887,
          -0.0511379,
          -1.62457
        ]
      ],
      "toGround": false
    },
    {
      "type": "rendInst",
      "name": "%sicily_cafe_chair_a",
      "tm": [
        [
          0.201778,
          0.0,
          -0.979431
        ],
        [
          0.0,
          1.0,
          0.0
        ],
        [
          0.979431,
          0.0,
          0.201778
        ],
        [
          2.74286,
          -0.0572529,
          0.54541
        ]
      ],
      "toGround": false
    },
    {
      "type": "rendInst",
      "name": "%sicily_cafe_chair_a",
      "tm": [
        [
          0.0307463,
          0.0,
          -0.999527
        ],
        [
          0.0,
          1.0,
          0.0
        ],
        [
          0.999527,
          0.0,
          0.0307463
        ],
        [
          1.76285,
          -0.0572529,
          0.54541
        ]
      ],
      "toGround": false
    },
    {
      "type": "rendInst",
      "name": "%sicily_cafe_chair_a",
      "tm": [
        [
          0.0307463,
          0.0,
          -0.999527
        ],
        [
          0.0,
          1.0,
          0.0
        ],
        [
          0.999527,
          0.0,
          0.0307463
        ],
        [
          1.97086,
          -0.0572529,
          2.16742
        ]
      ],
      "toGround": false
    },
    {
      "type": "rendInst",
      "name": "%sicily_cafe_chair_a",
      "tm": [
        [
          0.605493,
          0.0,
          -0.79585
        ],
        [
          0.0,
          1.0,
          0.0
        ],
        [
          0.79585,
          0.0,
          0.605493
        ],
        [
          4.87186,
          -0.0572529,
          3.18237
        ]
      ],
      "toGround": false
    },
    {
      "type": "rendInst",
      "name": "%sicily_cafe_table_b",
      "tm": [
        [
          0.462266,
          0.0,
          -0.886742
        ],
        [
          0.0,
          1.0,
          0.0
        ],
        [
          0.886742,
          0.0,
          0.462266
        ],
        [
          3.86584,
          -0.0511379,
          3.13239
        ]
      ],
      "toGround": false
    },
    {
      "type": "rendInst",
      "name": "%sicily_cafe_chair_a",
      "tm": [
        [
          0.323456,
          0.0,
          -0.946243
        ],
        [
          0.0,
          1.0,
          0.0
        ],
        [
          0.946243,
          0.0,
          0.323456
        ],
        [
          3.26285,
          -0.0572529,
          2.32037
        ]
      ],
      "toGround": false
    },
    {
      "type": "rendInst",
      "name": "%sicily_cafe_table_b",
      "tm": [
        [
          0.561688,
          0.0,
          -0.827349
        ],
        [
          0.0,
          1.0,
          0.0
        ],
        [
          0.827349,
          0.0,
          0.561688
        ],
        [
          5.69687,
          -0.0511379,
          2.57343
        ]
      ],
      "toGround": false
    },
    {
      "type": "rendInst",
      "name": "%sicily_cafe_chair_a",
      "tm": [
        [
          0.430689,
          0.0,
          -0.9025
        ],
        [
          0.0,
          1.0,
          0.0
        ],
        [
          0.9025,
          0.0,
          0.430689
        ],
        [
          5.19086,
          -0.0572529,
          1.69843
        ]
      ],
      "toGround": false
    },
    {
      "type": "rendInst",
      "name": "%sicily_cafe_chair_a",
      "tm": [
        [
          0.403542,
          0.0,
          -0.914962
        ],
        [
          0.0,
          1.0,
          0.0
        ],
        [
          0.914962,
          0.0,
          0.403542
        ],
        [
          4.36786,
          -0.0572529,
          1.51141
        ]
      ],
      "toGround": false
    },
    {
      "type": "rendInst",
      "name": "%sicily_cafe_table_b",
      "tm": [
        [
          0.346972,
          0.0,
          -0.937875
        ],
        [
          0.0,
          1.0,
          0.0
        ],
        [
          0.937875,
          0.0,
          0.346972
        ],
        [
          3.44385,
          -0.0511379,
          1.27441
        ]
      ],
      "toGround": false
    },
    {
      "type": "rendInst",
      "name": "%sicily_cafe_table_b",
      "tm": [
        [
          0.687578,
          0.0,
          -0.726111
        ],
        [
          0.0,
          1.0,
          0.0
        ],
        [
          0.726111,
          0.0,
          0.687578
        ],
        [
          6.28787,
          -0.0511379,
          4.53839
        ]
      ],
      "toGround": false
    },
    {
      "type": "rendInst",
      "name": "%sicily_cafe_chair_a",
      "tm": [
        [
          0.741334,
          0.0,
          -0.671137
        ],
        [
          0.0,
          1.0,
          0.0
        ],
        [
          0.671137,
          0.0,
          0.741334
        ],
        [
          6.15286,
          -0.054327,
          3.53741
        ]
      ]
    },
    {
      "type": "rendInst",
      "name": "%sicily_cafe_chair_a",
      "tm": [
        [
          0.834714,
          0.0,
          -0.550683
        ],
        [
          0.0,
          1.0,
          0.0
        ],
        [
          0.550683,
          0.0,
          0.834714
        ],
        [
          7.03287,
          -0.0497723,
          5.0614
        ]
      ],
      "toGround": false
    },
    {
      "type": "rendInst",
      "name": "%sicily_cafe_chair_a",
      "tm": [
        [
          0.741334,
          0.0,
          -0.671137
        ],
        [
          0.0,
          1.0,
          0.0
        ],
        [
          0.671137,
          0.0,
          0.741334
        ],
        [
          6.83185,
          -0.054327,
          2.2124
        ]
      ],
      "toGround": false
    },
    {
      "type": "rendInst",
      "name": "%sicily_cafe_table_b",
      "tm": [
        [
          -0.674942,
          0.0,
          -0.73787
        ],
        [
          0.0,
          1.0,
          0.0
        ],
        [
          0.73787,
          0.0,
          -0.674942
        ],
        [
          -3.35614,
          -0.0511379,
          2.72638
        ]
      ],
      "toGround": false
    },
    {
      "type": "rendInst",
      "name": "%sicily_cafe_chair_a",
      "tm": [
        [
          -0.616256,
          0.0,
          -0.787547
        ],
        [
          0.0,
          1.0,
          0.0
        ],
        [
          0.787547,
          0.0,
          -0.616256
        ],
        [
          -4.36514,
          -0.121939,
          2.78943
        ]
      ],
      "toGround": false
    },
    {
      "type": "rendInst",
      "name": "%sicily_cafe_chair_a",
      "tm": [
        [
          -0.489416,
          0.0,
          -0.87205
        ],
        [
          0.0,
          1.0,
          0.0
        ],
        [
          0.87205,
          0.0,
          -0.489416
        ],
        [
          -2.78113,
          -0.121939,
          2.02039
        ]
      ],
      "toGround": false
    },
    {
      "type": "rendInst",
      "name": "%sicily_cafe_chair_a",
      "tm": [
        [
          -0.878369,
          0.0,
          -0.477984
        ],
        [
          0.0,
          1.0,
          0.0
        ],
        [
          0.477984,
          0.0,
          -0.878369
        ],
        [
          -4.71613,
          -0.121939,
          3.71338
        ]
      ],
      "toGround": false
    },
    {
      "type": "rendInst",
      "name": "%sicily_cafe_chair_a",
      "tm": [
        [
          0.0307463,
          0.0,
          -0.999527
        ],
        [
          0.0,
          1.0,
          0.0
        ],
        [
          0.999527,
          0.0,
          0.0307463
        ],
        [
          -1.73514,
          -0.0511379,
          1.89642
        ]
      ],
      "toGround": false
    },
    {
      "type": "rendInst",
      "name": "%sicily_cafe_table_b",
      "tm": [
        [
          -0.336411,
          0.0,
          -0.941715
        ],
        [
          0.0,
          1.0,
          0.0
        ],
        [
          0.941715,
          0.0,
          -0.336411
        ],
        [
          -2.47314,
          -0.0511379,
          0.737427
        ]
      ],
      "toGround": false
    },
    {
      "type": "rendInst",
      "name": "%sicily_cafe_chair_a",
      "tm": [
        [
          -0.263062,
          0.0,
          -0.964779
        ],
        [
          0.0,
          1.0,
          0.0
        ],
        [
          0.964779,
          0.0,
          -0.263062
        ],
        [
          -3.42813,
          -0.0511379,
          0.402405
        ]
      ],
      "toGround": false
    },
    {
      "type": "rendInst",
      "name": "%sicily_cafe_chair_a",
      "tm": [
        [
          -0.113392,
          0.0,
          -0.993551
        ],
        [
          0.0,
          1.0,
          0.0
        ],
        [
          0.993551,
          0.0,
          -0.113392
        ],
        [
          -1.67014,
          -0.0511379,
          0.308411
        ]
      ],
      "toGround": false
    },
    {
      "type": "rendInst",
      "name": "%sicily_cafe_chair_a",
      "tm": [
        [
          -0.0772052,
          0.0,
          -0.997015
        ],
        [
          0.0,
          1.0,
          0.0
        ],
        [
          0.997015,
          0.0,
          -0.0772052
        ],
        [
          -2.15613,
          -0.0511379,
          -1.41858
        ]
      ],
      "toGround": false
    },
    {
      "type": "rendInst",
      "name": "%sicily_cafe_chair_a",
      "tm": [
        [
          -0.196414,
          0.0,
          -0.980521
        ],
        [
          0.0,
          1.0,
          0.0
        ],
        [
          0.980521,
          0.0,
          -0.196414
        ],
        [
          -2.94815,
          -0.0511379,
          -1.31158
        ]
      ],
      "toGround": false
    },
    {
      "type": "rendInst",
      "name": "%sicily_cafe_chair_a",
      "tm": [
        [
          -0.260567,
          0.0,
          -0.965455
        ],
        [
          0.0,
          1.0,
          0.0
        ],
        [
          0.965455,
          0.0,
          -0.260567
        ],
        [
          -3.73615,
          -0.0511379,
          -1.14563
        ]
      ],
      "toGround": false
    },
    {
      "type": "rendInst",
      "name": "%sicily_cafe_chair_a",
      "tm": [
        [
          -0.343447,
          0.0,
          -0.939172
        ],
        [
          0.0,
          1.0,
          0.0
        ],
        [
          0.939172,
          0.0,
          -0.343447
        ],
        [
          -4.48715,
          -0.0511379,
          -0.880615
        ]
      ],
      "toGround": false
    },
    {
      "type": "rendInst",
      "name": "%sicily_cafe_table_c",
      "tm": [
        [
          0.360592,
          0.0,
          -0.932724
        ],
        [
          0.0,
          1.0,
          0.0
        ],
        [
          0.932724,
          0.0,
          0.360592
        ],
        [
          -2.56714,
          -0.0511379,
          -3.59259
        ]
      ],
      "toGround": false
    },
    {
      "type": "rendInst",
      "name": "%sicily_cafe_table_c",
      "tm": [
        [
          0.360592,
          0.0,
          -0.932724
        ],
        [
          0.0,
          1.0,
          0.0
        ],
        [
          0.932724,
          0.0,
          0.360592
        ],
        [
          -5.19415,
          -0.0511379,
          -3.02063
        ]
      ],
      "toGround": false
    },
    {
      "type": "rendInst",
      "name": "%sicily_cafe_chair_a",
      "tm": [
        [
          -0.339099,
          0.0,
          -0.94075
        ],
        [
          0.0,
          1.0,
          0.0
        ],
        [
          0.94075,
          0.0,
          -0.339099
        ],
        [
          -4.54315,
          -0.0511379,
          -2.14362
        ]
      ],
      "toGround": false
    },
    {
      "type": "rendInst",
      "name": "%sicily_cafe_chair_a",
      "tm": [
        [
          -0.270014,
          0.0,
          -0.962857
        ],
        [
          0.0,
          1.0,
          0.0
        ],
        [
          0.962857,
          0.0,
          -0.270014
        ],
        [
          -3.90213,
          -0.0511379,
          -2.68359
        ]
      ],
      "toGround": false
    },
    {
      "type": "rendInst",
      "name": "%sicily_cafe_chair_a",
      "tm": [
        [
          -0.143722,
          0.0,
          -0.989618
        ],
        [
          0.0,
          1.0,
          0.0
        ],
        [
          0.989618,
          0.0,
          -0.143722
        ],
        [
          -3.11813,
          -0.0511379,
          -2.83459
        ]
      ],
      "toGround": false
    },
    {
      "type": "rendInst",
      "name": "%sicily_cafe_table_c",
      "tm": [
        [
          0.360592,
          0.0,
          -0.932724
        ],
        [
          0.0,
          1.0,
          0.0
        ],
        [
          0.932724,
          0.0,
          0.360592
        ],
        [
          -3.93213,
          -0.0511379,
          -4.3996
        ]
      ],
      "toGround": false
    },
    {
      "type": "rendInst",
      "name": "%sicily_cafe_table_c",
      "tm": [
        [
          0.360592,
          0.0,
          -0.932724
        ],
        [
          0.0,
          1.0,
          0.0
        ],
        [
          0.932724,
          0.0,
          0.360592
        ],
        [
          1.40686,
          -0.0511379,
          -4.18158
        ]
      ],
      "toGround": false
    },
    {
      "type": "rendInst",
      "name": "%sicily_cafe_table_c",
      "tm": [
        [
          0.360592,
          0.0,
          -0.932724
        ],
        [
          0.0,
          1.0,
          0.0
        ],
        [
          0.932724,
          0.0,
          0.360592
        ],
        [
          3.28687,
          -0.0511379,
          -3.96661
        ]
      ],
      "toGround": false
    }
  ]
}