{
  "className": "composit",
  "node": [
    {
      "type": "rendInst",
      "name": "%sicily_cafe_table_b",
      "tm": [
        [
          0.447164,
          0.0,
          -0.894452
        ],
        [
          0.0,
          1.0,
          0.0
        ],
        [
          0.894452,
          0.0,
          0.447164
        ],
        [
          -4.09387,
          -0.0177002,
          0.253876
        ]
      ],
      "toGround": false
    },
    {
      "type": "rendInst",
      "name": "%sicily_cafe_chair_a",
      "tm": [
        [
          0.468476,
          0.0,
          -0.883476
        ],
        [
          0.0,
          1.0,
          0.0
        ],
        [
          0.883476,
          0.0,
          0.468476
        ],
        [
          -4.28381,
          -2.38419E-07,
          -0.791138
        ]
      ],
      "toGround": false
    },
    {
      "type": "rendInst",
      "name": "%sicily_cafe_chair_a",
      "tm": [
        [
          0.514313,
          0.0,
          -0.857604
        ],
        [
          0.0,
          1.0,
          0.0
        ],
        [
          0.857604,
          0.0,
          0.514313
        ],
        [
          -3.19385,
          -2.38419E-07,
          0.401886
        ]
      ],
      "toGround": false
    },
    {
      "type": "rendInst",
      "name": "%sicily_cafe_table_b",
      "tm": [
        [
          0.546837,
          0.0,
          -0.837239
        ],
        [
          0.0,
          1.0,
          0.0
        ],
        [
          0.837239,
          0.0,
          0.546837
        ],
        [
          -6.05383,
          -0.0177002,
          0.919861
        ]
      ],
      "toGround": false
    },
    {
      "type": "rendInst",
      "name": "%sicily_cafe_chair_a",
      "tm": [
        [
          0.108698,
          0.0,
          -0.994076
        ],
        [
          0.0,
          1.0,
          0.0
        ],
        [
          0.994076,
          0.0,
          0.108698
        ],
        [
          -6.72388,
          -0.0830002,
          0.560883
        ]
      ],
      "toGround": false
    },
    {
      "type": "rendInst",
      "name": "%sicily_cafe_chair_a",
      "tm": [
        [
          0.141941,
          0.0,
          -0.989875
        ],
        [
          0.0,
          1.0,
          0.0
        ],
        [
          0.989875,
          0.0,
          0.141941
        ],
        [
          -5.11377,
          -0.0708001,
          1.08487
        ]
      ],
      "toGround": false
    },
    {
      "type": "rendInst",
      "name": "%sicily_cafe_chair_a",
      "tm": [
        [
          -0.295087,
          0.0,
          -0.955471
        ],
        [
          0.0,
          1.0,
          0.0
        ],
        [
          0.955471,
          0.0,
          -0.295087
        ],
        [
          -7.61377,
          -0.0830002,
          0.976868
        ]
      ],
      "toGround": false
    },
    {
      "type": "rendInst",
      "name": "%sicily_cafe_chair_a",
      "tm": [
        [
          0.545143,
          0.0,
          -0.838343
        ],
        [
          0.0,
          1.0,
          0.0
        ],
        [
          0.838343,
          0.0,
          0.545143
        ],
        [
          -2.98376,
          -2.38419E-07,
          -1.43713
        ]
      ],
      "toGround": false
    },
    {
      "type": "rendInst",
      "name": "%sicily_cafe_chair_a",
      "tm": [
        [
          0.29863,
          0.0,
          -0.954369
        ],
        [
          0.0,
          1.0,
          0.0
        ],
        [
          0.954369,
          0.0,
          0.29863
        ],
        [
          -4.70386,
          -2.38419E-07,
          -2.25513
        ]
      ],
      "toGround": false
    },
    {
      "type": "rendInst",
      "name": "%sicily_cafe_chair_a",
      "tm": [
        [
          0.303041,
          0.0,
          -0.952977
        ],
        [
          0.0,
          1.0,
          0.0
        ],
        [
          0.952977,
          0.0,
          0.303041
        ],
        [
          -0.893799,
          -0.0534003,
          -6.74014
        ]
      ],
      "toGround": false
    },
    {
      "type": "rendInst",
      "name": "%sicily_cafe_chair_a",
      "tm": [
        [
          0.371324,
          0.0,
          -0.928504
        ],
        [
          0.0,
          1.0,
          0.0
        ],
        [
          0.928504,
          0.0,
          0.371324
        ],
        [
          -0.053833,
          -0.0534003,
          -6.77814
        ]
      ],
      "toGround": false
    },
    {
      "type": "rendInst",
      "name": "%sicily_cafe_chair_a",
      "tm": [
        [
          0.632358,
          0.0,
          -0.774676
        ],
        [
          0.0,
          1.0,
          0.0
        ],
        [
          0.774676,
          0.0,
          0.632358
        ],
        [
          -4.20386,
          -2.38419E-07,
          1.62286
        ]
      ],
      "toGround": false
    },
    {
      "type": "rendInst",
      "name": "%sicily_cafe_table_c",
      "tm": [
        [
          0.853541,
          0.0,
          -0.521026
        ],
        [
          0.0,
          1.0,
          0.0
        ],
        [
          0.521026,
          0.0,
          0.853541
        ],
        [
          -2.13379,
          -0.0176902,
          -7.76013
        ]
      ],
      "toGround": false
    },
    {
      "type": "rendInst",
      "name": "%sicily_cafe_table_b",
      "tm": [
        [
          -0.0475424,
          0.0,
          -0.998869
        ],
        [
          0.0,
          1.0,
          0.0
        ],
        [
          0.998869,
          0.0,
          -0.0475424
        ],
        [
          -8.55383,
          -0.0177002,
          0.869873
        ]
      ],
      "toGround": false
    },
    {
      "type": "rendInst",
      "name": "%sicily_cafe_chair_a",
      "tm": [
        [
          0.029343,
          0.0,
          -0.99957
        ],
        [
          0.0,
          1.0,
          0.0
        ],
        [
          0.99957,
          0.0,
          0.029343
        ],
        [
          -9.37378,
          -0.0830002,
          0.273865
        ]
      ],
      "toGround": false
    },
    {
      "type": "rendInst",
      "name": "%sicily_cafe_chair_a",
      "tm": [
        [
          -0.370096,
          0.0,
          -0.928994
        ],
        [
          0.0,
          1.0,
          0.0
        ],
        [
          0.928994,
          0.0,
          -0.370096
        ],
        [
          -10.2338,
          -0.0830002,
          0.759857
        ]
      ],
      "toGround": false
    },
    {
      "type": "rendInst",
      "name": "%sicily_cafe_chair_a",
      "tm": [
        [
          0.281936,
          0.0,
          -0.959433
        ],
        [
          0.0,
          1.0,
          0.0
        ],
        [
          0.959433,
          0.0,
          0.281936
        ],
        [
          -5.50378,
          -0.0177002,
          -0.880127
        ]
      ],
      "toGround": false
    },
    {
      "type": "rendInst",
      "name": "%sicily_cafe_table_b",
      "tm": [
        [
          0.115715,
          0.0,
          -0.993283
        ],
        [
          0.0,
          1.0,
          0.0
        ],
        [
          0.993283,
          0.0,
          0.115715
        ],
        [
          -6.45386,
          -0.0177002,
          -0.580139
        ]
      ],
      "toGround": false
    },
    {
      "type": "rendInst",
      "name": "%sicily_cafe_chair_a",
      "tm": [
        [
          -0.0351872,
          0.0,
          -0.99938
        ],
        [
          0.0,
          1.0,
          0.0
        ],
        [
          0.99938,
          0.0,
          -0.0351872
        ],
        [
          -7.31384,
          -0.0177002,
          -1.11212
        ]
      ],
      "toGround": false
    },
    {
      "type": "rendInst",
      "name": "%sicily_cafe_chair_a",
      "tm": [
        [
          0.220512,
          0.0,
          -0.975384
        ],
        [
          0.0,
          1.0,
          0.0
        ],
        [
          0.975384,
          0.0,
          0.220512
        ],
        [
          -5.45386,
          -2.38419E-07,
          -2.47513
        ]
      ],
      "toGround": false
    },
    {
      "type": "rendInst",
      "name": "%sicily_cafe_table_b",
      "tm": [
        [
          0.0524783,
          0.0,
          -0.998622
        ],
        [
          0.0,
          1.0,
          0.0
        ],
        [
          0.998622,
          0.0,
          0.0524783
        ],
        [
          -6.32385,
          -0.0177002,
          -2.41812
        ]
      ],
      "toGround": false
    },
    {
      "type": "rendInst",
      "name": "%sicily_cafe_chair_a",
      "tm": [
        [
          -0.0985066,
          0.0,
          -0.995136
        ],
        [
          0.0,
          1.0,
          0.0
        ],
        [
          0.995136,
          0.0,
          -0.0985066
        ],
        [
          -7.2738,
          -2.38419E-07,
          -2.58511
        ]
      ],
      "toGround": false
    },
    {
      "type": "rendInst",
      "name": "%sicily_cafe_chair_a",
      "tm": [
        [
          0.765715,
          0.0,
          -0.643179
        ],
        [
          0.0,
          1.0,
          0.0
        ],
        [
          0.643179,
          0.0,
          0.765715
        ],
        [
          -1.92383,
          -2.38419E-07,
          -2.47812
        ]
      ],
      "toGround": false
    },
    {
      "type": "rendInst",
      "name": "%sicily_cafe_chair_a",
      "tm": [
        [
          0.438031,
          0.0,
          -0.89896
        ],
        [
          0.0,
          1.0,
          0.0
        ],
        [
          0.89896,
          0.0,
          0.438031
        ],
        [
          -2.44385,
          -2.38419E-07,
          -4.86414
        ]
      ],
      "toGround": false
    },
    {
      "type": "rendInst",
      "name": "%sicily_cafe_chair_a",
      "tm": [
        [
          0.542596,
          0.0,
          -0.839993
        ],
        [
          0.0,
          1.0,
          0.0
        ],
        [
          0.839993,
          0.0,
          0.542596
        ],
        [
          -2.94385,
          -2.38419E-07,
          -3.27713
        ]
      ],
      "toGround": false
    },
    {
      "type": "rendInst",
      "name": "%sicily_cafe_chair_a",
      "tm": [
        [
          0.281936,
          0.0,
          -0.959433
        ],
        [
          0.0,
          1.0,
          0.0
        ],
        [
          0.959433,
          0.0,
          0.281936
        ],
        [
          -3.68384,
          -0.0177102,
          -3.81912
        ]
      ],
      "toGround": false
    },
    {
      "type": "rendInst",
      "name": "%sicily_cafe_table_b",
      "tm": [
        [
          0.115715,
          0.0,
          -0.993283
        ],
        [
          0.0,
          1.0,
          0.0
        ],
        [
          0.993283,
          0.0,
          0.115715
        ],
        [
          -4.63379,
          -0.0177102,
          -3.51913
        ]
      ],
      "toGround": false
    },
    {
      "type": "rendInst",
      "name": "%sicily_cafe_chair_a",
      "tm": [
        [
          -0.0351872,
          0.0,
          -0.99938
        ],
        [
          0.0,
          1.0,
          0.0
        ],
        [
          0.99938,
          0.0,
          -0.0351872
        ],
        [
          -5.49377,
          -0.0177102,
          -4.05112
        ]
      ],
      "toGround": false
    },
    {
      "type": "rendInst",
      "name": "%sicily_cafe_chair_a",
      "tm": [
        [
          0.12116,
          0.0,
          -0.992633
        ],
        [
          0.0,
          1.0,
          0.0
        ],
        [
          0.992633,
          0.0,
          0.12116
        ],
        [
          -5.03381,
          -2.38419E-07,
          -5.42712
        ]
      ],
      "toGround": false
    },
    {
      "type": "rendInst",
      "name": "%sicily_cafe_chair_a",
      "tm": [
        [
          0.200997,
          0.0,
          -0.979592
        ],
        [
          0.0,
          1.0,
          0.0
        ],
        [
          0.979592,
          0.0,
          0.200997
        ],
        [
          -4.26379,
          -2.38419E-07,
          -5.28314
        ]
      ],
      "toGround": false
    },
    {
      "type": "rendInst",
      "name": "%sicily_cafe_table_b",
      "tm": [
        [
          0.25769,
          0.0,
          -0.966228
        ],
        [
          0.0,
          1.0,
          0.0
        ],
        [
          0.966228,
          0.0,
          0.25769
        ],
        [
          -3.49377,
          -0.0177002,
          -4.61111
        ]
      ],
      "toGround": false
    },
    {
      "type": "rendInst",
      "name": "%sicily_cafe_table_c",
      "tm": [
        [
          0.774128,
          0.0,
          -0.63303
        ],
        [
          0.0,
          1.0,
          0.0
        ],
        [
          0.63303,
          0.0,
          0.774128
        ],
        [
          -4.16382,
          -0.0177002,
          -6.90814
        ]
      ],
      "toGround": false
    },
    {
      "type": "rendInst",
      "name": "%sicily_cafe_chair_a",
      "tm": [
        [
          0.16965,
          0.0,
          -0.985504
        ],
        [
          0.0,
          1.0,
          0.0
        ],
        [
          0.985504,
          0.0,
          0.16965
        ],
        [
          -3.56384,
          -0.0534003,
          -6.16312
        ]
      ],
      "toGround": false
    },
    {
      "type": "rendInst",
      "name": "%sicily_cafe_table_c",
      "tm": [
        [
          0.774128,
          0.0,
          -0.63303
        ],
        [
          0.0,
          1.0,
          0.0
        ],
        [
          0.63303,
          0.0,
          0.774128
        ],
        [
          -2.71387,
          -0.0177002,
          -6.03012
        ]
      ],
      "toGround": false
    },
    {
      "type": "rendInst",
      "name": "%sicily_cafe_table_c",
      "tm": [
        [
          0.774128,
          0.0,
          -0.63303
        ],
        [
          0.0,
          1.0,
          0.0
        ],
        [
          0.63303,
          0.0,
          0.774128
        ],
        [
          -6.53381,
          -0.0177002,
          -4.15112
        ]
      ],
      "toGround": false
    },
    {
      "type": "rendInst",
      "name": "%sicily_cafe_table_c",
      "tm": [
        [
          0.638738,
          0.0,
          -0.769424
        ],
        [
          0.0,
          1.0,
          0.0
        ],
        [
          0.769424,
          0.0,
          0.638738
        ],
        [
          -0.303833,
          -0.0177002,
          -4.89813
        ]
      ],
      "toGround": false
    },
    {
      "type": "rendInst",
      "name": "%sicily_cafe_chair_a",
      "tm": [
        [
          0.96468,
          0.0,
          -0.263423
        ],
        [
          0.0,
          1.0,
          0.0
        ],
        [
          0.263423,
          0.0,
          0.96468
        ],
        [
          1.6062,
          -2.38419E-07,
          7.52286
        ]
      ],
      "toGround": false
    },
    {
      "type": "rendInst",
      "name": "%sicily_cafe_table_b",
      "tm": [
        [
          0.906277,
          0.0,
          -0.422685
        ],
        [
          0.0,
          1.0,
          0.0
        ],
        [
          0.422685,
          0.0,
          0.906277
        ],
        [
          1.14624,
          -0.0177002,
          6.78088
        ]
      ],
      "toGround": false
    },
    {
      "type": "rendInst",
      "name": "%sicily_cafe_chair_a",
      "tm": [
        [
          0.832287,
          0.0,
          -0.554344
        ],
        [
          0.0,
          1.0,
          0.0
        ],
        [
          0.554344,
          0.0,
          0.832287
        ],
        [
          0.846191,
          -2.38419E-07,
          5.85986
        ]
      ],
      "toGround": false
    },
    {
      "type": "rendInst",
      "name": "%sicily_cafe_chair_a",
      "tm": [
        [
          0.890797,
          0.0,
          -0.4544
        ],
        [
          0.0,
          1.0,
          0.0
        ],
        [
          0.4544,
          0.0,
          0.890797
        ],
        [
          2.75623,
          -2.38419E-07,
          6.53888
        ]
      ],
      "toGround": false
    },
    {
      "type": "rendInst",
      "name": "%sicily_cafe_chair_a",
      "tm": [
        [
          0.87683,
          0.0,
          -0.480803
        ],
        [
          0.0,
          1.0,
          0.0
        ],
        [
          0.480803,
          0.0,
          0.87683
        ],
        [
          2.21619,
          -2.38419E-07,
          5.88986
        ]
      ],
      "toGround": false
    },
    {
      "type": "rendInst",
      "name": "%sicily_cafe_table_b",
      "tm": [
        [
          0.656879,
          0.0,
          -0.753995
        ],
        [
          0.0,
          1.0,
          0.0
        ],
        [
          0.753995,
          0.0,
          0.656879
        ],
        [
          1.31616,
          -0.0177002,
          4.87189
        ]
      ],
      "toGround": false
    },
    {
      "type": "rendInst",
      "name": "%sicily_cafe_chair_a",
      "tm": [
        [
          0.755891,
          0.0,
          -0.654697
        ],
        [
          0.0,
          1.0,
          0.0
        ],
        [
          0.654697,
          0.0,
          0.755891
        ],
        [
          1.37622,
          -2.38419E-07,
          3.81787
        ]
      ],
      "toGround": false
    },
    {
      "type": "rendInst",
      "name": "%sicily_cafe_chair_a",
      "tm": [
        [
          0.730645,
          0.0,
          -0.682756
        ],
        [
          0.0,
          1.0,
          0.0
        ],
        [
          0.682756,
          0.0,
          0.730645
        ],
        [
          2.80615,
          -2.38419E-07,
          2.76288
        ]
      ],
      "toGround": false
    },
    {
      "type": "rendInst",
      "name": "%sicily_cafe_chair_a",
      "tm": [
        [
          0.636601,
          0.0,
          -0.771194
        ],
        [
          0.0,
          1.0,
          0.0
        ],
        [
          0.771194,
          0.0,
          0.636601
        ],
        [
          1.98621,
          -2.38419E-07,
          1.95386
        ]
      ],
      "toGround": false
    },
    {
      "type": "rendInst",
      "name": "%sicily_cafe_chair_a",
      "tm": [
        [
          0.553473,
          0.0,
          -0.832868
        ],
        [
          0.0,
          1.0,
          0.0
        ],
        [
          0.832868,
          0.0,
          0.553473
        ],
        [
          5.65613,
          -0.0534003,
          -1.25412
        ]
      ],
      "toGround": false
    },
    {
      "type": "rendInst",
      "name": "%sicily_cafe_chair_a",
      "tm": [
        [
          0.644256,
          0.0,
          -0.76481
        ],
        [
          0.0,
          1.0,
          0.0
        ],
        [
          0.76481,
          0.0,
          0.644256
        ],
        [
          6.28613,
          -0.0534003,
          -0.763123
        ]
      ],
      "toGround": false
    },
    {
      "type": "rendInst",
      "name": "%sicily_cafe_chair_a",
      "tm": [
        [
          0.737416,
          0.0,
          -0.675439
        ],
        [
          0.0,
          1.0,
          0.0
        ],
        [
          0.675439,
          0.0,
          0.737416
        ],
        [
          6.8562,
          -0.0534003,
          -0.200134
        ]
      ],
      "toGround": false
    },
    {
      "type": "rendInst",
      "name": "%sicily_cafe_table_b",
      "tm": [
        [
          0.787214,
          0.0,
          -0.616681
        ],
        [
          0.0,
          1.0,
          0.0
        ],
        [
          0.616681,
          0.0,
          0.787214
        ],
        [
          6.61621,
          -0.0177002,
          1.13889
        ]
      ],
      "toGround": false
    },
    {
      "type": "rendInst",
      "name": "%sicily_cafe_chair_a",
      "tm": [
        [
          0.632358,
          0.0,
          -0.774676
        ],
        [
          0.0,
          1.0,
          0.0
        ],
        [
          0.774676,
          0.0,
          0.632358
        ],
        [
          -0.0838623,
          -2.38419E-07,
          4.95288
        ]
      ],
      "toGround": false
    },
    {
      "type": "rendInst",
      "name": "%sicily_cafe_table_c",
      "tm": [
        [
          0.853541,
          0.0,
          -0.521026
        ],
        [
          0.0,
          1.0,
          0.0
        ],
        [
          0.521026,
          0.0,
          0.853541
        ],
        [
          5.90613,
          -0.0177002,
          -2.61713
        ]
      ],
      "toGround": false
    },
    {
      "type": "rendInst",
      "name": "%sicily_cafe_table_c",
      "tm": [
        [
          0.853541,
          0.0,
          -0.521026
        ],
        [
          0.0,
          1.0,
          0.0
        ],
        [
          0.521026,
          0.0,
          0.853541
        ],
        [
          7.26624,
          -0.0177002,
          -1.30313
        ]
      ],
      "toGround": false
    },
    {
      "type": "rendInst",
      "name": "%sicily_cafe_chair_a",
      "tm": [
        [
          0.798058,
          0.0,
          -0.60258
        ],
        [
          0.0,
          1.0,
          0.0
        ],
        [
          0.60258,
          0.0,
          0.798058
        ],
        [
          3.39624,
          -2.38419E-07,
          1.80487
        ]
      ],
      "toGround": false
    },
    {
      "type": "rendInst",
      "name": "%sicily_cafe_table_b",
      "tm": [
        [
          0.781053,
          0.0,
          -0.624463
        ],
        [
          0.0,
          1.0,
          0.0
        ],
        [
          0.624463,
          0.0,
          0.781053
        ],
        [
          4.32617,
          -0.0177002,
          1.45987
        ]
      ],
      "toGround": false
    },
    {
      "type": "rendInst",
      "name": "%sicily_cafe_chair_a",
      "tm": [
        [
          0.814299,
          0.0,
          -0.580444
        ],
        [
          0.0,
          1.0,
          0.0
        ],
        [
          0.580444,
          0.0,
          0.814299
        ],
        [
          5.3562,
          -2.38419E-07,
          1.64786
        ]
      ],
      "toGround": false
    },
    {
      "type": "rendInst",
      "name": "%sicily_cafe_chair_a",
      "tm": [
        [
          0.849151,
          0.0,
          -0.528151
        ],
        [
          0.0,
          1.0,
          0.0
        ],
        [
          0.528151,
          0.0,
          0.849151
        ],
        [
          3.75623,
          -2.38419E-07,
          0.763885
        ]
      ],
      "toGround": false
    },
    {
      "type": "rendInst",
      "name": "%sicily_cafe_chair_a",
      "tm": [
        [
          0.686033,
          0.0,
          -0.72757
        ],
        [
          0.0,
          1.0,
          0.0
        ],
        [
          0.72757,
          0.0,
          0.686033
        ],
        [
          5.39624,
          -2.38419E-07,
          0.186859
        ]
      ],
      "toGround": false
    },
    {
      "type": "rendInst",
      "name": "%sicily_cafe_table_c",
      "tm": [
        [
          0.915715,
          0.0,
          -0.401829
        ],
        [
          0.0,
          1.0,
          0.0
        ],
        [
          0.401829,
          0.0,
          0.915715
        ],
        [
          4.34619,
          -0.0177002,
          2.91586
        ]
      ],
      "toGround": false
    },
    {
      "type": "rendInst",
      "name": "%sicily_cafe_table_c",
      "tm": [
        [
          0.915715,
          0.0,
          -0.401829
        ],
        [
          0.0,
          1.0,
          0.0
        ],
        [
          0.401829,
          0.0,
          0.915715
        ],
        [
          6.08618,
          -0.0177002,
          2.68787
        ]
      ],
      "toGround": false
    },
    {
      "type": "rendInst",
      "name": "%sicily_cafe_chair_a",
      "tm": [
        [
          0.852057,
          0.0,
          -0.523449
        ],
        [
          0.0,
          1.0,
          0.0
        ],
        [
          0.523449,
          0.0,
          0.852057
        ],
        [
          7.70618,
          -0.0533903,
          1.15088
        ]
      ],
      "toGround": false
    }
  ]
}