{
  "className": "composit",
  "node": [
    {
      "type": "rendInst",
      "name": "$hangar_field_portable_toilet",
      "tm": [
        [
          0.930674,
          0.0,
          0.36585
        ],
        [
          0.0,
          1.0,
          0.0
        ],
        [
          -0.36585,
          0.0,
          0.930674
        ],
        [
          0.0,
          0.0,
          0.0
        ]
      ],
      "toGround": false
    },
    {
      "name": "$hangar_field_portable_toilet",
      "tm": [
        [
          0.930674,
          0.0,
          0.36585
        ],
        [
          0.0,
          1.0,
          0.0
        ],
        [
          -0.36585,
          0.0,
          0.930674
        ],
        [
          0.431976,
          0.0459309,
          -1.09802
        ]
      ],
      "toGround": false
    },
    {
      "name": "$hangar_field_portable_toilet",
      "tm": [
        [
          0.91136,
          0.0,
          0.411611
        ],
        [
          0.0,
          1.0,
          0.0
        ],
        [
          -0.411611,
          0.0,
          0.91136
        ],
        [
          -0.509003,
          -0.0403042,
          1.14001
        ]
      ],
      "toGround": false
    }
  ]
}