{
  "className": "composit",
  "node": [
    {
      "type": "rendInst",
      "name": "%hangar_field_toolbox_a",
      "tm": [
        [
          0.0556752,
          0.0,
          -0.998449
        ],
        [
          0.0,
          1.0,
          0.0
        ],
        [
          0.998449,
          0.0,
          0.0556752
        ],
        [
          0.0,
          0.0,
          0.0
        ]
      ],
      "toGround": false
    },
    {
      "type": "rendInst",
      "name": "%hangar_field_gas_cylinder_a",
      "tm": [
        [
          0.116617,
          0.0,
          -0.993176
        ],
        [
          0.0,
          1.0,
          0.0
        ],
        [
          0.993176,
          0.0,
          0.116617
        ],
        [
          -1.46902,
          0.0,
          0.537964
        ]
      ],
      "toGround": false
    },
    {
      "type": "rendInst",
      "name": "%hangar_field_gas_cylinder_a",
      "tm": [
        [
          0.272332,
          0.0,
          0.962202
        ],
        [
          0.0,
          1.0,
          0.0
        ],
        [
          -0.962202,
          0.0,
          0.272332
        ],
        [
          -1.48602,
          0.0,
          0.154968
        ]
      ],
      "toGround": false
    },
    {
      "type": "rendInst",
      "name": "%hangar_field_gas_cylinder_a",
      "tm": [
        [
          0.116617,
          0.0,
          -0.993176
        ],
        [
          0.0,
          1.0,
          0.0
        ],
        [
          0.993176,
          0.0,
          0.116617
        ],
        [
          -1.50702,
          0.0,
          -0.322021
        ]
      ],
      "toGround": false
    },
    {
      "type": "rendInst",
      "name": "%bomb_cart_b",
      "tm": [
        [
          -0.737278,
          0.0,
          -0.67559
        ],
        [
          0.0,
          1.0,
          0.0
        ],
        [
          0.67559,
          0.0,
          -0.737278
        ],
        [
          1.77197,
          0.0,
          -0.818054
        ]
      ],
      "toGround": false
    }
  ]
}