{
  "classname": "composit",
  "node": [
    {
      "name": "%toyota_land_cruiser_60_pickup",
      "tm": [
        [
          1.0,
          0.0,
          0.0
        ],
        [
          0.0,
          1.0,
          0.0
        ],
        [
          0.0,
          0.0,
          1.0
        ],
        [
          0.0,
          0.0,
          0.0
        ]
      ]
    },
    {
      "name": "%box_c_snow",
      "tm": [
        [
          0.677411,
          0.0,
          0.735605
        ],
        [
          0.0,
          1.0,
          0.0
        ],
        [
          -0.735605,
          0.0,
          0.677411
        ],
        [
          -2.35547,
          -0.00378346,
          -1.32764
        ]
      ]
    },
    {
      "name": "%box_f_snow",
      "tm": [
        [
          0.382249,
          0.209148,
          0.900079
        ],
        [
          -0.136107,
          0.976169,
          -0.169027
        ],
        [
          -0.913981,
          -0.0578966,
          0.401606
        ],
        [
          -1.67578,
          1.06718,
          -0.360088
        ]
      ]
    },
    {
      "name": "%box_g_snow",
      "tm": [
        [
          0.971224,
          0.132093,
          -0.198179
        ],
        [
          -0.118755,
          0.989871,
          0.0777972
        ],
        [
          0.206448,
          -0.0520239,
          0.977074
        ],
        [
          -2.82849,
          0.105002,
          -1.08374
        ]
      ]
    },
    {
      "name": "%box_i_snow",
      "tm": [
        [
          -0.0244415,
          0.0,
          -0.999701
        ],
        [
          0.0,
          1.0,
          0.0
        ],
        [
          0.999701,
          0.0,
          -0.0244415
        ],
        [
          -1.0835,
          0.703718,
          -0.353027
        ]
      ]
    },
    {
      "name": "%box_j_snow",
      "tm": [
        [
          0.994239,
          0.0,
          0.107184
        ],
        [
          0.0,
          1.0,
          0.0
        ],
        [
          -0.107184,
          0.0,
          0.994239
        ],
        [
          -1.98833,
          0.704977,
          0.0216431
        ]
      ]
    },
    {
      "name": "%european_barrel_c_snow",
      "tm": [
        [
          1.0,
          0.0,
          0.0
        ],
        [
          0.0,
          1.0,
          0.0
        ],
        [
          0.0,
          0.0,
          1.0
        ],
        [
          -1.10486,
          0.721832,
          0.469482
        ]
      ]
    }
  ]
}