{
  "className": "composit",
  "node": [
    {
      "type": "rendInst",
      "name": "$%us_zeppelin_whale_frame_nose_damaged_a",
      "tm": [
        [
          0.984998,
          0.0,
          -0.172564
        ],
        [
          0.0,
          1.0,
          0.0
        ],
        [
          0.172564,
          0.0,
          0.984998
        ],
        [
          0.0,
          0.0,
          0.0
        ]
      ]
    },
    {
      "type": "rendInst",
      "name": "$%us_zeppelin_whale_frame_truss_a_damaged_b",
      "tm": [
        [
          0.673761,
          -0.239846,
          0.698942
        ],
        [
          -0.724077,
          -0.0254731,
          0.689249
        ],
        [
          -0.147509,
          -0.970477,
          -0.19083
        ],
        [
          -0.796509,
          0.714073,
          28.1524
        ]
      ]
    },
    {
      "type": "rendInst",
      "name": "$%us_zeppelin_whale_barrel_a_damaged_a",
      "tm": [
        [
          -0.03286,
          -0.564576,
          0.824727
        ],
        [
          -0.155367,
          -0.812256,
          -0.562229
        ],
        [
          0.98731,
          -0.146611,
          -0.061026
        ],
        [
          14.233,
          3.17462,
          12.1169
        ]
      ]
    },
    {
      "type": "rendInst",
      "name": "$%us_zeppelin_whale_barrel_a_damaged_a",
      "tm": [
        [
          0.0216081,
          -0.27333,
          0.961678
        ],
        [
          -0.0645831,
          -0.960275,
          -0.27148
        ],
        [
          0.997678,
          -0.0562419,
          -0.0384022
        ],
        [
          -4.11069,
          3.35788,
          15.9089
        ]
      ]
    },
    {
      "type": "rendInst",
      "name": "$%us_zeppelin_whale_barrel_a_damaged_a",
      "tm": [
        [
          -0.0941364,
          0.959446,
          0.26571
        ],
        [
          0.698534,
          -0.126514,
          0.704304
        ],
        [
          0.709358,
          0.251908,
          -0.658296
        ],
        [
          -27.6158,
          2.5104,
          27.9485
        ]
      ]
    },
    {
      "type": "rendInst",
      "name": "$%us_zeppelin_whale_barrel_a_damaged_a",
      "tm": [
        [
          -0.17813,
          0.926693,
          -0.330924
        ],
        [
          -0.436796,
          0.226888,
          0.870478
        ],
        [
          0.881748,
          0.299604,
          0.36436
        ],
        [
          -25.0342,
          2.68948,
          29.0617
        ]
      ]
    },
    {
      "type": "rendInst",
      "name": "$%us_zeppelin_whale_barrel_a_damaged_a",
      "tm": [
        [
          -0.0645577,
          0.843683,
          0.532946
        ],
        [
          0.392799,
          -0.469463,
          0.790767
        ],
        [
          0.917356,
          0.260391,
          -0.30109
        ],
        [
          -22.4516,
          2.25259,
          28.3804
        ]
      ]
    },
    {
      "type": "rendInst",
      "name": "$%us_zeppelin_whale_barrel_a_damaged_a",
      "tm": [
        [
          -0.393732,
          -0.817832,
          0.419674
        ],
        [
          -0.304677,
          -0.314637,
          -0.898986
        ],
        [
          0.867264,
          -0.481824,
          -0.125292
        ],
        [
          -25.3138,
          2.05456,
          23.6317
        ]
      ]
    },
    {
      "type": "rendInst",
      "name": "$%us_zeppelin_whale_barrel_a_damaged_a",
      "tm": [
        [
          -0.298656,
          -0.483215,
          -0.822988
        ],
        [
          -0.259447,
          0.870976,
          -0.41724
        ],
        [
          0.918418,
          0.08891,
          -0.385491
        ],
        [
          -28.1777,
          2.3137,
          24.2166
        ]
      ]
    }
  ]
}