{
  "className": "composit",
  "node": [
    {
      "type": "rendInst",
      "name": "%us_zeppelin_whale_cabine_a_hull_front_broken_a",
      "tm": [
        [
          1.0,
          0.0,
          0.0
        ],
        [
          0.0,
          1.0,
          0.0
        ],
        [
          0.0,
          0.0,
          1.0
        ],
        [
          1.1473,
          0.0,
          0.714627
        ]
      ]
    },
    {
      "type": "rendInst",
      "name": "%us_zeppelin_whale_cabine_a_chair_a",
      "tm": [
        [
          1.0,
          0.0,
          0.0
        ],
        [
          0.0,
          1.0,
          0.0
        ],
        [
          0.0,
          0.0,
          1.0
        ],
        [
          -0.867684,
          1.08942,
          1.57056
        ]
      ]
    },
    {
      "type": "rendInst",
      "name": "%us_zeppelin_whale_cabine_a_chair_a",
      "tm": [
        [
          1.0,
          0.0,
          0.0
        ],
        [
          0.0,
          1.0,
          0.0
        ],
        [
          0.0,
          0.0,
          1.0
        ],
        [
          -0.852952,
          1.08942,
          2.02639
        ]
      ]
    },
    {
      "type": "rendInst",
      "name": "%us_zeppelin_whale_cabine_a_chair_a",
      "tm": [
        [
          -1.0,
          0.0,
          -3.25841e-7
        ],
        [
          0.0,
          1.0,
          0.0
        ],
        [
          3.25841e-7,
          0.0,
          -1.0
        ],
        [
          -2.15335,
          1.08942,
          -0.117707
        ]
      ]
    },
    {
      "type": "rendInst",
      "name": "%us_zeppelin_whale_cabine_a_chair_a",
      "tm": [
        [
          -1.0,
          0.0,
          -3.25841e-7
        ],
        [
          0.0,
          1.0,
          0.0
        ],
        [
          3.25841e-7,
          0.0,
          -1.0
        ],
        [
          -2.16882,
          1.08942,
          -0.573313
        ]
      ]
    },
    {
      "type": "rendInst",
      "name": "%us_zeppelin_whale_cabine_a_chair_a",
      "tm": [
        [
          -0.58795,
          -0.799452,
          0.123253
        ],
        [
          -0.775072,
          0.600387,
          0.196973
        ],
        [
          -0.23147,
          0.0202802,
          -0.972631
        ],
        [
          -1.78939,
          0.816825,
          1.51094
        ]
      ]
    },
    {
      "type": "rendInst",
      "name": "%us_zeppelin_whale_cabine_a_chair_a",
      "tm": [
        [
          -0.58795,
          -0.799452,
          0.123253
        ],
        [
          -0.775072,
          0.600387,
          0.196973
        ],
        [
          -0.23147,
          0.0202802,
          -0.972631
        ],
        [
          -1.67475,
          0.819952,
          1.95252
        ]
      ]
    },
    {
      "type": "rendInst",
      "name": "%us_zeppelin_whale_cabine_a_chair_a",
      "tm": [
        [
          0.730908,
          0.0255238,
          0.681998
        ],
        [
          0.682088,
          0.00635587,
          -0.731242
        ],
        [
          -0.0229987,
          0.999654,
          -0.0127639
        ],
        [
          -2.80561,
          0.920471,
          1.87219
        ]
      ]
    },
    {
      "type": "rendInst",
      "name": "%us_zeppelin_whale_cabine_a_chair_a",
      "tm": [
        [
          -0.977999,
          0.0170709,
          0.207912
        ],
        [
          0.208153,
          0.0138215,
          0.977999
        ],
        [
          0.0138217,
          0.999759,
          -0.0170708
        ],
        [
          -3.14362,
          0.916144,
          -0.392416
        ]
      ]
    },
    {
      "type": "rendInst",
      "name": "%us_zeppelin_whale_cabine_a_chair_a",
      "tm": [
        [
          0.0220827,
          -0.999742,
          0.00529988
        ],
        [
          0.528596,
          0.0161751,
          0.84872
        ],
        [
          -0.848586,
          -0.0159405,
          0.528817
        ],
        [
          -3.64336,
          0.871858,
          1.24339
        ]
      ]
    },
    {
      "type": "rendInst",
      "name": "%us_zeppelin_whale_cabine_a_hull_panelling_a_broken_a_part_b",
      "tm": [
        [
          0.937002,
          -0.021958,
          -0.348634
        ],
        [
          -0.201629,
          0.780993,
          -0.591097
        ],
        [
          0.28526,
          0.624153,
          0.727365
        ],
        [
          -2.47333,
          0.161958,
          -1.65407
        ]
      ]
    },
    {
      "type": "rendInst",
      "name": "%us_zeppelin_whale_cabine_a_hull_panelling_a_broken_a_part_a",
      "tm": [
        [
          0.884782,
          0.261942,
          0.385417
        ],
        [
          -0.344971,
          0.924208,
          0.16381
        ],
        [
          -0.313297,
          -0.277894,
          0.908086
        ],
        [
          -4.48482,
          0.335007,
          0.533772
        ]
      ]
    },
    {
      "type": "rendInst",
      "name": "%us_zeppelin_whale_cabine_a_door_a_broken_a",
      "tm": [
        [
          0.962061,
          0.0875804,
          0.258397
        ],
        [
          0.012776,
          0.931579,
          -0.363314
        ],
        [
          -0.272537,
          0.352832,
          0.895117
        ],
        [
          0.845446,
          0.364967,
          -2.02639
        ]
      ]
    }
  ]
}