{
  "classname": "$%composit",
  "node": [
    {
      "type": "rendInst",
      "name": "%us_zeppelin_whale_cabine_a_hull_rear_broken_a",
      "tm": [
        [
          1.0,
          0.0,
          0.0
        ],
        [
          0.0,
          1.0,
          0.0
        ],
        [
          0.0,
          0.0,
          1.0
        ],
        [
          -0.386349,
          0.0,
          0.00542194
        ]
      ]
    },
    {
      "type": "rendInst",
      "name": "%us_zeppelin_whale_cabine_a_chair_a",
      "tm": [
        [
          -0.99863,
          0.0,
          -0.0523362
        ],
        [
          0.0,
          1.0,
          0.0
        ],
        [
          0.0523362,
          0.0,
          -0.99863
        ],
        [
          -1.42313,
          1.08769,
          -1.33522
        ]
      ]
    },
    {
      "type": "rendInst",
      "name": "%us_zeppelin_whale_cabine_a_chair_a",
      "tm": [
        [
          -0.99863,
          0.0,
          -0.0523362
        ],
        [
          0.0,
          1.0,
          0.0
        ],
        [
          0.0523362,
          0.0,
          -0.99863
        ],
        [
          -1.43168,
          1.08769,
          -0.87899
        ]
      ]
    },
    {
      "type": "rendInst",
      "name": "%us_zeppelin_whale_cabine_a_chair_a",
      "tm": [
        [
          -0.99863,
          0.0,
          -0.0523362
        ],
        [
          0.0,
          1.0,
          0.0
        ],
        [
          0.0523362,
          0.0,
          -0.99863
        ],
        [
          -1.46639,
          1.08769,
          0.853651
        ]
      ]
    },
    {
      "type": "rendInst",
      "name": "%us_zeppelin_whale_cabine_a_chair_a",
      "tm": [
        [
          -0.99863,
          0.0,
          -0.0523362
        ],
        [
          0.0,
          1.0,
          0.0
        ],
        [
          0.0523362,
          0.0,
          -0.99863
        ],
        [
          -1.47413,
          1.08769,
          1.30962
        ]
      ]
    },
    {
      "type": "rendInst",
      "name": "%us_zeppelin_whale_cabine_a_chair_a",
      "tm": [
        [
          0.99863,
          0.0,
          0.052336
        ],
        [
          0.0,
          1.0,
          0.0
        ],
        [
          -0.052336,
          0.0,
          0.99863
        ],
        [
          -0.247426,
          1.08886,
          1.32871
        ]
      ]
    },
    {
      "type": "rendInst",
      "name": "%us_zeppelin_whale_cabine_a_chair_a",
      "tm": [
        [
          0.99863,
          0.0,
          0.052336
        ],
        [
          0.0,
          1.0,
          0.0
        ],
        [
          -0.052336,
          0.0,
          0.99863
        ],
        [
          -0.210302,
          1.08886,
          -0.859297
        ]
      ]
    },
    {
      "type": "rendInst",
      "name": "%us_zeppelin_whale_cabine_a_chair_a",
      "tm": [
        [
          0.99863,
          0.0,
          0.052336
        ],
        [
          0.0,
          1.0,
          0.0
        ],
        [
          -0.052336,
          0.0,
          0.99863
        ],
        [
          -0.202203,
          1.08886,
          -1.31555
        ]
      ]
    },
    {
      "type": "rendInst",
      "name": "%us_zeppelin_whale_cabine_a_chair_a",
      "tm": [
        [
          -0.99863,
          0.0,
          -0.0523362
        ],
        [
          0.0,
          1.0,
          0.0
        ],
        [
          0.0523362,
          0.0,
          -0.99863
        ],
        [
          0.133296,
          1.08886,
          -0.853733
        ]
      ]
    },
    {
      "type": "rendInst",
      "name": "%us_zeppelin_whale_cabine_a_chair_a",
      "tm": [
        [
          -0.99863,
          -0.00273907,
          -0.0522646
        ],
        [
          -4.65661E-09,
          0.99863,
          -0.0523358
        ],
        [
          0.0523363,
          -0.052264,
          -0.997261
        ],
        [
          0.0995817,
          1.08008,
          0.877864
        ]
      ]
    },
    {
      "type": "rendInst",
      "name": "%us_zeppelin_whale_cabine_a_chair_a",
      "tm": [
        [
          -0.99863,
          0.0,
          -0.0523362
        ],
        [
          0.0,
          1.0,
          0.0
        ],
        [
          0.0523362,
          0.0,
          -0.99863
        ],
        [
          0.0967816,
          1.08886,
          1.33522
        ]
      ]
    },
    {
      "type": "rendInst",
      "name": "%us_zeppelin_whale_cabine_a_chair_a",
      "tm": [
        [
          -0.793647,
          0.0154232,
          -0.608184
        ],
        [
          -0.608201,
          0.0040813,
          0.793773
        ],
        [
          0.0147247,
          0.999873,
          0.00614127
        ],
        [
          1.99206,
          0.916694,
          -0.459375
        ]
      ]
    },
    {
      "type": "rendInst",
      "name": "%us_zeppelin_whale_cabine_a_chair_a",
      "tm": [
        [
          0.838675,
          0.0206222,
          0.544242
        ],
        [
          0.54359,
          0.0301082,
          -0.838811
        ],
        [
          -0.0336843,
          0.999334,
          0.014041
        ],
        [
          0.941599,
          0.916929,
          1.2128
        ]
      ]
    },
    {
      "type": "rendInst",
      "name": "%us_zeppelin_whale_cabine_a_chair_a",
      "tm": [
        [
          0.130655,
          -0.991306,
          -0.015574
        ],
        [
          -0.780854,
          -0.0932129,
          -0.61772
        ],
        [
          0.610898,
          0.0928695,
          -0.786244
        ],
        [
          2.14032,
          0.916694,
          -1.04809
        ]
      ]
    },
    {
      "type": "rendInst",
      "name": "%us_zeppelin_whale_cabine_a_chair_a",
      "tm": [
        [
          -0.572393,
          -0.818201,
          0.0539742
        ],
        [
          -0.804174,
          0.573004,
          0.158021
        ],
        [
          -0.160221,
          0.0470456,
          -0.985959
        ],
        [
          2.0873,
          0.835633,
          0.699764
        ]
      ]
    },
    {
      "type": "rendInst",
      "name": "%us_zeppelin_whale_cabine_a_chair_a",
      "tm": [
        [
          -0.572393,
          -0.818201,
          0.0539742
        ],
        [
          -0.804174,
          0.573004,
          0.158021
        ],
        [
          -0.160221,
          0.0470456,
          -0.985959
        ],
        [
          2.16913,
          0.82682,
          1.14819
        ]
      ]
    },
    {
      "type": "rendInst",
      "name": "%us_zeppelin_whale_cabine_a_chair_a",
      "tm": [
        [
          -0.916697,
          0.0154232,
          0.399286
        ],
        [
          0.399388,
          0.0040813,
          0.916773
        ],
        [
          0.0125099,
          0.999873,
          -0.00990114
        ],
        [
          3.6391,
          0.916694,
          -1.03551
        ]
      ]
    },
    {
      "type": "rendInst",
      "name": "%us_zeppelin_whale_cabine_a_chair_a",
      "tm": [
        [
          -0.99863,
          0.0,
          -0.0523362
        ],
        [
          0.0,
          1.0,
          0.0
        ],
        [
          0.0523362,
          0.0,
          -0.99863
        ],
        [
          0.141737,
          1.08886,
          -1.30957
        ]
      ]
    },
    {
      "type": "rendInst",
      "name": "%us_zeppelin_whale_cabine_a_ladder_a_broken_a",
      "tm": [
        [
          0.917767,
          -0.210942,
          -0.336464
        ],
        [
          0.189026,
          0.977167,
          -0.0970189
        ],
        [
          0.349247,
          0.0254401,
          0.936685
        ],
        [
          -4.33833,
          1.05545,
          -0.28511
        ]
      ]
    },
    {
      "type": "rendInst",
      "name": "%us_zeppelin_whale_cabine_a_wood_pannel_a_broken_a",
      "tm": [
        [
          0.493962,
          0.0176869,
          0.869304
        ],
        [
          0.490009,
          0.820239,
          -0.295125
        ],
        [
          -0.718257,
          0.571747,
          0.3965
        ],
        [
          4.02158,
          0.934033,
          -0.720392
        ]
      ]
    },
    {
      "type": "rendInst",
      "name": "%us_zeppelin_whale_cabine_a_wood_pannel_a_broken_a",
      "tm": [
        [
          0.93358,
          0.0,
          0.358368
        ],
        [
          0.0,
          1.0,
          0.0
        ],
        [
          -0.358368,
          0.0,
          0.93358
        ],
        [
          4.33833,
          0.6933,
          0.913141
        ]
      ]
    }
  ]
}