{
  "className": "composit",
  "node": [
    {
      "type": "rendInst",
      "name": "$%us_zeppelin_whale_frame_truss_a_damaged_b",
      "tm": [
        [
          -0.843284,
          0.234218,
          0.48375
        ],
        [
          -0.519172,
          -0.122133,
          -0.845899
        ],
        [
          -0.139043,
          -0.964482,
          0.224592
        ],
        [
          4.77869,
          0.714073,
          -29.7978
        ]
      ]
    },
    {
      "type": "rendInst",
      "name": "$%us_zeppelin_whale_barrel_a_damaged_a",
      "tm": [
        [
          0.705274,
          -0.174071,
          0.687232
        ],
        [
          0.410888,
          -0.689597,
          -0.596344
        ],
        [
          0.57772,
          0.702962,
          -0.414832
        ],
        [
          18.2096,
          3.495,
          11.551
        ]
      ]
    },
    {
      "type": "rendInst",
      "name": "$%us_zeppelin_whale_barrel_a_damaged_a",
      "tm": [
        [
          0.0825687,
          -0.104464,
          0.991095
        ],
        [
          0.0208131,
          -0.994093,
          -0.106514
        ],
        [
          0.996368,
          0.0294225,
          -0.0799067
        ],
        [
          13.033,
          3.37605,
          12.4149
        ]
      ]
    },
    {
      "type": "rendInst",
      "name": "$%us_zeppelin_whale_barrel_a_damaged_a",
      "tm": [
        [
          0.0410634,
          -0.653628,
          0.755701
        ],
        [
          -0.0750196,
          -0.756221,
          -0.650001
        ],
        [
          0.996336,
          -0.0300011,
          -0.0800879
        ],
        [
          15.3756,
          3.0168,
          11.7623
        ]
      ]
    },
    {
      "type": "rendInst",
      "name": "$%us_zeppelin_whale_barrel_a_damaged_a",
      "tm": [
        [
          0.0412731,
          -0.357422,
          0.933031
        ],
        [
          -0.0788254,
          -0.93208,
          -0.353571
        ],
        [
          0.996034,
          -0.0589535,
          -0.0666438
        ],
        [
          30.7916,
          1.35603,
          8.89095
        ]
      ]
    },
    {
      "type": "rendInst",
      "name": "$%us_zeppelin_whale_frame_tail_damaged_a",
      "tm": [
        [
          0.984848,
          0.0,
          -0.173419
        ],
        [
          0.0,
          1.0,
          0.0
        ],
        [
          0.173419,
          0.0,
          0.984848
        ],
        [
          0.0,
          0.0,
          0.0
        ]
      ]
    }
  ]
}