{
  "className": "composit",
  "node": [
    {
      "type": "rendInst",
      "name": "%wood_pier_g_platform_a",
      "tm": [
        [
          1.0,
          0.0,
          0.0
        ],
        [
          0.0,
          1.0,
          0.0
        ],
        [
          0.0,
          0.0,
          1.0
        ],
        [
          0.0,
          0.0,
          0.0
        ]
      ],
      "toGround": false
    },
    {
      "type": "rendInst",
      "name": "%wood_pier_g_platform_a",
      "tm": [
        [
          0.976929,
          0.0,
          -0.213564
        ],
        [
          0.0,
          1.0,
          0.0
        ],
        [
          0.213564,
          0.0,
          0.976929
        ],
        [
          7.64294,
          0.0,
          63.1806
        ]
      ],
      "toGround": false
    },
    {
      "type": "rendInst",
      "name": "%wood_pier_g_platform_a",
      "tm": [
        [
          0.964188,
          0.0,
          -0.265222
        ],
        [
          0.0,
          1.0,
          0.0
        ],
        [
          0.265222,
          0.0,
          0.964188
        ],
        [
          11.4585,
          0.0,
          78.6982
        ]
      ],
      "toGround": false
    },
    {
      "type": "rendInst",
      "name": "%wood_pier_g_platform_a",
      "tm": [
        [
          0.944772,
          0.0,
          -0.32773
        ],
        [
          0.0,
          1.0,
          0.0
        ],
        [
          0.32773,
          0.0,
          0.944772
        ],
        [
          16.1859,
          0.0,
          93.8367
        ]
      ],
      "toGround": false
    },
    {
      "type": "rendInst",
      "name": "%wood_pier_g_platform_a",
      "tm": [
        [
          0.992966,
          0.0,
          -0.118399
        ],
        [
          0.0,
          1.0,
          0.0
        ],
        [
          0.118399,
          0.0,
          0.992966
        ],
        [
          1.99707,
          0.0,
          31.7602
        ]
      ],
      "toGround": false
    },
    {
      "type": "rendInst",
      "name": "%wood_pier_g_platform_a",
      "tm": [
        [
          0.983094,
          0.0,
          -0.183103
        ],
        [
          0.0,
          1.0,
          0.0
        ],
        [
          0.183103,
          0.0,
          0.983094
        ],
        [
          4.41675,
          0.0,
          47.4388
        ]
      ],
      "toGround": false
    },
    {
      "type": "rendInst",
      "name": "%wood_pier_g_platform_a",
      "tm": [
        [
          0.997859,
          0.0,
          -0.0654177
        ],
        [
          0.0,
          1.0,
          0.0
        ],
        [
          0.0654177,
          0.0,
          0.997859
        ],
        [
          0.541504,
          0.0,
          15.848
        ]
      ],
      "toGround": false
    },
    {
      "type": "rendInst",
      "name": "%wood_pier_g_platform_a",
      "tm": [
        [
          0.994699,
          0.0,
          0.102838
        ],
        [
          0.0,
          1.0,
          0.0
        ],
        [
          -0.102838,
          0.0,
          0.994699
        ],
        [
          1.26172,
          0.0,
          -40.9359
        ]
      ],
      "toGround": false
    },
    {
      "type": "rendInst",
      "name": "%wood_pier_g_platform_a",
      "tm": [
        [
          0.985841,
          0.0,
          0.167687
        ],
        [
          0.0,
          1.0,
          0.0
        ],
        [
          -0.167687,
          0.0,
          0.985841
        ],
        [
          3.38611,
          0.0,
          -56.6491
        ]
      ],
      "toGround": false
    },
    {
      "type": "rendInst",
      "name": "%wood_pier_g_platform_a",
      "tm": [
        [
          0.975526,
          0.0,
          0.219884
        ],
        [
          0.0,
          1.0,
          0.0
        ],
        [
          -0.219884,
          0.0,
          0.975526
        ],
        [
          6.49646,
          0.0,
          -72.3225
        ]
      ],
      "toGround": false
    },
    {
      "type": "rendInst",
      "name": "%wood_pier_g_platform_a",
      "tm": [
        [
          -0.946238,
          0.0,
          -0.323472
        ],
        [
          0.0,
          1.0,
          0.0
        ],
        [
          0.320358,
          0.0,
          -0.937128
        ],
        [
          -28.861,
          0.0,
          -117.523
        ]
      ],
      "toGround": false
    },
    {
      "type": "rendInst",
      "name": "%wood_pier_g_platform_a",
      "tm": [
        [
          -0.962627,
          0.0,
          -0.270832
        ],
        [
          0.0,
          1.0,
          0.0
        ],
        [
          0.265369,
          0.0,
          -0.943212
        ],
        [
          -33.5378,
          0.0,
          -102.512
        ]
      ],
      "toGround": false
    },
    {
      "type": "rendInst",
      "name": "%wood_pier_g_platform_a",
      "tm": [
        [
          -0.980873,
          0.0,
          -0.194649
        ],
        [
          0.0,
          1.0,
          0.0
        ],
        [
          0.190723,
          0.0,
          -0.96109
        ],
        [
          -37.1801,
          0.0,
          -87.4578
        ]
      ],
      "toGround": false
    },
    {
      "type": "rendInst",
      "name": "%wood_pier_g_platform_a",
      "tm": [
        [
          -0.980847,
          0.0,
          -0.19478
        ],
        [
          0.0,
          1.0,
          0.0
        ],
        [
          0.190853,
          0.0,
          -0.961065
        ],
        [
          -40.3444,
          0.0,
          -71.953
        ]
      ],
      "toGround": false
    },
    {
      "type": "rendInst",
      "name": "%wood_pier_g_platform_a",
      "tm": [
        [
          -0.990316,
          0.0,
          -0.138832
        ],
        [
          0.0,
          1.0,
          0.0
        ],
        [
          0.136033,
          0.0,
          -0.970343
        ],
        [
          -42.8824,
          0.0,
          -56.4446
        ]
      ],
      "toGround": false
    },
    {
      "type": "rendInst",
      "name": "%wood_pier_g_platform_a",
      "tm": [
        [
          -0.997111,
          0.0,
          -0.0759621
        ],
        [
          0.0,
          1.0,
          0.0
        ],
        [
          0.0744299,
          0.0,
          -0.977001
        ],
        [
          -44.5284,
          0.0,
          -40.9296
        ]
      ],
      "toGround": false
    },
    {
      "type": "rendInst",
      "name": "%wood_pier_g_platform_a",
      "tm": [
        [
          0.331386,
          0.0,
          -0.943495
        ],
        [
          0.0,
          1.0,
          0.0
        ],
        [
          0.943495,
          0.0,
          0.331386
        ],
        [
          -44.0861,
          0.0,
          -127.675
        ]
      ],
      "toGround": false
    },
    {
      "type": "rendInst",
      "name": "%wood_pier_g_platform_a",
      "tm": [
        [
          0.331386,
          0.0,
          -0.943495
        ],
        [
          0.0,
          1.0,
          0.0
        ],
        [
          0.943495,
          0.0,
          0.331386
        ],
        [
          -59.319,
          0.0,
          -132.992
        ]
      ],
      "toGround": false
    },
    {
      "type": "rendInst",
      "name": "%wood_pier_g_platform_a",
      "tm": [
        [
          0.217576,
          0.0,
          -0.976044
        ],
        [
          0.0,
          1.0,
          0.0
        ],
        [
          0.976044,
          0.0,
          0.217576
        ],
        [
          -55.5066,
          0.0,
          -86.7373
        ]
      ],
      "toGround": false
    },
    {
      "type": "rendInst",
      "name": "%wood_pier_g_platform_a",
      "tm": [
        [
          0.217576,
          0.0,
          -0.976044
        ],
        [
          0.0,
          1.0,
          0.0
        ],
        [
          0.976044,
          0.0,
          0.217576
        ],
        [
          -86.972,
          0.0,
          -93.6776
        ]
      ],
      "toGround": false
    },
    {
      "type": "rendInst",
      "name": "%wood_pier_g_platform_a",
      "tm": [
        [
          0.217576,
          0.0,
          -0.976044
        ],
        [
          0.0,
          1.0,
          0.0
        ],
        [
          0.976044,
          0.0,
          0.217576
        ],
        [
          -71.2614,
          0.0,
          -90.2169
        ]
      ],
      "toGround": false
    },
    {
      "type": "rendInst",
      "name": "%wood_pier_g_platform_a",
      "tm": [
        [
          0.962356,
          0.0,
          0.271795
        ],
        [
          0.0,
          1.0,
          0.0
        ],
        [
          -0.271795,
          0.0,
          0.962356
        ],
        [
          -39.6095,
          0.0,
          -104.235
        ]
      ],
      "toGround": false
    },
    {
      "type": "rendInst",
      "name": "%wood_pier_g_platform_a",
      "tm": [
        [
          0.946537,
          0.0,
          0.322595
        ],
        [
          0.0,
          1.0,
          0.0
        ],
        [
          -0.322595,
          0.0,
          0.946537
        ],
        [
          -34.8444,
          0.0,
          -119.485
        ]
      ],
      "toGround": false
    },
    {
      "type": "rendInst",
      "name": "%wood_pier_g_platform_a",
      "tm": [
        [
          0.978074,
          0.0,
          0.208257
        ],
        [
          0.0,
          1.0,
          0.0
        ],
        [
          -0.208257,
          0.0,
          0.978074
        ],
        [
          -43.3942,
          0.0,
          -88.8338
        ]
      ],
      "toGround": false
    },
    {
      "type": "rendInst",
      "name": "%wood_pier_g_platform_a",
      "tm": [
        [
          0.997168,
          0.0,
          0.0752176
        ],
        [
          0.0,
          1.0,
          0.0
        ],
        [
          -0.0752176,
          0.0,
          0.997168
        ],
        [
          -50.981,
          0.0,
          -41.5701
        ]
      ],
      "toGround": false
    },
    {
      "type": "rendInst",
      "name": "%wood_pier_g_platform_a",
      "tm": [
        [
          0.990111,
          0.0,
          0.140289
        ],
        [
          0.0,
          1.0,
          0.0
        ],
        [
          -0.140289,
          0.0,
          0.990111
        ],
        [
          -49.2954,
          0.0,
          -57.3395
        ]
      ],
      "toGround": false
    },
    {
      "type": "rendInst",
      "name": "%wood_pier_g_platform_a",
      "tm": [
        [
          0.981248,
          0.0,
          0.192752
        ],
        [
          0.0,
          1.0,
          0.0
        ],
        [
          -0.192752,
          0.0,
          0.981248
        ],
        [
          -46.6221,
          0.0,
          -73.0941
        ]
      ],
      "toGround": false
    }
  ]
}