{
  "selected_tag": "",
  "bin_dump_file": "",
  "mission_settings": {
    "player": {
      "army": 1,
      "wing": "ft_armada"
    },
    "player_teamB": {
      "army": 2
    },
    "mission": {
      "level": "levels/water.bin",
      "type": "singleMission",
      "environment": "Day",
      "weather": "hazy",
      "restoreType": "attempts",
      "optionalTakeOff": false
    },
    "spectator_points": {}
  },
  "imports": {},
  "triggers": {
    "isCategory": true,
    "is_enabled": true,
    "fields_high_start": {
      "is_enabled": true,
      "comments": "",
      "props": {
        "actionsType": "PERFORM_ONE_BY_ONE",
        "conditionsType": "ALL",
        "enableAfterComplete": false
      },
      "events": {
        "initMission": {}
      },
      "conditions": {},
      "actions": {
        "varSetInt": [
          {
            "value": 0,
            "var": [
              "ft_t1_max_near_airfields_count",
              "ft_t2_max_near_airfields_count"
            ]
          },
          {
            "value": 0,
            "var": [
              "ft_t1_max_mid_airfields_count",
              "ft_t2_max_mid_airfields_count"
            ]
          },
          {
            "value": 3,
            "var": [
              "ft_t1_max_far_airfields_count",
              "ft_t2_max_far_airfields_count"
            ]
          }
        ],
        "comment": {
          "value": ""
        },
        "varSetReal": {
          "value": 15000.0,
          "var": "ft_generate_distance_between"
        }
      },
      "else_actions": {}
    }
  },
  "mission_objectives": {
    "isCategory": true,
    "is_enabled": true
  },
  "variables": {},
  "dialogs": {},
  "airfields": {},
  "effects": {},
  "units": {
    "objectGroups": [
      {
        "name": "ft_t1_airfield_01_01",
        "tm": [
          [
            -0.0574668,
            0.0,
            -0.998346
          ],
          [
            0.0,
            1.0,
            0.0
          ],
          [
            0.998346,
            0.0,
            -0.0574668
          ],
          [
            -26746.7,
            206.8,
            -25962.7
          ]
        ],
        "unit_class": "dynaf_pg_1line_3000_universal",
        "objLayer": 2,
        "props": {
          "army": 1,
          "active": false
        }
      },
      {
        "name": "ft_t1_airfield_01_02",
        "tm": [
          [
            0.106846,
            0.0,
            -0.994276
          ],
          [
            0.0,
            1.0,
            0.0
          ],
          [
            0.994276,
            0.0,
            0.106846
          ],
          [
            24521.4,
            69.05,
            -26190.7
          ]
        ],
        "unit_class": "dynaf_pg_1line_3000_universal",
        "objLayer": 2,
        "props": {
          "army": 1,
          "active": false
        }
      },
      {
        "name": "ft_t1_airfield_01_03",
        "tm": [
          [
            0.23608,
            0.0,
            -0.971733
          ],
          [
            0.0,
            1.0,
            0.0
          ],
          [
            0.971733,
            0.0,
            0.23608
          ],
          [
            -64.3,
            128.8,
            -26388.5
          ]
        ],
        "unit_class": "dynaf_pg_1line_3000_universal",
        "objLayer": 2,
        "props": {
          "army": 1,
          "active": false
        }
      },
      {
        "name": "ft_t1_airfield_02_01",
        "tm": [
          [
            -0.0436194,
            0.0,
            -0.999048
          ],
          [
            0.0,
            1.0,
            0.0
          ],
          [
            0.999048,
            0.0,
            -0.0436194
          ],
          [
            -11776.9,
            169.2,
            -18431.8
          ]
        ],
        "unit_class": "dynaf_universal_1line_b",
        "objLayer": 2,
        "props": {
          "army": 1,
          "active": false
        }
      },
      {
        "name": "ft_t1_airfield_02_02",
        "tm": [
          [
            0.223051,
            0.0,
            -0.974807
          ],
          [
            0.0,
            1.0,
            0.0
          ],
          [
            0.974807,
            0.0,
            0.223051
          ],
          [
            19446.3,
            94.05,
            -18917.2
          ]
        ],
        "unit_class": "dynaf_universal_1line_b",
        "objLayer": 2,
        "props": {
          "army": 1,
          "active": false
        }
      },
      {
        "name": "ft_t1_airfield_03_01",
        "tm": [
          [
            -0.121484,
            0.0,
            -0.992594
          ],
          [
            0.0,
            1.0,
            0.0
          ],
          [
            0.992594,
            0.0,
            -0.121484
          ],
          [
            -14233.4,
            284.65,
            -12209.7
          ]
        ],
        "unit_class": "dynaf_universal_1line_b",
        "objLayer": 2,
        "props": {
          "army": 1,
          "active": false
        }
      },
      {
        "name": "ft_t1_airfield_03_02",
        "tm": [
          [
            0.00789157,
            0.0,
            -0.99997
          ],
          [
            0.0,
            1.0,
            0.0
          ],
          [
            0.99997,
            0.0,
            0.00789157
          ],
          [
            -4832.35,
            218.75,
            -11979.8
          ]
        ],
        "unit_class": "dynaf_universal_1line_b",
        "objLayer": 2,
        "props": {
          "army": 1,
          "active": false
        }
      },
      {
        "name": "ft_t2_airfield_01_01",
        "tm": [
          [
            -0.116434,
            0.0,
            0.993198
          ],
          [
            0.0,
            1.0,
            0.0
          ],
          [
            -0.993198,
            0.0,
            -0.116434
          ],
          [
            25693.8,
            139.75,
            26226.7
          ]
        ],
        "unit_class": "dynaf_pg_1line_3000_universal",
        "objLayer": 2,
        "props": {
          "army": 2,
          "active": false
        }
      },
      {
        "name": "ft_t2_airfield_01_02",
        "tm": [
          [
            0.766221,
            0.0,
            0.642578
          ],
          [
            0.0,
            1.0,
            0.0
          ],
          [
            -0.642578,
            0.0,
            0.766221
          ],
          [
            -6686.4,
            133.2,
            27094.6
          ]
        ],
        "unit_class": "dynaf_pg_1line_3000_universal",
        "objLayer": 2,
        "props": {
          "army": 2,
          "active": false
        }
      },
      {
        "name": "ft_t2_airfield_01_03",
        "tm": [
          [
            -0.22865,
            0.0,
            0.973508
          ],
          [
            0.0,
            1.0,
            0.0
          ],
          [
            -0.973508,
            0.0,
            -0.22865
          ],
          [
            -25726.7,
            117.6,
            26591.5
          ]
        ],
        "unit_class": "dynaf_pg_1line_3000_universal",
        "objLayer": 2,
        "props": {
          "army": 2,
          "active": false
        }
      },
      {
        "name": "ft_t2_airfield_02_01",
        "tm": [
          [
            -0.336161,
            0.0,
            0.941804
          ],
          [
            0.0,
            1.0,
            0.0
          ],
          [
            -0.941804,
            0.0,
            -0.336161
          ],
          [
            12202.0,
            70.5,
            20120.3
          ]
        ],
        "unit_class": "dynaf_universal_1line_c",
        "objLayer": 2,
        "props": {
          "army": 2,
          "active": false
        }
      },
      {
        "name": "ft_t2_airfield_02_02",
        "tm": [
          [
            -0.362341,
            0.0,
            0.932046
          ],
          [
            0.0,
            1.0,
            0.0
          ],
          [
            -0.932046,
            0.0,
            -0.362341
          ],
          [
            -9839.8,
            76.3,
            19225.1
          ]
        ],
        "unit_class": "dynaf_universal_1line_c",
        "objLayer": 2,
        "props": {
          "army": 2,
          "active": false
        }
      },
      {
        "name": "ft_t2_airfield_03_01",
        "tm": [
          [
            0.0515859,
            0.0,
            0.998669
          ],
          [
            0.0,
            1.0,
            0.0
          ],
          [
            -0.998669,
            0.0,
            0.0515859
          ],
          [
            26952.0,
            75.0,
            11831.3
          ]
        ],
        "unit_class": "dynaf_universal_1line_c",
        "objLayer": 2,
        "props": {
          "army": 2,
          "active": false
        }
      },
      {
        "name": "ft_t2_airfield_03_02",
        "tm": [
          [
            0.296383,
            0.0,
            0.955068
          ],
          [
            0.0,
            1.0,
            0.0
          ],
          [
            -0.955068,
            0.0,
            0.296383
          ],
          [
            -23508.7,
            64.85,
            12656.9
          ]
        ],
        "unit_class": "dynaf_universal_1line_c",
        "objLayer": 2,
        "props": {
          "army": 2,
          "active": false
        }
      },
      {
        "name": "ft_t1_airfield_03_03",
        "tm": [
          [
            0.165331,
            0.0,
            -0.986239
          ],
          [
            0.0,
            1.0,
            0.0
          ],
          [
            0.986239,
            0.0,
            0.165331
          ],
          [
            24620.8,
            71.45,
            -12519.1
          ]
        ],
        "unit_class": "dynaf_universal_1line_b",
        "objLayer": 2,
        "props": {
          "army": 1,
          "active": false
        }
      },
      {
        "name": "ft_t1_airfield_02_03",
        "tm": [
          [
            -0.0379878,
            0.0,
            -0.999277
          ],
          [
            0.0,
            1.0,
            0.0
          ],
          [
            0.999277,
            0.0,
            -0.0379878
          ],
          [
            8805.65,
            124.05,
            -19603.0
          ]
        ],
        "unit_class": "dynaf_universal_1line_b",
        "objLayer": 2,
        "props": {
          "army": 1,
          "active": false
        }
      },
      {
        "name": "ft_t2_airfield_02_03",
        "tm": [
          [
            0.0871556,
            0.0,
            0.996195
          ],
          [
            0.0,
            1.0,
            0.0
          ],
          [
            -0.996195,
            0.0,
            0.0871556
          ],
          [
            147.25,
            101.6,
            18699.2
          ]
        ],
        "unit_class": "dynaf_universal_1line_c",
        "objLayer": 2,
        "props": {
          "army": 2,
          "active": false
        }
      },
      {
        "name": "ft_t2_airfield_03_03",
        "tm": [
          [
            0.425663,
            0.0,
            0.904882
          ],
          [
            0.0,
            1.0,
            0.0
          ],
          [
            -0.904882,
            0.0,
            0.425663
          ],
          [
            -11765.0,
            80.6,
            13804.7
          ]
        ],
        "unit_class": "dynaf_universal_1line_c",
        "objLayer": 2,
        "props": {
          "army": 2,
          "active": false
        }
      },
      {
        "name": "ft_t1_airfield_03_04",
        "tm": [
          [
            0.0766807,
            0.0,
            -0.997056
          ],
          [
            0.0,
            1.0,
            0.0
          ],
          [
            0.997056,
            0.0,
            0.0766807
          ],
          [
            -25951.6,
            544.55,
            -13519.2
          ]
        ],
        "unit_class": "dynaf_universal_1line_b",
        "objLayer": 2,
        "props": {
          "army": 1,
          "active": false
        }
      },
      {
        "name": "ft_t1_airfield_03_05",
        "tm": [
          [
            -0.0467866,
            0.0,
            -0.998906
          ],
          [
            0.0,
            1.0,
            0.0
          ],
          [
            0.998906,
            0.0,
            -0.0467866
          ],
          [
            6507.6,
            117.75,
            -11921.0
          ]
        ],
        "unit_class": "dynaf_universal_1line_b",
        "objLayer": 2,
        "props": {
          "army": 1,
          "active": false
        }
      },
      {
        "name": "ft_t1_airfield_01_04",
        "tm": [
          [
            -0.216439,
            0.0,
            -0.976295
          ],
          [
            0.0,
            1.0,
            0.0
          ],
          [
            0.976295,
            0.0,
            -0.216439
          ],
          [
            -14116.2,
            177.9,
            -26613.3
          ]
        ],
        "unit_class": "dynaf_pg_1line_3000_universal",
        "objLayer": 2,
        "props": {
          "army": 1,
          "active": false
        }
      },
      {
        "name": "ft_t1_airfield_01_05",
        "tm": [
          [
            0.000474066,
            0.0,
            -0.999999
          ],
          [
            0.0,
            1.0,
            0.0
          ],
          [
            0.999999,
            0.0,
            0.000474066
          ],
          [
            10420.5,
            90.55,
            -26029.6
          ]
        ],
        "unit_class": "dynaf_pg_1line_3000_universal",
        "objLayer": 2,
        "props": {
          "army": 1,
          "active": false
        }
      },
      {
        "name": "ft_t1_airfield_02_04",
        "tm": [
          [
            -0.120114,
            0.0,
            -0.992759
          ],
          [
            0.0,
            1.0,
            0.0
          ],
          [
            0.992759,
            0.0,
            -0.120114
          ],
          [
            -2348.9,
            128.4,
            -19133.9
          ]
        ],
        "unit_class": "dynaf_universal_1line_b",
        "objLayer": 2,
        "props": {
          "army": 1,
          "active": false
        }
      },
      {
        "name": "ft_t1_airfield_02_05",
        "tm": [
          [
            -0.068208,
            0.0,
            -0.997671
          ],
          [
            0.0,
            1.0,
            0.0
          ],
          [
            0.997671,
            0.0,
            -0.068208
          ],
          [
            -20497.7,
            313.85,
            -18754.6
          ]
        ],
        "unit_class": "dynaf_universal_1line_b",
        "objLayer": 2,
        "props": {
          "army": 1,
          "active": false
        }
      },
      {
        "name": "ft_t2_airfield_03_04",
        "tm": [
          [
            0.933477,
            0.0,
            0.358639
          ],
          [
            0.0,
            1.0,
            0.0
          ],
          [
            -0.358639,
            0.0,
            0.933477
          ],
          [
            13363.4,
            147.45,
            11673.1
          ]
        ],
        "unit_class": "dynaf_universal_1line_c",
        "objLayer": 2,
        "props": {
          "army": 2,
          "active": false
        }
      },
      {
        "name": "ft_t2_airfield_03_05",
        "tm": [
          [
            0.319638,
            0.0,
            0.94754
          ],
          [
            0.0,
            1.0,
            0.0
          ],
          [
            -0.94754,
            0.0,
            0.319638
          ],
          [
            1138.05,
            145.15,
            12387.7
          ]
        ],
        "unit_class": "dynaf_universal_1line_c",
        "objLayer": 2,
        "props": {
          "army": 2,
          "active": false
        }
      },
      {
        "name": "ft_t2_airfield_02_04",
        "tm": [
          [
            0.382765,
            0.0,
            0.923845
          ],
          [
            0.0,
            1.0,
            0.0
          ],
          [
            -0.923845,
            0.0,
            0.382765
          ],
          [
            21859.6,
            118.5,
            18698.3
          ]
        ],
        "unit_class": "dynaf_universal_1line_c",
        "objLayer": 2,
        "props": {
          "army": 2,
          "active": false
        }
      },
      {
        "name": "ft_t2_airfield_02_05",
        "tm": [
          [
            0.863373,
            0.0,
            0.504566
          ],
          [
            0.0,
            1.0,
            0.0
          ],
          [
            -0.504566,
            0.0,
            0.863373
          ],
          [
            -18376.2,
            71.1,
            19491.0
          ]
        ],
        "unit_class": "dynaf_universal_1line_c",
        "objLayer": 2,
        "props": {
          "army": 2,
          "active": false
        }
      },
      {
        "name": "ft_t2_airfield_01_04",
        "tm": [
          [
            0.317869,
            0.0,
            0.948134
          ],
          [
            0.0,
            1.0,
            0.0
          ],
          [
            -0.948134,
            0.0,
            0.317869
          ],
          [
            16977.0,
            95.5,
            25960.1
          ]
        ],
        "unit_class": "dynaf_pg_1line_3000_universal",
        "objLayer": 2,
        "props": {
          "army": 2,
          "active": false
        }
      },
      {
        "name": "ft_t2_airfield_01_05",
        "tm": [
          [
            -0.0688514,
            0.0,
            0.997627
          ],
          [
            0.0,
            1.0,
            0.0
          ],
          [
            -0.997627,
            0.0,
            -0.0688514
          ],
          [
            3532.65,
            132.4,
            25560.0
          ]
        ],
        "unit_class": "dynaf_pg_1line_3000_universal",
        "objLayer": 2,
        "props": {
          "army": 2,
          "active": false
        }
      }
    ],
    "squad": [
      {
        "name": "ft_t1_airfields_squad",
        "tm": [
          [
            -2.98023e-8,
            0.0,
            -1.0
          ],
          [
            0.0,
            1.0,
            0.0
          ],
          [
            1.0,
            0.0,
            -2.98023e-8
          ],
          [
            -39514.2,
            84.5117,
            -15018.8
          ]
        ],
        "props": {
          "squad_members": [
            "ft_t1_airfield_01_01",
            "ft_t1_airfield_01_02",
            "ft_t1_airfield_01_03",
            "ft_t1_airfield_01_04",
            "ft_t1_airfield_01_05",
            "ft_t1_airfield_02_01",
            "ft_t1_airfield_02_02",
            "ft_t1_airfield_02_03",
            "ft_t1_airfield_02_04",
            "ft_t1_airfield_02_05",
            "ft_t1_airfield_03_01",
            "ft_t1_airfield_03_02",
            "ft_t1_airfield_03_03",
            "ft_t1_airfield_03_04",
            "ft_t1_airfield_03_05"
          ],
          "object_marking": 0
        }
      },
      {
        "name": "ft_t2_airfields_squad",
        "tm": [
          [
            -2.98023e-8,
            0.0,
            -1.0
          ],
          [
            0.0,
            1.0,
            0.0
          ],
          [
            1.0,
            0.0,
            -2.98023e-8
          ],
          [
            -34444.6,
            80.2773,
            15596.1
          ]
        ],
        "props": {
          "squad_members": [
            "ft_t2_airfield_01_01",
            "ft_t2_airfield_01_02",
            "ft_t2_airfield_01_03",
            "ft_t2_airfield_01_04",
            "ft_t2_airfield_01_05",
            "ft_t2_airfield_02_01",
            "ft_t2_airfield_02_02",
            "ft_t2_airfield_02_03",
            "ft_t2_airfield_02_04",
            "ft_t2_airfield_02_05",
            "ft_t2_airfield_03_01",
            "ft_t2_airfield_03_02",
            "ft_t2_airfield_03_03",
            "ft_t2_airfield_03_04",
            "ft_t2_airfield_03_05"
          ],
          "object_marking": 0
        }
      }
    ]
  },
  "areas": {
    "ft_t2_airfield_01_01_bomb_zone": {
      "type": "Box",
      "tm": [
        [
          407.522,
          0.0,
          -3476.19
        ],
        [
          0.0,
          450.0,
          0.0
        ],
        [
          1489.8,
          0.0,
          174.65
        ],
        [
          25749.9,
          25.7375,
          26219.5
        ]
      ],
      "objLayer": 0,
      "props": {}
    },
    "ft_t2_airfield_01_02_bomb_zone": {
      "type": "Box",
      "tm": [
        [
          -2681.78,
          0.0,
          -2249.02
        ],
        [
          0.0,
          450.0,
          0.0
        ],
        [
          963.865,
          0.0,
          -1149.33
        ],
        [
          -6694.82,
          3.52063,
          27074.8
        ]
      ],
      "objLayer": 0,
      "props": {}
    },
    "ft_t2_airfield_01_03_bomb_zone": {
      "type": "Box",
      "tm": [
        [
          805.075,
          0.0,
          -3406.15
        ],
        [
          0.0,
          450.0,
          0.0
        ],
        [
          1459.78,
          0.0,
          345.027
        ],
        [
          -25722.0,
          -14.6527,
          26638.7
        ]
      ],
      "objLayer": 0,
      "props": {}
    },
    "ft_t2_airfield_02_01_bomb_zone": {
      "type": "Box",
      "tm": [
        [
          1161.06,
          0.0,
          -3301.81
        ],
        [
          0.0,
          450.0,
          0.0
        ],
        [
          1415.06,
          0.0,
          497.588
        ],
        [
          12215.6,
          -69.2944,
          20201.2
        ]
      ],
      "objLayer": 0,
      "props": {}
    },
    "ft_t2_airfield_02_02_bomb_zone": {
      "type": "Box",
      "tm": [
        [
          1248.54,
          0.0,
          -3269.73
        ],
        [
          0.0,
          450.0,
          0.0
        ],
        [
          1401.31,
          0.0,
          535.09
        ],
        [
          -9858.4,
          10.006,
          19204.6
        ]
      ],
      "objLayer": 0,
      "props": {}
    },
    "ft_t2_airfield_03_01_bomb_zone": {
      "type": "Box",
      "tm": [
        [
          -158.038,
          0.0,
          -3496.43
        ],
        [
          0.0,
          450.0,
          0.0
        ],
        [
          1498.47,
          0.0,
          -67.7339
        ],
        [
          26965.0,
          -14.9986,
          11869.1
        ]
      ],
      "objLayer": 0,
      "props": {}
    },
    "ft_t2_airfield_03_02_bomb_zone": {
      "type": "Box",
      "tm": [
        [
          -1013.47,
          0.0,
          -3350.05
        ],
        [
          0.0,
          450.0,
          0.0
        ],
        [
          1435.74,
          0.0,
          -434.345
        ],
        [
          -23514.3,
          28.6864,
          12617.9
        ]
      ],
      "objLayer": 0,
      "props": {}
    },
    "ft_t1_airfield_01_01_bomb_zone": {
      "type": "Box",
      "tm": [
        [
          -201.13,
          0.0,
          -3494.22
        ],
        [
          0.0,
          450.0,
          0.0
        ],
        [
          1497.52,
          0.0,
          -86.1989
        ],
        [
          -26785.0,
          144.2,
          -25932.1
        ]
      ],
      "objLayer": 0,
      "props": {}
    },
    "ft_t1_airfield_01_03_bomb_zone": {
      "type": "Box",
      "tm": [
        [
          826.281,
          0.0,
          -3401.07
        ],
        [
          0.0,
          450.0,
          0.0
        ],
        [
          1457.6,
          0.0,
          354.122
        ],
        [
          -96.6691,
          22.6241,
          -26381.6
        ]
      ],
      "objLayer": 0,
      "props": {}
    },
    "ft_t1_airfield_01_02_bomb_zone": {
      "type": "Box",
      "tm": [
        [
          373.964,
          0.0,
          -3479.96
        ],
        [
          0.0,
          450.0,
          0.0
        ],
        [
          1491.42,
          0.0,
          160.271
        ],
        [
          24517.7,
          49.0,
          -26272.6
        ]
      ],
      "objLayer": 0,
      "props": {}
    },
    "ft_t1_airfield_02_01_bomb_zone": {
      "type": "Box",
      "tm": [
        [
          -152.669,
          0.0,
          -3496.67
        ],
        [
          0.0,
          450.0,
          0.0
        ],
        [
          1498.57,
          0.0,
          -65.4289
        ],
        [
          -11734.4,
          63.5799,
          -18512.4
        ]
      ],
      "objLayer": 0,
      "props": {}
    },
    "ft_t1_airfield_02_02_bomb_zone": {
      "type": "Box",
      "tm": [
        [
          744.92,
          0.0,
          -3419.81
        ],
        [
          0.0,
          450.0,
          0.0
        ],
        [
          1465.63,
          0.0,
          319.252
        ],
        [
          19491.5,
          15.689,
          -18944.3
        ]
      ],
      "objLayer": 0,
      "props": {}
    },
    "ft_t1_airfield_03_01_bomb_zone": {
      "type": "Box",
      "tm": [
        [
          -425.197,
          0.0,
          -3474.07
        ],
        [
          0.0,
          450.0,
          0.0
        ],
        [
          1488.89,
          0.0,
          -182.224
        ],
        [
          -14198.6,
          237.305,
          -12170.8
        ]
      ],
      "objLayer": 0,
      "props": {}
    },
    "ft_t1_airfield_03_02_bomb_zone": {
      "type": "Box",
      "tm": [
        [
          27.6242,
          0.0,
          -3499.89
        ],
        [
          0.0,
          450.0,
          0.0
        ],
        [
          1499.95,
          0.0,
          11.839
        ],
        [
          -4820.29,
          192.57,
          -11986.1
        ]
      ],
      "objLayer": 0,
      "props": {}
    },
    "ft_t1_airfield_01_01_spawn_01": {
      "type": "Point",
      "tm": [
        [
          -0.548941,
          0.0,
          -0.835861
        ],
        [
          0.0,
          1.0,
          0.0
        ],
        [
          0.835861,
          0.0,
          -0.548941
        ],
        [
          -27262.0,
          233.912,
          -25354.4
        ]
      ],
      "objLayer": 0,
      "props": {}
    },
    "ft_t1_airfield_01_01_spawn_02": {
      "type": "Point",
      "tm": [
        [
          -0.548941,
          0.0,
          -0.835861
        ],
        [
          0.0,
          1.0,
          0.0
        ],
        [
          0.835861,
          0.0,
          -0.548941
        ],
        [
          -26192.2,
          238.933,
          -24931.0
        ]
      ],
      "objLayer": 0,
      "props": {}
    },
    "ft_t1_airfield_01_01_spawn_03": {
      "type": "Point",
      "tm": [
        [
          -0.548941,
          0.0,
          -0.835861
        ],
        [
          0.0,
          1.0,
          0.0
        ],
        [
          0.835861,
          0.0,
          -0.548941
        ],
        [
          -26133.8,
          241.587,
          -25256.0
        ]
      ],
      "objLayer": 0,
      "props": {}
    },
    "ft_t1_airfield_01_01_spawn_04": {
      "type": "Point",
      "tm": [
        [
          -0.474002,
          0.0,
          -0.880523
        ],
        [
          0.0,
          1.0,
          0.0
        ],
        [
          0.880523,
          0.0,
          -0.474002
        ],
        [
          -26215.2,
          232.172,
          -26718.7
        ]
      ],
      "objLayer": 0,
      "props": {}
    },
    "ft_t1_airfield_01_01_spawn_05": {
      "type": "Point",
      "tm": [
        [
          -0.548941,
          0.0,
          -0.835861
        ],
        [
          0.0,
          1.0,
          0.0
        ],
        [
          0.835861,
          0.0,
          -0.548941
        ],
        [
          -27219.2,
          232.494,
          -24961.8
        ]
      ],
      "objLayer": 0,
      "props": {}
    },
    "ft_t1_airfield_01_01_spawn_06": {
      "type": "Point",
      "tm": [
        [
          -0.548941,
          0.0,
          -0.835861
        ],
        [
          0.0,
          1.0,
          0.0
        ],
        [
          0.835861,
          0.0,
          -0.548941
        ],
        [
          -26140.3,
          243.133,
          -25499.1
        ]
      ],
      "objLayer": 0,
      "props": {}
    },
    "ft_t1_airfield_01_01_spawn_07": {
      "type": "Point",
      "tm": [
        [
          -0.548941,
          0.0,
          -0.835861
        ],
        [
          0.0,
          1.0,
          0.0
        ],
        [
          0.835861,
          0.0,
          -0.548941
        ],
        [
          -27223.7,
          242.425,
          -25645.9
        ]
      ],
      "objLayer": 0,
      "props": {}
    },
    "ft_t1_airfield_01_01_spawn_08": {
      "type": "Point",
      "tm": [
        [
          -0.548941,
          0.0,
          -0.835861
        ],
        [
          0.0,
          1.0,
          0.0
        ],
        [
          0.835861,
          0.0,
          -0.548941
        ],
        [
          -27298.6,
          243.454,
          -26542.6
        ]
      ],
      "objLayer": 0,
      "props": {}
    },
    "ft_t1_airfield_01_01_spawn_09": {
      "type": "Point",
      "tm": [
        [
          -0.548941,
          0.0,
          -0.835861
        ],
        [
          0.0,
          1.0,
          0.0
        ],
        [
          0.835861,
          0.0,
          -0.548941
        ],
        [
          -26244.0,
          234.074,
          -26141.2
        ]
      ],
      "objLayer": 0,
      "props": {}
    },
    "ft_t1_airfield_01_01_spawn_10": {
      "type": "Point",
      "tm": [
        [
          -0.548941,
          0.0,
          -0.835861
        ],
        [
          0.0,
          1.0,
          0.0
        ],
        [
          0.835861,
          0.0,
          -0.548941
        ],
        [
          -26210.4,
          238.039,
          -26387.0
        ]
      ],
      "objLayer": 0,
      "props": {}
    },
    "ft_t1_airfield_01_01_spawn_11": {
      "type": "Point",
      "tm": [
        [
          -0.548941,
          0.0,
          -0.835861
        ],
        [
          0.0,
          1.0,
          0.0
        ],
        [
          0.835861,
          0.0,
          -0.548941
        ],
        [
          -27230.2,
          236.607,
          -25877.7
        ]
      ],
      "objLayer": 0,
      "props": {}
    },
    "ft_t1_airfield_01_01_spawn_12": {
      "type": "Point",
      "tm": [
        [
          -0.548941,
          0.0,
          -0.835861
        ],
        [
          0.0,
          1.0,
          0.0
        ],
        [
          0.835861,
          0.0,
          -0.548941
        ],
        [
          -27200.6,
          242.447,
          -26219.2
        ]
      ],
      "objLayer": 0,
      "props": {}
    },
    "ft_t1_airfield_01_01_spawn_13": {
      "type": "Point",
      "tm": [
        [
          -0.548941,
          0.0,
          -0.835861
        ],
        [
          0.0,
          1.0,
          0.0
        ],
        [
          0.835861,
          0.0,
          -0.548941
        ],
        [
          -27244.4,
          234.136,
          -25211.6
        ]
      ],
      "objLayer": 0,
      "props": {}
    },
    "ft_t1_airfield_01_01_spawn_14": {
      "type": "Point",
      "tm": [
        [
          -0.548941,
          0.0,
          -0.835861
        ],
        [
          0.0,
          1.0,
          0.0
        ],
        [
          0.835861,
          0.0,
          -0.548941
        ],
        [
          -26187.0,
          238.739,
          -25841.8
        ]
      ],
      "objLayer": 0,
      "props": {}
    },
    "ft_t1_airfield_01_02_spawn_01": {
      "type": "Point",
      "tm": [
        [
          -0.55726,
          0.0,
          -0.830339
        ],
        [
          0.0,
          1.0,
          0.0
        ],
        [
          0.830339,
          0.0,
          -0.55726
        ],
        [
          24946.4,
          194.4,
          -26087.3
        ]
      ],
      "objLayer": 0,
      "props": {}
    },
    "ft_t1_airfield_01_02_spawn_02": {
      "type": "Point",
      "tm": [
        [
          -0.55726,
          0.0,
          -0.830339
        ],
        [
          0.0,
          1.0,
          0.0
        ],
        [
          0.830339,
          0.0,
          -0.55726
        ],
        [
          23860.9,
          179.81,
          -25702.5
        ]
      ],
      "objLayer": 0,
      "props": {}
    },
    "ft_t1_airfield_01_02_spawn_03": {
      "type": "Point",
      "tm": [
        [
          -0.55726,
          0.0,
          -0.830339
        ],
        [
          0.0,
          1.0,
          0.0
        ],
        [
          0.830339,
          0.0,
          -0.55726
        ],
        [
          23892.5,
          179.789,
          -25366.5
        ]
      ],
      "objLayer": 0,
      "props": {}
    },
    "ft_t1_airfield_01_02_spawn_04": {
      "type": "Point",
      "tm": [
        [
          -0.55726,
          0.0,
          -0.830339
        ],
        [
          0.0,
          1.0,
          0.0
        ],
        [
          0.830339,
          0.0,
          -0.55726
        ],
        [
          24099.2,
          196.247,
          -26773.6
        ]
      ],
      "objLayer": 0,
      "props": {}
    },
    "ft_t1_airfield_01_02_spawn_05": {
      "type": "Point",
      "tm": [
        [
          -0.55726,
          0.0,
          -0.830339
        ],
        [
          0.0,
          1.0,
          0.0
        ],
        [
          0.830339,
          0.0,
          -0.55726
        ],
        [
          25021.0,
          183.049,
          -26415.5
        ]
      ],
      "objLayer": 0,
      "props": {}
    },
    "ft_t1_airfield_01_02_spawn_06": {
      "type": "Point",
      "tm": [
        [
          -0.55726,
          0.0,
          -0.830339
        ],
        [
          0.0,
          1.0,
          0.0
        ],
        [
          0.830339,
          0.0,
          -0.55726
        ],
        [
          24910.3,
          181.666,
          -25524.5
        ]
      ],
      "objLayer": 0,
      "props": {}
    },
    "ft_t1_airfield_01_02_spawn_07": {
      "type": "Point",
      "tm": [
        [
          -0.55726,
          0.0,
          -0.830339
        ],
        [
          0.0,
          1.0,
          0.0
        ],
        [
          0.830339,
          0.0,
          -0.55726
        ],
        [
          24831.3,
          173.52,
          -25053.1
        ]
      ],
      "objLayer": 0,
      "props": {}
    },
    "ft_t1_airfield_01_02_spawn_08": {
      "type": "Point",
      "tm": [
        [
          -0.55726,
          0.0,
          -0.830339
        ],
        [
          0.0,
          1.0,
          0.0
        ],
        [
          0.830339,
          0.0,
          -0.55726
        ],
        [
          23846.5,
          202.035,
          -25981.3
        ]
      ],
      "objLayer": 0,
      "props": {}
    },
    "ft_t1_airfield_01_02_spawn_09": {
      "type": "Point",
      "tm": [
        [
          -0.55726,
          0.0,
          -0.830339
        ],
        [
          0.0,
          1.0,
          0.0
        ],
        [
          0.830339,
          0.0,
          -0.55726
        ],
        [
          24175.3,
          202.978,
          -27134.8
        ]
      ],
      "objLayer": 0,
      "props": {}
    },
    "ft_t1_airfield_01_02_spawn_10": {
      "type": "Point",
      "tm": [
        [
          -0.55726,
          0.0,
          -0.830339
        ],
        [
          0.0,
          1.0,
          0.0
        ],
        [
          0.830339,
          0.0,
          -0.55726
        ],
        [
          24923.4,
          178.853,
          -25821.9
        ]
      ],
      "objLayer": 0,
      "props": {}
    },
    "ft_t1_airfield_01_02_spawn_11": {
      "type": "Point",
      "tm": [
        [
          -0.55726,
          0.0,
          -0.830339
        ],
        [
          0.0,
          1.0,
          0.0
        ],
        [
          0.830339,
          0.0,
          -0.55726
        ],
        [
          23950.5,
          208.033,
          -26358.3
        ]
      ],
      "objLayer": 0,
      "props": {}
    },
    "ft_t1_airfield_01_02_spawn_12": {
      "type": "Point",
      "tm": [
        [
          -0.55726,
          0.0,
          -0.830339
        ],
        [
          0.0,
          1.0,
          0.0
        ],
        [
          0.830339,
          0.0,
          -0.55726
        ],
        [
          24020.8,
          201.974,
          -26630.2
        ]
      ],
      "objLayer": 0,
      "props": {}
    },
    "ft_t1_airfield_01_02_spawn_13": {
      "type": "Point",
      "tm": [
        [
          -0.55726,
          0.0,
          -0.830339
        ],
        [
          0.0,
          1.0,
          0.0
        ],
        [
          0.830339,
          0.0,
          -0.55726
        ],
        [
          25095.0,
          170.848,
          -26683.2
        ]
      ],
      "objLayer": 0,
      "props": {}
    },
    "ft_t1_airfield_01_02_spawn_14": {
      "type": "Point",
      "tm": [
        [
          -0.55726,
          0.0,
          -0.830339
        ],
        [
          0.0,
          1.0,
          0.0
        ],
        [
          0.830339,
          0.0,
          -0.55726
        ],
        [
          25135.1,
          172.743,
          -27044.1
        ]
      ],
      "objLayer": 0,
      "props": {}
    },
    "ft_t1_airfield_01_03_spawn_01": {
      "type": "Point",
      "tm": [
        [
          0.946397,
          0.0,
          -0.323004
        ],
        [
          0.0,
          1.0,
          0.0
        ],
        [
          0.323004,
          0.0,
          0.946397
        ],
        [
          509.852,
          118.526,
          -26419.4
        ]
      ],
      "objLayer": 0,
      "props": {}
    },
    "ft_t1_airfield_01_03_spawn_02": {
      "type": "Point",
      "tm": [
        [
          0.946397,
          0.0,
          -0.323004
        ],
        [
          0.0,
          1.0,
          0.0
        ],
        [
          0.323004,
          0.0,
          0.946397
        ],
        [
          -369.017,
          130.158,
          -26997.6
        ]
      ],
      "objLayer": 0,
      "props": {}
    },
    "ft_t1_airfield_01_03_spawn_03": {
      "type": "Point",
      "tm": [
        [
          0.946397,
          0.0,
          -0.323004
        ],
        [
          0.0,
          1.0,
          0.0
        ],
        [
          0.323004,
          0.0,
          0.946397
        ],
        [
          -721.741,
          119.169,
          -25481.8
        ]
      ],
      "objLayer": 0,
      "props": {}
    },
