{
  "selected_tag": "",
  "bin_dump_file": "",
  "mission_settings": {
    "player": {
      "army": 1
    },
    "player_teamB": {
      "army": 2
    },
    "mission": {
      "type": "singleMission",
      "level": "levels/water.bin",
      "environment": "Day",
      "weather": "hazy",
      "restoreType": "attempts",
      "optionalTakeOff": false
    },
    "spectator_points": []
  },
  "imports": [],
  "triggers": {
    "isCategory": true,
    "is_enabled": true
  },
  "mission_objectives": {
    "isCategory": true,
    "is_enabled": true
  },
  "variables": [],
  "dialogs": [],
  "airfields": [],
  "effects": [],
  "units": [
    {
      "objectGroups": {
        "name": "t1_helipad",
        "tm": [
          [0.754038,0.0,-0.656831],
          [0.0,1.0,0.0],
          [0.656831,0.0,0.754038],
          [3720.86,49.6482,-2681.68]
        ],
        "unit_class": "dynHelipad_beton_a_ussr",
        "objLayer": 2,
        "props": {
          "army": 1,
          "isDelayed": true,
          "active": true
        }
      }
    },
    {
      "objectGroups": {
        "name": "t1_helipad_farspawn",
        "tm": [
          [0.663277,0.0,-0.748373],
          [0.0,1.0,0.0],
          [0.748373,0.0,0.663277],
          [8776.6,38.8327,-4668.99]
        ],
        "unit_class": "dynHelipad_beton_b_ussr",
        "objLayer": 2,
        "props": {
          "army": 1,
          "isDelayed": true,
          "active": true
        }
      }
    },
    {
      "objectGroups": {
        "name": "t2_helipad",
        "tm": [
          [-0.396287,0.0,0.918126],
          [0.0,1.0,0.0],
          [-0.918126,0.0,-0.396287],
          [-1877.88,175.179,4148.57]
        ],
        "unit_class": "dynHelipad_beton_a_usa",
        "objLayer": 2,
        "props": {
          "army": 2,
          "isDelayed": true,
          "active": true
        }
      }
    },
    {
      "objectGroups": {
        "name": "t2_helipad_farspawn",
        "tm": [
          [-0.82106,0.0,0.570842],
          [0.0,1.0,0.0],
          [-0.570842,0.0,-0.82106],
          [-6794.83,36.5194,6788.84]
        ],
        "unit_class": "dynHelipad_beton_b_usa",
        "objLayer": 2,
        "props": {
          "army": 2,
          "isDelayed": true,
          "active": true
        }
      }
    },
    {
      "air_defence": {
        "name": "t2_helipad_defence_01",
        "tm": [
          [0.813776,0.0,-0.581179],
          [0.0,1.0,0.0],
          [0.581179,0.0,0.813776],
          [-1585.77,142.367,4132.79]
        ],
        "unit_class": "germ_20mm_flak38_helipad",
        "objLayer": 1,
        "closed_waypoints": false,
        "isShipSpline": false,
        "shipTurnRadius": 100.0,
        "weapons": "",
        "bullets0": "",
        "bullets1": "",
        "bullets2": "",
        "bullets3": "",
        "bulletsCount0": 0,
        "bulletsCount1": 0,
        "bulletsCount2": 0,
        "bulletsCount3": 0,
        "crewSkillK": 0.0,
        "props": {
          "army": 2,
          "count": 1,
          "formation_type": "rows",
          "formation_div": 3,
          "formation_step": [2.5,2.0],
          "formation_noise": [0.1,0.1],
          "uniqueName": "",
          "attack_type": "fire_at_will"
        },
        "way": []
      }
    },
    {
      "air_defence": {
        "name": "t2_helipad_defence_02",
        "tm": [
          [0.813776,0.0,-0.581179],
          [0.0,1.0,0.0],
          [0.581179,0.0,0.813776],
          [-1968.09,142.367,3883.45]
        ],
        "unit_class": "germ_20mm_flak38_helipad",
        "objLayer": 1,
        "closed_waypoints": false,
        "isShipSpline": false,
        "shipTurnRadius": 100.0,
        "weapons": "",
        "bullets0": "",
        "bullets1": "",
        "bullets2": "",
        "bullets3": "",
        "bulletsCount0": 0,
        "bulletsCount1": 0,
        "bulletsCount2": 0,
        "bulletsCount3": 0,
        "crewSkillK": 0.0,
        "props": {
          "army": 2,
          "count": 1,
          "formation_type": "rows",
          "formation_div": 3,
          "formation_step": [2.5,2.0],
          "formation_noise": [0.1,0.1],
          "uniqueName": "",
          "attack_type": "fire_at_will"
        },
        "way": []
      }
    },
    {
      "air_defence": {
        "name": "t2_helipad_defence_03",
        "tm": [
          [0.813776,0.0,-0.581179],
          [0.0,1.0,0.0],
          [0.581179,0.0,0.813776],
          [-2172.96,142.367,4197.13]
        ],
        "unit_class": "germ_20mm_flak38_helipad",
        "objLayer": 1,
        "closed_waypoints": false,
        "isShipSpline": false,
        "shipTurnRadius": 100.0,
        "weapons": "",
        "bullets0": "",
        "bullets1": "",
        "bullets2": "",
        "bullets3": "",
        "bulletsCount0": 0,
        "bulletsCount1": 0,
        "bulletsCount2": 0,
        "bulletsCount3": 0,
        "crewSkillK": 0.0,
        "props": {
          "army": 2,
          "count": 1,
          "formation_type": "rows",
          "formation_div": 3,
          "formation_step": [2.5,2.0],
          "formation_noise": [0.1,0.1],
          "uniqueName": "",
          "attack_type": "fire_at_will"
        },
        "way": []
      }
    },
    {
      "air_defence": {
        "name": "t2_helipad_defence_04",
        "tm": [
          [0.813776,0.0,-0.581179],
          [0.0,1.0,0.0],
          [0.581179,0.0,0.813776],
          [-1847.58,142.367,4423.06]
        ],
        "unit_class": "germ_20mm_flak38_helipad",
        "objLayer": 1,
        "closed_waypoints": false,
        "isShipSpline": false,
        "shipTurnRadius": 100.0,
        "weapons": "",
        "bullets0": "",
        "bullets1": "",
        "bullets2": "",
        "bullets3": "",
        "bulletsCount0": 0,
        "bulletsCount1": 0,
        "bulletsCount2": 0,
        "bulletsCount3": 0,
        "crewSkillK": 0.0,
        "props": {
          "army": 2,
          "count": 1,
          "formation_type": "rows",
          "formation_div": 3,
          "formation_step": [2.5,2.0],
          "formation_noise": [0.1,0.1],
          "uniqueName": "",
          "attack_type": "fire_at_will"
        },
        "way": []
      }
    },
    {
      "squad": {
        "name": "t2_helipad_aaa_squad",
        "tm": [
          [1.0,0.0,0.0],
          [0.0,1.0,0.0],
          [0.0,0.0,1.0],
          [-1893.6,142.367,4159.11]
        ],
        "props": [
          {
            "object_marking": 0
          },
          {
            "squad_members": "t2_helipad_defence_01"
          },
          {
            "squad_members": "t2_helipad_defence_02"
          },
          {
            "squad_members": "t2_helipad_defence_03"
          },
          {
            "squad_members": "t2_helipad_defence_04"
          }
        ]
      }
    },
    {
      "air_defence": {
        "name": "t1_helipad_defence_01",
        "tm": [
          [-0.867646,0.0,0.497183],
          [0.0,1.0,0.0],
          [-0.497183,0.0,-0.867646],
          [4062.09,40.496,-2693.69]
        ],
        "unit_class": "germ_20mm_flak38_helipad",
        "objLayer": 1,
        "closed_waypoints": false,
        "isShipSpline": false,
        "shipTurnRadius": 100.0,
        "weapons": "",
        "bullets0": "",
        "bullets1": "",
        "bullets2": "",
        "bullets3": "",
        "bulletsCount0": 0,
        "bulletsCount1": 0,
        "bulletsCount2": 0,
        "bulletsCount3": 0,
        "crewSkillK": 0.0,
        "props": {
          "army": 1,
          "count": 1,
          "formation_type": "rows",
          "formation_div": 3,
          "formation_step": [2.5,2.0],
          "formation_noise": [0.1,0.1],
          "uniqueName": "",
          "attack_type": "fire_at_will"
        },
        "way": []
      }
    },
    {
      "air_defence": {
        "name": "t1_helipad_defence_02",
        "tm": [
          [-0.867646,0.0,0.497183],
          [0.0,1.0,0.0],
          [-0.497183,0.0,-0.867646],
          [3800.28,54.2158,-2403.43]
        ],
        "unit_class": "germ_20mm_flak38_helipad",
        "objLayer": 1,
        "closed_waypoints": false,
        "isShipSpline": false,
        "shipTurnRadius": 100.0,
        "weapons": "",
        "bullets0": "",
        "bullets1": "",
        "bullets2": "",
        "bullets3": "",
        "bulletsCount0": 0,
        "bulletsCount1": 0,
        "bulletsCount2": 0,
        "bulletsCount3": 0,
        "crewSkillK": 0.0,
        "props": {
          "army": 1,
          "count": 1,
          "formation_type": "rows",
          "formation_div": 3,
          "formation_step": [2.5,2.0],
          "formation_noise": [0.1,0.1],
          "uniqueName": "",
          "attack_type": "fire_at_will"
        },
        "way": []
      }
    },
    {
      "air_defence": {
        "name": "t1_helipad_defence_03",
        "tm": [
          [-0.867646,0.0,0.497183],
          [0.0,1.0,0.0],
          [-0.497183,0.0,-0.867646],
          [3679.78,33.447,-2943.04]
        ],
        "unit_class": "germ_20mm_flak38_helipad",
        "objLayer": 1,
        "closed_waypoints": false,
        "isShipSpline": false,
        "shipTurnRadius": 100.0,
        "weapons": "",
        "bullets0": "",
        "bullets1": "",
        "bullets2": "",
        "bullets3": "",
        "bulletsCount0": 0,
        "bulletsCount1": 0,
        "bulletsCount2": 0,
        "bulletsCount3": 0,
        "crewSkillK": 0.0,
        "props": {
          "army": 1,
          "count": 1,
          "formation_type": "rows",
          "formation_div": 3,
          "formation_step": [2.5,2.0],
          "formation_noise": [0.1,0.1],
          "uniqueName": "",
          "attack_type": "fire_at_will"
        },
        "way": []
      }
    },
    {
      "air_defence": {
        "name": "t1_helipad_defence_04",
        "tm": [
          [-0.867646,0.0,0.497183],
          [0.0,1.0,0.0],
          [-0.497183,0.0,-0.867646],
          [3474.91,42.7519,-2629.35]
        ],
        "unit_class": "germ_20mm_flak38_helipad",
        "objLayer": 1,
        "closed_waypoints": false,
        "isShipSpline": false,
        "shipTurnRadius": 100.0,
        "weapons": "",
        "bullets0": "",
        "bullets1": "",
        "bullets2": "",
        "bullets3": "",
        "bulletsCount0": 0,
        "bulletsCount1": 0,
        "bulletsCount2": 0,
        "bulletsCount3": 0,
        "crewSkillK": 0.0,
        "props": {
          "army": 1,
          "count": 1,
          "formation_type": "rows",
          "formation_div": 3,
          "formation_step": [2.5,2.0],
          "formation_noise": [0.1,0.1],
          "uniqueName": "",
          "attack_type": "fire_at_will"
        },
        "way": []
      }
    },
    {
      "squad": {
        "name": "t1_helipad_aaa_squad",
        "tm": [
          [1.0,0.0,0.0],
          [0.0,1.0,0.0],
          [0.0,0.0,1.0],
          [3754.27,42.7277,-2667.38]
        ],
        "props": [
          {
            "object_marking": 0
          },
          {
            "squad_members": "t1_helipad_defence_02"
          },
          {
            "squad_members": "t1_helipad_defence_04"
          },
          {
            "squad_members": "t1_helipad_defence_03"
          },
          {
            "squad_members": "t1_helipad_defence_01"
          }
        ]
      }
    }
  ],
  "areas": {
    "heli_4000": {
      "type": "Sphere",
      "tm": [
        [-2773.63,0.0,7503.8],
        [0.0,8000.0,0.0],
        [-7503.8,0.0,-2773.63],
        [0.0,182.467,0.0]
      ],
      "objLayer": 4,
      "props": []
    }
  },
  "objLayers": [
    {
      "layer": {
        "enabled": true
      }
    },
    {
      "layer": {
        "enabled": true
      }
    },
    {
      "layer": {
        "enabled": true
      }
    },
    {
      "layer": {
        "enabled": true
      }
    },
    {
      "layer": {
        "enabled": true
      }
    }
  ],
  "wayPoints": []
}