{
  "selected_tag": "",
  "bin_dump_file": "",
  "mission_settings": {
    "player": {
      "army": 1,
      "wing": ""
    },
    "player_teamB": {
      "army": 2
    },
    "spectator_points": [],
    "mission": {
      "type": "singleMission",
      "level": "levels/avn_fiji.bin",
      "restoreType": "attempts",
      "optionalTakeOff": false,
      "environment": "Day",
      "weather": "hazy"
    }
  },
  "imports": {
    "import_record": {
      "file": "gameData/missions/templates/navy_templates/ndom_airdef_template.blk",
      "importAreas": true,
      "importUnits": true,
      "importTriggers": true,
      "importMissionObjectives": true,
      "importWayPoints": true,
      "showAreas": true,
      "showUnits": true,
      "showTriggers": true,
      "showMissionObjectives": true,
      "showWayPoints": true,
      "excludes": []
    }
  },
  "triggers": {
    "isCategory": true,
    "is_enabled": true
  },
  "mission_objectives": {
    "isCategory": true,
    "is_enabled": true
  },
  "variables": [],
  "dialogs": [],
  "airfields": [],
  "effects": [],
  "units": [
    {
      "air_defence": {
        "name": "zone_01_airdef_01",
        "tm": [
          [0.984665,0.0,0.174456],
          [0.0,1.0,0.0],
          [-0.174456,0.0,0.984665],
          [-154.617,19.9435,-235.515]
        ],
        "unit_class": "germ_37mm_flak43_naval",
        "objLayer": 1,
        "closed_waypoints": false,
        "isShipSpline": false,
        "shipTurnRadius": 100.0,
        "weapons": "",
        "bullets0": "",
        "bullets1": "",
        "bullets2": "",
        "bullets3": "",
        "bulletsCount0": 0,
        "bulletsCount1": 0,
        "bulletsCount2": 0,
        "bulletsCount3": 0,
        "props": {
          "army": 0,
          "count": 1,
          "formation_type": "rows",
          "formation_div": 3,
          "formation_step": [2.5,2.0],
          "formation_noise": [0.1,0.1],
          "uniqueName": "",
          "attack_type": "fire_at_will"
        },
        "way": []
      }
    },
    {
      "air_defence": {
        "name": "zone_01_airdef_02",
        "tm": [
          [0.883657,0.0,0.468135],
          [0.0,1.0,0.0],
          [-0.468135,0.0,0.883657],
          [-106.859,20.3244,-158.364]
        ],
        "unit_class": "germ_37mm_flak43_naval",
        "objLayer": 1,
        "closed_waypoints": false,
        "isShipSpline": false,
        "shipTurnRadius": 100.0,
        "weapons": "",
        "bullets0": "",
        "bullets1": "",
        "bullets2": "",
        "bullets3": "",
        "bulletsCount0": 0,
        "bulletsCount1": 0,
        "bulletsCount2": 0,
        "bulletsCount3": 0,
        "props": {
          "army": 0,
          "count": 1,
          "formation_type": "rows",
          "formation_div": 3,
          "formation_step": [2.5,2.0],
          "formation_noise": [0.1,0.1],
          "uniqueName": "",
          "attack_type": "fire_at_will"
        },
        "way": []
      }
    },
    {
      "air_defence": {
        "name": "zone_01_airdef_03",
        "tm": [
          [0.137676,0.0,0.990477],
          [0.0,1.0,0.0],
          [-0.990477,0.0,0.137676],
          [-129.373,19.612,-159.362]
        ],
        "unit_class": "germ_37mm_flak43_naval",
        "objLayer": 1,
        "closed_waypoints": false,
        "isShipSpline": false,
        "shipTurnRadius": 100.0,
        "weapons": "",
        "bullets0": "",
        "bullets1": "",
        "bullets2": "",
        "bullets3": "",
        "bulletsCount0": 0,
        "bulletsCount1": 0,
        "bulletsCount2": 0,
        "bulletsCount3": 0,
        "props": {
          "army": 0,
          "count": 1,
          "formation_type": "rows",
          "formation_div": 3,
          "formation_step": [2.5,2.0],
          "formation_noise": [0.1,0.1],
          "uniqueName": "",
          "attack_type": "fire_at_will"
        },
        "way": []
      }
    },
    {
      "air_defence": {
        "name": "zone_01_airdef_04",
        "tm": [
          [0.856484,0.0,-0.516173],
          [0.0,1.0,0.0],
          [0.516173,0.0,0.856484],
          [-136.02,19.9773,-215.671]
        ],
        "unit_class": "germ_37mm_flak43_naval",
        "objLayer": 1,
        "closed_waypoints": false,
        "isShipSpline": false,
        "shipTurnRadius": 100.0,
        "weapons": "",
        "bullets0": "",
        "bullets1": "",
        "bullets2": "",
        "bullets3": "",
        "bulletsCount0": 0,
        "bulletsCount1": 0,
        "bulletsCount2": 0,
        "bulletsCount3": 0,
        "props": {
          "army": 0,
          "count": 1,
          "formation_type": "rows",
          "formation_div": 3,
          "formation_step": [2.5,2.0],
          "formation_noise": [0.1,0.1],
          "uniqueName": "",
          "attack_type": "fire_at_will"
        },
        "way": []
      }
    },
    {
      "air_defence": {
        "name": "zone_01_airdef_05",
        "tm": [
          [-0.979097,0.0,0.203395],
          [0.0,1.0,0.0],
          [-0.203395,0.0,-0.979097],
          [-180.67,19.9172,-251.139]
        ],
        "unit_class": "germ_37mm_flak43_naval",
        "objLayer": 1,
        "closed_waypoints": false,
        "isShipSpline": false,
        "shipTurnRadius": 100.0,
        "weapons": "",
        "bullets0": "",
        "bullets1": "",
        "bullets2": "",
        "bullets3": "",
        "bulletsCount0": 0,
        "bulletsCount1": 0,
        "bulletsCount2": 0,
        "bulletsCount3": 0,
        "props": {
          "army": 0,
          "count": 1,
          "formation_type": "rows",
          "formation_div": 3,
          "formation_step": [2.5,2.0],
          "formation_noise": [0.1,0.1],
          "uniqueName": "",
          "attack_type": "fire_at_will"
        },
        "way": []
      }
    },
    {
      "air_defence": {
        "name": "zone_01_airdef_06",
        "tm": [
          [-0.848663,0.0,0.528933],
          [0.0,1.0,0.0],
          [-0.528933,0.0,-0.848663],
          [-146.32,19.8461,-185.552]
        ],
        "unit_class": "germ_37mm_flak43_naval",
        "objLayer": 1,
        "closed_waypoints": false,
        "isShipSpline": false,
        "shipTurnRadius": 100.0,
        "weapons": "",
        "bullets0": "",
        "bullets1": "",
        "bullets2": "",
        "bullets3": "",
        "bulletsCount0": 0,
        "bulletsCount1": 0,
        "bulletsCount2": 0,
        "bulletsCount3": 0,
        "props": {
          "army": 0,
          "count": 1,
          "formation_type": "rows",
          "formation_div": 3,
          "formation_step": [2.5,2.0],
          "formation_noise": [0.1,0.1],
          "uniqueName": "",
          "attack_type": "fire_at_will"
        },
        "way": []
      }
    },
    {
      "air_defence": {
        "name": "zone_01_airdef_07",
        "tm": [
          [-0.621944,0.0,0.783061],
          [0.0,1.0,0.0],
          [-0.783061,0.0,-0.621944],
          [-164.427,19.9118,-212.73]
        ],
        "unit_class": "germ_37mm_flak43_naval",
        "objLayer": 1,
        "closed_waypoints": false,
        "isShipSpline": false,
        "shipTurnRadius": 100.0,
        "weapons": "",
        "bullets0": "",
        "bullets1": "",
        "bullets2": "",
        "bullets3": "",
        "bulletsCount0": 0,
        "bulletsCount1": 0,
        "bulletsCount2": 0,
        "bulletsCount3": 0,
        "props": {
          "army": 0,
          "count": 1,
          "formation_type": "rows",
          "formation_div": 3,
          "formation_step": [2.5,2.0],
          "formation_noise": [0.1,0.1],
          "uniqueName": "",
          "attack_type": "fire_at_will"
        },
        "way": []
      }
    },
    {
      "objectGroups": {
        "name": "notree_01",
        "tm": [
          [1.0,0.0,0.0],
          [0.0,1.0,0.0],
          [0.0,0.0,1.0],
          [-110.397,16.7163,-162.226]
        ],
        "unit_class": "noTreeObjectGroup25",
        "objLayer": 1,
        "props": {
          "army": 2,
          "active": true
        }
      }
    },
    {
      "objectGroups": {
        "name": "notree_05",
        "tm": [
          [0.656973,0.0,0.753915],
          [0.0,1.0,0.0],
          [-0.753915,0.0,0.656973],
          [-131.36,16.7163,-158.369]
        ],
        "unit_class": "noTreeObjectGroup25",
        "objLayer": 1,
        "props": {
          "army": 2,
          "active": true
        }
      }
    },
    {
      "objectGroups": {
        "name": "notree_08",
        "tm": [
          [0.656973,0.0,0.753915],
          [0.0,1.0,0.0],
          [-0.753915,0.0,0.656973],
          [-142.497,16.7163,-174.412]
        ],
        "unit_class": "noTreeObjectGroup25",
        "objLayer": 1,
        "props": {
          "army": 2,
          "active": true
        }
      }
    },
    {
      "objectGroups": {
        "name": "notree_11",
        "tm": [
          [0.997528,0.0,0.0702714],
          [0.0,1.0,0.0],
          [-0.0702714,0.0,0.997528],
          [-110.084,16.7163,-153.655]
        ],
        "unit_class": "noTreeObjectGroup25",
        "objLayer": 1,
        "props": {
          "army": 2,
          "active": true
        }
      }
    },
    {
      "objectGroups": {
        "name": "notree_17",
        "tm": [
          [0.621531,0.0,0.78339],
          [0.0,1.0,0.0],
          [-0.78339,0.0,0.621531],
          [-180.304,16.7163,-254.999]
        ],
        "unit_class": "noTreeObjectGroup10",
        "objLayer": 1,
        "props": {
          "army": 2,
          "active": true
        }
      }
    },
    {
      "objectGroups": {
        "name": "notree_20",
        "tm": [
          [0.621531,0.0,0.78339],
          [0.0,1.0,0.0],
          [-0.78339,0.0,0.621531],
          [-143.707,16.7163,-209.747]
        ],
        "unit_class": "noTreeObjectGroup10",
        "objLayer": 1,
        "props": {
          "army": 2,
          "active": true
        }
      }
    },
    {
      "objectGroups": {
        "name": "notree_23",
        "tm": [
          [0.621531,0.0,0.78339],
          [0.0,1.0,0.0],
          [-0.78339,0.0,0.621531],
          [-121.677,16.7163,-179.353]
        ],
        "unit_class": "noTreeObjectGroup10",
        "objLayer": 1,
        "props": {
          "army": 2,
          "active": true
        }
      }
    },
    {
      "squad": {
        "name": "sq_zone_01_airdef",
        "tm": [
          [1.0,0.0,0.0],
          [0.0,1.0,0.0],
          [0.0,0.0,1.0],
          [-66.7369,19.9337,-105.6]
        ],
        "props": [
          {
            "squad_members": "zone_01_airdef_01"
          },
          {
            "squad_members": "zone_01_airdef_02"
          },
          {
            "squad_members": "zone_01_airdef_03"
          },
          {
            "squad_members": "zone_01_airdef_04"
          },
          {
            "squad_members": "zone_01_airdef_05"
          },
          {
            "squad_members": "zone_01_airdef_06"
          },
          {
            "squad_members": "zone_01_airdef_07"
          }
        ]
      }
    }
  ],
  "areas": {
    "notree_02": {
      "type": "Box",
      "tm": [
        [25.0,0.0,0.0],
        [0.0,25.0,0.0],
        [0.0,0.0,25.0],
        [-110.397,16.7163,-162.226]
      ],
      "objLayer": 0,
      "props": []
    },
    "notree_04": {
      "type": "Box",
      "tm": [
        [16.4243,0.0,18.8479],
        [0.0,25.0,0.0],
        [-18.8479,0.0,16.4243],
        [-131.36,16.7163,-158.369]
      ],
      "objLayer": 0,
      "props": []
    },
    "notree_07": {
      "type": "Box",
      "tm": [
        [16.4243,0.0,18.8479],
        [0.0,25.0,0.0],
        [-18.8479,0.0,16.4243],
        [-142.497,16.7163,-174.412]
      ],
      "objLayer": 0,
      "props": []
    },
    "notree_10": {
      "type": "Box",
      "tm": [
        [24.9382,0.0,1.75679],
        [0.0,25.0,0.0],
        [-1.75679,0.0,24.9382],
        [-110.084,16.7163,-153.655]
      ],
      "objLayer": 0,
      "props": []
    },
    "notree_16": {
      "type": "Box",
      "tm": [
        [6.21531,0.0,7.8339],
        [0.0,10.0,0.0],
        [-7.8339,0.0,6.21531],
        [-180.304,16.7163,-254.999]
      ],
      "objLayer": 0,
      "props": []
    },
    "notree_19": {
      "type": "Box",
      "tm": [
        [6.21531,0.0,7.8339],
        [0.0,10.0,0.0],
        [-7.8339,0.0,6.21531],
        [-143.707,16.7163,-209.747]
      ],
      "objLayer": 0,
      "props": []
    },
    "notree_22": {
      "type": "Box",
      "tm": [
        [6.21531,0.0,7.8339],
        [0.0,10.0,0.0],
        [-7.8339,0.0,6.21531],
        [-121.677,16.7163,-179.353]
      ],
      "objLayer": 0,
      "props": []
    }
  },
  "objLayers": [
    {
      "layer": {
        "enabled": true
      }
    },
    {
      "layer": {
        "enabled": true
      }
    },
    {
      "layer": {
        "enabled": true
      }
    },
    {
      "layer": {
        "enabled": false
      }
    }
  ],
  "wayPoints": []
}