{
  "selected_tag": "",
  "bin_dump_file": "",
  "mission_settings": {
    "player": [
      {
        "army": 1
      },
      {
        "wing": "t1_player01"
      },
      {
        "wing": "t1_player02"
      },
      {
        "wing": "t1_player03"
      },
      {
        "wing": "t1_player04"
      },
      {
        "wing": "t1_player05"
      },
      {
        "wing": "t1_player06"
      },
      {
        "wing": "t1_player07"
      },
      {
        "wing": "t1_player08"
      },
      {
        "wing": "t1_player09"
      },
      {
        "wing": "t1_player10"
      },
      {
        "wing": "t1_player11"
      },
      {
        "wing": "t1_player12"
      },
      {
        "wing": "t1_player13"
      },
      {
        "wing": "t1_player14"
      },
      {
        "wing": "t1_player15"
      },
      {
        "wing": "t1_player16"
      },
      {
        "wing": "t1_player17"
      },
      {
        "wing": "t1_player18"
      },
      {
        "wing": "t1_player19"
      },
      {
        "wing": "t1_player20"
      },
      {
        "wing": "t1_player21"
      },
      {
        "wing": "t1_player22"
      },
      {
        "wing": "t1_player23"
      },
      {
        "wing": "t1_player24"
      },
      {
        "wing": "t1_player25"
      },
      {
        "wing": "t1_player26"
      },
      {
        "wing": "t1_player27"
      },
      {
        "wing": "t1_player28"
      },
      {
        "wing": "t1_player29"
      },
      {
        "wing": "t1_player30"
      },
      {
        "wing": "t1_player31"
      },
      {
        "wing": "t1_player32"
      }
    ],
    "player_teamB": [
      {
        "army": 2
      },
      {
        "wing": "t2_player01"
      },
      {
        "wing": "t2_player02"
      },
      {
        "wing": "t2_player03"
      },
      {
        "wing": "t2_player04"
      },
      {
        "wing": "t2_player05"
      },
      {
        "wing": "t2_player06"
      },
      {
        "wing": "t2_player07"
      },
      {
        "wing": "t2_player08"
      },
      {
        "wing": "t2_player09"
      },
      {
        "wing": "t2_player10"
      },
      {
        "wing": "t2_player11"
      },
      {
        "wing": "t2_player12"
      },
      {
        "wing": "t2_player13"
      },
      {
        "wing": "t2_player14"
      },
      {
        "wing": "t2_player15"
      },
      {
        "wing": "t2_player16"
      },
      {
        "wing": "t2_player17"
      },
      {
        "wing": "t2_player18"
      },
      {
        "wing": "t2_player19"
      },
      {
        "wing": "t2_player20"
      },
      {
        "wing": "t2_player21"
      },
      {
        "wing": "t2_player22"
      },
      {
        "wing": "t2_player23"
      },
      {
        "wing": "t2_player24"
      },
      {
        "wing": "t2_player25"
      },
      {
        "wing": "t2_player26"
      },
      {
        "wing": "t2_player27"
      },
      {
        "wing": "t2_player28"
      },
      {
        "wing": "t2_player29"
      },
      {
        "wing": "t2_player30"
      },
      {
        "wing": "t2_player31"
      },
      {
        "wing": "t2_player32"
      },
      {
        "wing": "t2_player33"
      }
    ],
    "mission": {
      "level": "levels/bulge.bin",
      "type": "domination",
      "environment": "Day",
      "weather": "clear",
      "locName": "missions/bulge_bastogne_BfD_norespawn",
      "locDesc": "missions/_BfD_norespawn/desc",
      "scoreLimit": 7600,
      "timeLimit": 25,
      "deathPenaltyMul": 0.4,
      "country_axis": "germany",
      "country_allies": "usa",
      "restoreType": "attempts",
      "optionalTakeOff": false,
      "allowedUnitTypes": {
        "isAirplanesAllowed": true,
        "isTanksAllowed": false,
        "isShipsAllowed": false,
        "isHelicoptersAllowed": false
      }
    },
    "atmosphere": {
      "pressure": 760.0,
      "temperature": -12.0
    },
    "spectator_points": [],
    "briefing": {
      "place_loc": "",
      "date_loc": "",
      "objective_loc": "",
      "music": "action_01",
      "part": {
        "event": "",
        "minTime": 0,
        "slide": [
          {
            "map": true
          },
          {
            "minTime": 4
          },
          {
            "picture": ""
          },
          {
            "showAirMap": false
          },
          {
            "icon": {
              "icontype": "fighter",
              "side": "ally",
              "target": "briefing_t1_fighter",
              "lookAt": "briefing_t2_fighter"
            }
          },
          {
            "icon": {
              "icontype": "fighter",
              "side": "enemy",
              "target": "briefing_t2_fighter",
              "lookAt": "briefing_t1_fighter"
            }
          },
          {
            "icon": {
              "icontype": "tank",
              "side": "enemy",
              "target": "briefing_t2_tank_01"
            }
          },
          {
            "icon": {
              "icontype": "tank",
              "side": "enemy",
              "target": "briefing_t2_tank_02"
            }
          },
          {
            "icon": {
              "icontype": "tank",
              "side": "enemy",
              "target": "briefing_t2_tank_03"
            }
          },
          {
            "icon": {
              "icontype": "artillery",
              "side": "ally",
              "target": "briefing_t1_defence"
            }
          }
        ]
      }
    }
  },
  "imports": [
    {
      "import_record": {
        "file": "gameData/missions/templates/base_logic_template.blk",
        "importAreas": true,
        "importUnits": true,
        "importTriggers": true,
        "importMissionObjectives": true,
        "importWayPoints": true,
        "showAreas": true,
        "showUnits": true,
        "showTriggers": true,
        "showMissionObjectives": true,
        "showWayPoints": true,
        "excludes": []
      }
    },
    {
      "import_record": {
        "file": "gameData/missions/templates/land_units_move_template.blk",
        "importAreas": true,
        "importUnits": true,
        "importTriggers": true,
        "importMissionObjectives": true,
        "importWayPoints": true,
        "showAreas": true,
        "showUnits": true,
        "showTriggers": true,
        "showMissionObjectives": true,
        "showWayPoints": true,
        "excludes": []
      }
    },
    {
      "import_record": {
        "file": "gameData/missions/bridges/bulge_bridges.blk",
        "importAreas": true,
        "importUnits": true,
        "importTriggers": true,
        "importMissionObjectives": true,
        "importWayPoints": true,
        "showAreas": true,
        "showUnits": true,
        "showTriggers": true,
        "showMissionObjectives": true,
        "showWayPoints": true,
        "excludes": []
      }
    },
    {
      "import_record": {
        "file": "gameData/missions/templates/land_units_death_template.blk",
        "importAreas": true,
        "importUnits": true,
        "importTriggers": true,
        "importMissionObjectives": true,
        "importWayPoints": true,
        "showAreas": true,
        "showUnits": true,
        "showTriggers": true,
        "showMissionObjectives": true,
        "showWayPoints": true,
        "excludes": []
      }
    },
    {
      "import_record": {
        "file": "gameData/missions/templates/air_templates/rb_air_spawns_template.blk",
        "importAreas": true,
        "importUnits": true,
        "importTriggers": true,
        "importMissionObjectives": true,
        "importWayPoints": true,
        "showAreas": true,
        "showUnits": true,
        "showTriggers": true,
        "showMissionObjectives": true,
        "showWayPoints": true,
        "excludes": []
      }
    },
    {
      "import_record": {
        "file": "gameData/missions/cta/planes/historical/BfD/bulge/airfields/template_bulge_airfields_low_ranks.blk",
        "rankRange": [0,19],
        "importAreas": true,
        "importUnits": true,
        "importTriggers": true,
        "importMissionObjectives": true,
        "importWayPoints": true,
        "showAreas": true,
        "showUnits": true,
        "showTriggers": true,
        "showMissionObjectives": true,
        "showWayPoints": true,
        "excludes": []
      }
    },
    {
      "import_record": {
        "file": "gameData/missions/cta/planes/historical/BfD/bulge/airfields/template_bulge_airfields_mid_ranks.blk",
        "rankRange": [6,19],
        "importAreas": true,
        "importUnits": true,
        "importTriggers": true,
        "importMissionObjectives": true,
        "importWayPoints": true,
        "showAreas": true,
        "showUnits": true,
        "showTriggers": true,
        "showMissionObjectives": true,
        "showWayPoints": true,
        "excludes": []
      }
    },
    {
      "import_record": {
        "file": "gameData/missions/cta/planes/historical/BfD/bulge/airfields/template_bulge_airfields_high_ranks.blk",
        "rankRange": [20,50],
        "importAreas": true,
        "importUnits": true,
        "importTriggers": true,
        "importMissionObjectives": true,
        "importWayPoints": true,
        "showAreas": true,
        "showUnits": true,
        "showTriggers": true,
        "showMissionObjectives": true,
        "showWayPoints": true,
        "excludes": []
      }
    },
    {
      "import_record": {
        "file": "gameData/missions/templates/air_templates/gs/template_at_bfd_usa_germ_planeset.blk",
        "importAreas": true,
        "importUnits": true,
        "importTriggers": true,
        "importMissionObjectives": true,
        "importWayPoints": true,
        "showAreas": true,
        "showUnits": true,
        "showTriggers": true,
        "showMissionObjectives": true,
        "showWayPoints": true,
        "excludes": []
      }
    },
    {
      "import_record": {
        "file": "gameData/missions/cta/planes/historical/BfD/bulge/frontline/bdt_bases_destroy_part.blk",
        "importAreas": true,
        "importUnits": true,
        "importTriggers": true,
        "importMissionObjectives": true,
        "importWayPoints": true,
        "showAreas": true,
        "showUnits": true,
        "showTriggers": true,
        "showMissionObjectives": true,
        "showWayPoints": true,
        "excludes": []
      }
    },
    {
      "import_record": {
        "file": "gameData/missions/cta/planes/historical/BfD/bulge/frontline/at_assaults_part.blk",
        "importAreas": true,
        "importUnits": true,
        "importTriggers": true,
        "importMissionObjectives": true,
        "importWayPoints": true,
        "showAreas": true,
        "showUnits": true,
        "showTriggers": true,
        "showMissionObjectives": true,
        "showWayPoints": true,
        "excludes": []
      }
    }
  ],
  "triggers": {
    "isCategory": true,
    "is_enabled": true,
    "start_mission_both": {
      "is_enabled": true,
      "comments": "",
      "props": {
        "actionsType": "PERFORM_ONE_BY_ONE",
        "conditionsType": "ALL",
        "enableAfterComplete": false
      },
      "events": {
        "initMission": []
      },
      "conditions": [],
      "actions": [
        {
          "varSetBool": {
            "value": false,
            "var": "barabashka_enabled"
          }
        },
        {
          "varSetBool": {
            "value": false,
            "var": "force_air_spawn"
          }
        },
        {
          "varSetBool": {
            "value": true,
            "var": "bMirrorSpawn"
          }
        },
        {
          "varSetString": {
            "value": "bfd",
            "var": "bdt_game_mode"
          }
        },
        {
          "varSetString": {
            "value": "bfd",
            "var": "at_game_mode"
          }
        },
        {
          "varSetInt": [
            {
              "value": 11
            },
            {
              "var": "bdt_t1_total_bases_max_count"
            },
            {
              "var": "bdt_t2_total_bases_max_count"
            }
          ]
        },
        {
          "varSetInt": [
            {
              "value": 4
            },
            {
              "var": "bdt_t1_active_bases_max_count"
            },
            {
              "var": "bdt_t2_active_bases_max_count"
            }
          ]
        },
        {
          "varSetReal": {
            "value": 3600.0,
            "var": "historical_destroy_timer"
          }
        }
      ],
      "else_actions": []
    },
    "start_mission": {
      "is_enabled": true,
      "comments": "",
      "props": {
        "actionsType": "PERFORM_ONE_BY_ONE",
        "conditionsType": "ALL",
        "enableAfterComplete": false
      },
      "events": {
        "initMission": []
      },
      "conditions": [],
      "actions": [
        {
          "unitSetProperties": [
            {
              "object_marking": 0
            },
            {
              "object_var_name": ""
            },
            {
              "object_var_comp_op": "equal"
            },
            {
              "object_var_value": 0
            },
            {
              "object": "t1_bunkers_squad"
            },
            {
              "object": "t1_tanks_squad"
            },
            {
              "object": "t2_tanks_squad"
            },
            {
              "object": "t1_art_squad"
            },
            {
              "object": "t2_art_squad"
            },
            {
              "object": "t2_bunkers_squad"
            },
            {
              "targetAir": false
            },
            {
              "targetGnd": true
            },
            {
              "accuracy": 0.0
            },
            {
              "effShootingRate": 0.0
            }
          ]
        },
        {
          "unitSetProperties": [
            {
              "object_marking": 0
            },
            {
              "object_var_name": ""
            },
            {
              "object_var_comp_op": "equal"
            },
            {
              "object_var_value": 0
            },
            {
              "object": "t2_aaa_squad"
            },
            {
              "object": "t1_aaa_squad"
            },
            {
              "object": "t2_track_aaa_squad"
            },
            {
              "targetGnd": false
            },
            {
              "accuracy": 0.1
            },
            {
              "effShootingRate": 0.0
            },
            {
              "airEffShootingRate": 0.1
            },
            {
              "fireRandom": true
            },
            {
              "targetChangeInterval": 5.0
            },
            {
              "targetChangeProb": 0.25
            }
          ]
        },
        {
          "unitSetIndication": {
            "set": true,
            "target_marking": 0,
            "object_var_name": "",
            "object_var_comp_op": "equal",
            "object_var_value": 0,
            "target": "t1_quest_units_squad",
            "team": "B"
          }
        },
        {
          "unitSetIndication": {
            "set": true,
            "target_marking": 0,
            "object_var_name": "",
            "object_var_comp_op": "equal",
            "object_var_value": 0,
            "target": "t2_quest_units_squad",
            "team": "A"
          }
        }
      ],
      "else_actions": []
    },
    "indicators": {
      "is_enabled": false,
      "comments": "",
      "props": {
        "actionsType": "PERFORM_ONE_BY_ONE",
        "conditionsType": "ALL",
        "enableAfterComplete": true
      },
      "events": {
        "periodicEvent": {
          "time": 1.0
        }
      },
      "conditions": [],
      "actions": [
        {
          "missionSetTargetsIndicator": {
            "target_type": "isActive",
            "target_marking": 0,
            "delta": 0,
            "icon": "tank",
            "icon army": 1,
            "set": true,
            "object_var_name": "",
            "object_var_comp_op": "equal",
            "object_var_value": 0,
            "target": "t1_quest_units_squad"
          }
        },
        {
          "missionSetTargetsIndicator": {
            "target_type": "isActive",
            "target_marking": 0,
            "delta": 0,
            "icon": "tank",
            "icon army": 2,
            "set": true,
            "object_var_name": "",
            "object_var_comp_op": "equal",
            "object_var_value": 0,
            "target": "t2_quest_units_squad"
          }
        }
      ],
      "else_actions": []
    }
  },
  "mission_objectives": {
    "isCategory": true,
    "is_enabled": true,
    "bulge_BfD_bastogne_norespawn_t1_defend": {
      "is_enabled": true,
      "comments": "",
      "type": "abstractMissionObjective",
      "props": {
        "isPrimary": true,
        "timeLimit": 3600,
        "scoreConst": 100,
        "scoreTime": 400,
        "team": "A"
      },
      "onSuccess": [],
      "onFailed": []
    },
    "bulge_BfD_bastogne_norespawn_t2_capture": {
      "is_enabled": true,
      "comments": "",
      "type": "abstractMissionObjective",
      "props": {
        "isPrimary": true,
        "timeLimit": 3600,
        "scoreConst": 100,
        "scoreTime": 400,
        "team": "B"
      },
      "onSuccess": [],
      "onFailed": []
    }
  },
  "variables": {
    "t1_bombers_killed": 0,
    "b17_placement_index": 0
  },
  "dialogs": [],
  "airfields": [],
  "effects": {
    "effect_01": {
      "type": "groundFire",
      "tm": [
        [133.5,0.0,0.0],
        [0.0,133.5,0.0],
        [0.0,0.0,133.5],
        [360.45,293.65,10068.6]
      ],
      "density": 10.0
    },
    "effect_02": {
      "type": "groundFire",
      "tm": [
        [133.5,0.0,0.0],
        [0.0,133.5,0.0],
        [0.0,0.0,133.5],
        [933.25,293.65,9528.75]
      ],
      "density": 10.0
    },
    "effect_03": {
      "type": "groundFire",
      "tm": [
        [133.5,0.0,0.0],
        [0.0,133.5,0.0],
        [0.0,0.0,133.5],
        [1865.3,293.65,10602.1]
      ],
      "density": 10.0
    },
    "effect_04": {
      "type": "groundFire",
      "tm": [
        [133.5,0.0,0.0],
        [0.0,133.5,0.0],
        [0.0,0.0,133.5],
        [1923.95,293.65,9769.3]
      ],
      "density": 10.0
    },
    "effect_05": {
      "type": "groundFire",
      "tm": [
        [133.5,0.0,0.0],
        [0.0,133.5,0.0],
        [0.0,0.0,133.5],
        [1844.35,293.65,8962.1]
      ],
      "density": 10.0
    }
  },
  "units": [
    {
      "squad": {
        "name": "t1_movable_units_squad",
        "tm": [
          [1.0,0.0,0.0],
          [0.0,1.0,0.0],
          [0.0,0.0,1.0],
          [2910.6,217.65,18504.3]
        ],
        "props": {
          "object_marking": 0,
          "squad_members": "structures_01"
        }
      }
    },
    {
      "squad": {
        "name": "t2_movable_units_squad",
        "tm": [
          [1.0,0.0,0.0],
          [0.0,1.0,0.0],
          [0.0,0.0,1.0],
          [1575.25,271.5,18413.6]
        ],
        "props": [
          {
            "object_marking": 0
          },
          {
            "squad_members": "t2_tanks_squad"
          },
          {
            "squad_members": "t2_track_aaa_squad"
          }
        ]
      }
    },
    {
      "armada": {
        "name": "t1_player01",
        "tm": [
          [-0.999048,0.0,0.0436196],
          [0.0,1.0,0.0],
          [-0.0436196,0.0,-0.999048],
          [12555.5,2000.0,5152.7]
        ],
        "unit_class": "a6m2_zero",
        "closed_waypoints": false,
        "isShipSpline": false,
        "shipTurnRadius": 100.0,
        "weapons": "",
        "bullets0": "",
        "bullets1": "",
        "bullets2": "",
        "bullets3": "",
        "bulletsCount0": 0,
        "bulletsCount1": 0,
        "bulletsCount2": 0,
        "bulletsCount3": 0,
        "props": {
          "army": 1,
          "count": 1,
          "free_distance": 70.0,
          "floating_distance": 50.0,
          "minimum_distance_to_earth": 20.0,
          "altLimit": 6000.0,
          "attack_type": "fire_at_will",
          "skill": 4,
          "player": true,
          "plane": {
            "wing_formation": "Diamond",
            "row_distances": 3.0,
            "col_distances": 3.0,
            "super_formation": "Diamond",
            "super_row_distances": 1.5,
            "super_col_distances": 1.5,
            "ai_skill": "NORMAL",
            "task": "FLY_WAYPOINT"
          }
        },
        "way": []
      }
    },
    {
      "structures": {
        "name": "t1_bunker_04",
        "tm": [
          [0.0871559,0.0,-0.996195],
          [0.0,1.0,0.0],
          [0.996195,0.0,0.0871559],
          [691.756,311.563,8463.06]
        ],
        "unit_class": "uk_bunker_light_fat",
        "objLayer": 1,
        "closed_waypoints": false,
        "isShipSpline": false,
        "shipTurnRadius": 100.0,
        "weapons": "",
        "bullets0": "",
        "bullets1": "",
        "bullets2": "",
        "bullets3": "",
        "bulletsCount0": 0,
        "bulletsCount1": 0,
        "bulletsCount2": 0,
        "bulletsCount3": 0,
        "props": {
          "army": 1,
          "count": 1,
          "formation_type": "rows",
          "formation_div": 3,
          "formation_step": [2.5,2.0],
          "formation_noise": [0.1,0.1],
          "uniqueName": "",
          "attack_type": "fire_at_will"
        },
        "way": []
      }
    },
    {
      "structures": {
        "name": "t1_bunker_05",
        "tm": [
          [-0.0436193,0.0,-0.999048],
          [0.0,1.0,0.0],
          [0.999048,0.0,-0.0436193],
          [1244.11,304.15,8633.86]
        ],
        "unit_class": "uk_bunker_light_fat",
        "objLayer": 1,
        "closed_waypoints": false,
        "isShipSpline": false,
        "shipTurnRadius": 100.0,
        "weapons": "",
        "bullets0": "",
        "bullets1": "",
        "bullets2": "",
        "bullets3": "",
        "bulletsCount0": 0,
        "bulletsCount1": 0,
        "bulletsCount2": 0,
        "bulletsCount3": 0,
        "props": {
          "army": 1,
          "count": 1,
          "formation_type": "rows",
          "formation_div": 3,
          "formation_step": [2.5,2.0],
          "formation_noise": [0.1,0.1],
          "uniqueName": "",
          "attack_type": "fire_at_will"
        },
        "way": []
      }
    },
    {
      "structures": {
        "name": "t1_bunker_06",
        "tm": [
          [0.246326,0.0,-0.969187],
          [0.0,1.0,0.0],
          [0.969187,0.0,0.246326],
          [1397.6,299.01,8507.35]
        ],
        "unit_class": "uk_bunker_light_fat",
        "objLayer": 1,
        "closed_waypoints": false,
        "isShipSpline": false,
        "shipTurnRadius": 100.0,
        "weapons": "",
        "bullets0": "",
        "bullets1": "",
        "bullets2": "",
        "bullets3": "",
        "bulletsCount0": 0,
        "bulletsCount1": 0,
        "bulletsCount2": 0,
        "bulletsCount3": 0,
        "props": {
          "army": 1,
          "count": 1,
          "formation_type": "rows",
          "formation_div": 3,
          "formation_step": [2.5,2.0],
          "formation_noise": [0.1,0.1],
          "uniqueName": "",
          "attack_type": "fire_at_will"
        },
        "way": []
      }
    },
    {
      "structures": {
        "name": "t1_bunker_07",
        "tm": [
          [0.996195,0.0,-0.0871561],
          [0.0,1.0,0.0],
          [0.0871561,0.0,0.996195],
          [2488.97,312.063,9502.04]
        ],
        "unit_class": "uk_bunker_light_fat",
        "objLayer": 1,
        "closed_waypoints": false,
        "isShipSpline": false,
        "shipTurnRadius": 100.0,
        "weapons": "",
        "bullets0": "",
        "bullets1": "",
        "bullets2": "",
        "bullets3": "",
        "bulletsCount0": 0,
        "bulletsCount1": 0,
        "bulletsCount2": 0,
        "bulletsCount3": 0,
        "props": {
          "army": 1,
          "count": 1,
          "formation_type": "rows",
          "formation_div": 3,
          "formation_step": [2.5,2.0],
          "formation_noise": [0.1,0.1],
          "uniqueName": "",
          "attack_type": "fire_at_will"
        },
        "way": []
      }
    },
    {
      "structures": {
        "name": "t1_bunker_08",
        "tm": [
          [0.999048,0.0,0.0436194],
          [0.0,1.0,0.0],
          [-0.0436194,0.0,0.999048],
          [2321.81,293.355,10076.5]
        ],
        "unit_class": "uk_bunker_light_fat",
        "objLayer": 1,
        "closed_waypoints": false,
        "isShipSpline": false,
        "shipTurnRadius": 100.0,
        "weapons": "",
        "bullets0": "",
        "bullets1": "",
        "bullets2": "",
        "bullets3": "",
        "bulletsCount0": 0,
        "bulletsCount1": 0,
        "bulletsCount2": 0,
        "bulletsCount3": 0,
        "props": {
          "army": 1,
          "count": 1,
          "formation_type": "rows",
          "formation_div": 3,
          "formation_step": [2.5,2.0],
          "formation_noise": [0.1,0.1],
          "uniqueName": "",
          "attack_type": "fire_at_will"
        },
        "way": []
      }
    },
    {
      "structures": {
        "name": "t1_bunker_09",
        "tm": [
          [0.976296,0.0,-0.21644],
          [0.0,1.0,0.0],
          [0.21644,0.0,0.976296],
          [2630.0,306.34,9722.3]
        ],
        "unit_class": "uk_bunker_light_fat",
        "objLayer": 1,
        "closed_waypoints": false,
        "isShipSpline": false,
        "shipTurnRadius": 100.0,
        "weapons": "",
        "bullets0": "",
        "bullets1": "",
        "bullets2": "",
        "bullets3": "",
        "bulletsCount0": 0,
        "bulletsCount1": 0,
        "bulletsCount2": 0,
        "bulletsCount3": 0,
        "props": {
          "army": 1,
          "count": 1,
          "formation_type": "rows",
          "formation_div": 3,
          "formation_step": [2.5,2.0],
          "formation_noise": [0.1,0.1],
          "uniqueName": "",
          "attack_type": "fire_at_will"
        },
        "way": []
      }
    },
    {
      "structures": {
        "name": "t1_bunker_10",
        "tm": [
          [0.991444,0.0,-0.130526],
          [0.0,1.0,0.0],
          [0.130526,0.0,0.991444],
          [2450.61,296.243,11363.5]
        ],
        "unit_class": "uk_bunker_light_fat",
        "objLayer": 1,
        "closed_waypoints": false,
        "isShipSpline": false,
        "shipTurnRadius": 100.0,
        "weapons": "",
        "bullets0": "",
        "bullets1": "",
        "bullets2": "",
        "bullets3": "",
        "bulletsCount0": 0,
        "bulletsCount1": 0,
        "bulletsCount2": 0,
        "bulletsCount3": 0,
        "props": {
          "army": 1,
          "count": 1,
          "formation_type": "rows",
          "formation_div": 3,
          "formation_step": [2.5,2.0],
          "formation_noise": [0.1,0.1],
          "uniqueName": "",
          "attack_type": "fire_at_will"
        },
        "way": []
      }
    },
    {
      "structures": {
        "name": "t1_bunker_11",
        "tm": [
          [0.67559,0.0,-0.737278],
          [0.0,1.0,0.0],
          [0.737278,0.0,0.67559],
          [3297.55,270.5,11190.2]
        ],
        "unit_class": "uk_bunker_light_fat",
        "objLayer": 1,
        "closed_waypoints": false,
        "isShipSpline": false,
        "shipTurnRadius": 100.0,
        "weapons": "",
        "bullets0": "",
        "bullets1": "",
        "bullets2": "",
        "bullets3": "",
        "bulletsCount0": 0,
        "bulletsCount1": 0,
        "bulletsCount2": 0,
        "bulletsCount3": 0,
        "props": {
          "army": 1,
          "count": 1,
          "formation_type": "rows",
          "formation_div": 3,
          "formation_step": [2.5,2.0],
          "formation_noise": [0.1,0.1],
          "uniqueName": "",
          "attack_type": "fire_at_will"
        },
        "way": []
      }
    },
    {
      "structures": {
        "name": "t1_bunker_12",
        "tm": [
          [0.76923,0.0,0.638973],
          [0.0,1.0,0.0],
          [-0.638973,0.0,0.76923],
          [2957.05,300.0,11727.7]
        ],
        "unit_class": "uk_bunker_light_fat",
        "objLayer": 1,
        "closed_waypoints": false,
        "isShipSpline": false,
        "shipTurnRadius": 100.0,
        "weapons": "",
        "bullets0": "",
        "bullets1": "",
        "bullets2": "",
        "bullets3": "",
        "bulletsCount0": 0,
        "bulletsCount1": 0,
        "bulletsCount2": 0,
        "bulletsCount3": 0,
        "props": {
          "army": 1,
          "count": 1,
          "formation_type": "rows",
          "formation_div": 3,
          "formation_step": [2.5,2.0],
          "formation_noise": [0.1,0.1],
          "uniqueName": "",
          "attack_type": "fire_at_will"
        },
        "way": []
      }
    },
    {
      "structures": {
        "name": "t1_bunker_13",
        "tm": [
          [-0.441663,0.0,-0.897182],
          [0.0,1.0,0.0],
          [0.897182,0.0,-0.441663],
          [-74.1761,309.647,9816.03]
        ],
        "unit_class": "uk_bunker_light_fat",
        "objLayer": 1,
        "closed_waypoints": false,
        "isShipSpline": false,
        "shipTurnRadius": 100.0,
        "weapons": "",
        "bullets0": "",
        "bullets1": "",
        "bullets2": "",
        "bullets3": "",
        "bulletsCount0": 0,
        "bulletsCount1": 0,
        "bulletsCount2": 0,
        "bulletsCount3": 0,
        "props": {
          "army": 1,
          "count": 1,
          "formation_type": "rows",
          "formation_div": 3,
          "formation_step": [2.5,2.0],
          "formation_noise": [0.1,0.1],
          "uniqueName": "",
          "attack_type": "fire_at_will"
        },
        "way": []
      }
    },
    {
      "structures": {
        "name": "t1_bunker_14",
        "tm": [
          [0.52574,0.0,0.850645],
          [0.0,1.0,0.0],
          [-0.850645,0.0,0.52574],
          [2096.62,302.307,11810.7]
        ],
        "unit_class": "uk_bunker_light_fat",
        "objLayer": 1,
        "closed_waypoints": false,
        "isShipSpline": false,
        "shipTurnRadius": 100.0,
        "weapons": "",
        "bullets0": "",
        "bullets1": "",
        "bullets2": "",
        "bullets3": "",
        "bulletsCount0": 0,
        "bulletsCount1": 0,
        "bulletsCount2": 0,
        "bulletsCount3": 0,
        "props": {
          "army": 1,
          "count": 1,
          "formation_type": "rows",
          "formation_div": 3,
          "formation_step": [2.5,2.0],
          "formation_noise": [0.1,0.1],
          "uniqueName": "",
          "attack_type": "fire_at_will"
        },
        "way": []
      }
    },
    {
      "structures": {
        "name": "t1_bunker_15",
        "tm": [
          [0.853469,0.0,-0.521144],
          [0.0,1.0,0.0],
          [0.521144,0.0,0.853469],
          [1356.61,320.788,9283.07]
        ],
        "unit_class": "uk_bunker_light_fat",
        "objLayer": 1,
        "closed_waypoints": false,
        "isShipSpline": false,
        "shipTurnRadius": 100.0,
        "weapons": "",
        "bullets0": "",
        "bullets1": "",
        "bullets2": "",
        "bullets3": "",
        "bulletsCount0": 0,
        "bulletsCount1": 0,
        "bulletsCount2": 0,
        "bulletsCount3": 0,
        "props": {
          "army": 1,
          "count": 1,
          "formation_type": "rows",
          "formation_div": 3,
          "formation_step": [2.5,2.0],
          "formation_noise": [0.1,0.1],
          "uniqueName": "",
          "attack_type": "fire_at_will"
        },
        "way": []
      }
    },
    {
      "objectGroups": {
        "name": "t1_trench05",
        "tm": [
          [0.999238,-0.0136116,-0.036585],
          [0.0135587,0.999906,-0.00169315],
          [0.0366047,0.00119581,0.999329],
          [1047.36,299.301,8565.71]
        ],
        "unit_class": "dynTrench_small_bunker_axis",
        "objLayer": 2,
        "props": {
          "army": 1,
          "active": true
        }
      }
    },
    {
      "objectGroups": {
        "name": "t1_trench06",
        "tm": [
          [0.999238,-0.0136116,-0.036585],
          [0.0135587,0.999906,-0.00169315],
          [0.0366047,0.00119581,0.999329],
          [682.857,307.973,8512.96]
        ],
        "unit_class": "dynTrench_small_bunker_axis",
        "objLayer": 2,
        "props": {
          "army": 1,
          "active": true
        }
      }
    },
    {
      "objectGroups": {
        "name": "t1_trench07",
        "tm": [
          [0.999238,-0.0136116,-0.036585],
          [0.0135587,0.999906,-0.00169315],
          [0.0366047,0.00119581,0.999329],
          [1388.65,294.722,8556.1]
        ],
        "unit_class": "dynTrench_small_bunker_axis",
        "objLayer": 2,
        "props": {
          "army": 1,
          "active": true
        }
      }
    },
    {
      "objectGroups": {
        "name": "t1_trench08",
        "tm": [
          [0.999238,-0.0136116,-0.036585],
          [0.0135587,0.999906,-0.00169315],
          [0.0366047,0.00119581,0.999329],
          [1236.21,301.342,8683.46]
        ],
        "unit_class": "dynTrench_small_bunker_axis",
        "objLayer": 2,
        "props": {
          "army": 1,
          "active": true
        }
      }
    },
    {
      "objectGroups": {
        "name": "t1_trench10",
        "tm": [
          [0.0851461,0.0724943,0.993728],
          [0.0455996,0.99602,-0.0765681],
          [-0.995324,0.0518332,0.0815017],
          [1922.46,284.421,8672.42]
        ],
        "unit_class": "dynTrench_small_bunker_axis",
        "objLayer": 2,
        "props": {
          "army": 1,
          "active": true
        }
      }
    },
    {
      "objectGroups": {
        "name": "t1_trench11",
        "tm": [
          [0.293707,0.0156018,0.955768],
          [-0.0147939,0.999821,-0.0117747],
          [-0.95578,-0.0106812,0.293886],
          [2271.21,290.082,10081.1]
        ],
        "unit_class": "dynTrench_small_bunker_axis",
        "objLayer": 2,
        "props": {
          "army": 1,
          "active": true
        }
      }
    },
    {
      "objectGroups": {
        "name": "t1_trench12",
        "tm": [
          [0.416192,-0.0136116,0.909175],
          [0.00675297,0.999906,0.0118787],
          [-0.909251,0.00119581,0.416245],
          [2404.26,310.219,9224.93]
        ],
        "unit_class": "dynTrench_small_bunker_axis",
        "objLayer": 2,
        "props": {
          "army": 1,
          "active": true
        }
      }
    },
    {
      "objectGroups": {
        "name": "t1_trench13",
        "tm": [
          [0.416192,-0.0136116,0.909175],
          [0.00675297,0.999906,0.0118787],
          [-0.909251,0.00119581,0.416245],
          [2580.7,307.726,9733.15]
        ],
        "unit_class": "dynTrench_small_bunker_axis",
        "objLayer": 2,
        "props": {
          "army": 1,
          "active": true
        }
      }
    },
    {
      "objectGroups": {
        "name": "t1_trench14",
        "tm": [
          [0.29396,0.0508901,0.954462],
          [0.00514472,0.998483,-0.0548216],
          [-0.955803,0.0210258,0.293253],
          [2973.44,286.649,11398.4]
        ],
        "unit_class": "dynTrench_small_bunker_axis",
        "objLayer": 2,
        "props": {
          "army": 1,
          "active": true
        }
      }
    },
    {
      "objectGroups": {
        "name": "t1_trench15",
        "tm": [
          [0.335924,0.0559507,0.940226],
          [0.0319093,0.996985,-0.0707288],
          [-0.941347,0.0537616,0.333126],
          [3249.25,272.55,11198.0]
        ],
        "unit_class": "dynTrench_small_bunker_axis",
        "objLayer": 2,
        "props": {
          "army": 1,
          "active": true
        }
      }
    },
    {
      "objectGroups": {
        "name": "t1_trench16",
        "tm": [
          [0.293122,0.044848,0.955023],
          [-0.0148365,0.998992,-0.0423591],
          [-0.955959,-0.00175279,0.293492],
          [2401.12,291.708,11365.8]
        ],
        "unit_class": "dynTrench_small_bunker_axis",
        "objLayer": 2,
        "props": {
          "army": 1,
          "active": true
        }
      }
    },
    {
      "objectGroups": {
        "name": "t1_trench17",
        "tm": [
          [-0.576533,0.0334886,0.816387],
          [-0.000874788,0.999134,-0.0416027],
          [-0.817073,-0.0246994,-0.576003],
          [2922.14,296.887,11690.7]
        ],
        "unit_class": "dynTrench_small_bunker_axis",
        "objLayer": 2,
        "props": {
          "army": 1,
          "active": true
        }
      }
    },
    {
      "objectGroups": {
        "name": "t1_trench18",
        "tm": [
          [0.805924,0.0369617,-0.590863],
          [-0.000980519,0.99813,0.0611011],
          [0.592017,-0.0486635,0.804454],
          [-52.6302,299.961,9859.16]
        ],
        "unit_class": "dynTrench_small_bunker_axis",
        "objLayer": 2,
        "props": {
          "army": 1,
          "active": true
        }
      }
    },
    {
      "objectGroups": {
        "name": "t1_trench19",
        "tm": [
          [-0.895808,0.0275696,0.443585],
          [0.0317393,0.999494,0.00197644],
          [-0.443306,0.0158496,-0.896229],
          [1022.72,299.195,11453.8]
        ],
        "unit_class": "dynTrench_small_bunker_axis",
        "objLayer": 2,
        "props": {
          "army": 1,
          "active": true
        }
      }
    },
    {
      "objectGroups": {
        "name": "t1_trench20",
        "tm": [
          [0.774942,0.0288392,0.631373],
          [-0.0540731,0.998321,0.0207688],
          [-0.629714,-0.050235,0.7752],
          [1317.24,312.188,9313.97]
        ],
        "unit_class": "dynTrench_small_bunker_axis",
        "objLayer": 2,
        "props": {
          "army": 1,
          "active": true
        }
      }
    },
    {
      "objectGroups": {
        "name": "t1_trench21",
        "tm": [
          [-0.914995,0.00240704,0.403459],
          [0.00103875,0.999993,-0.00361016],
          [-0.403465,-0.00288424,-0.91499],
          [2085.13,300.207,11761.8]
        ],
        "unit_class": "dynTrench_small_bunker_axis",
        "objLayer": 2,
        "props": {
          "army": 1,
          "active": true
        }
      }
    },
    {
      "objectGroups": {
        "name": "t1_trench22",
        "tm": [
          [0.416307,-0.00947304,0.909175],
          [-0.00318868,0.999924,0.0118787],
          [-0.909218,-0.00784425,0.416245],
          [2439.67,305.268,9512.65]
        ],
        "unit_class": "dynTrench_small_bunker_axis",
        "objLayer": 2,
        "props": {
          "army": 1,
          "active": true
        }
      }
    },
    {
      "structures": {
        "name": "t1_art_08",
        "tm": [
          [0.04362,0.0,-0.999048],
          [0.0,1.0,0.0],
          [0.999048,0.0,0.04362],
          [1131.76,303.8,8590.11]
        ],
        "unit_class": "us_57mm_m1_noground",
        "objLayer": 1,
        "closed_waypoints": false,
        "isShipSpline": false,
        "shipTurnRadius": 100.0,
        "weapons": "",
        "bullets0": "",
        "bullets1": "",
        "bullets2": "",
        "bullets3": "",
        "bulletsCount0": 0,
        "bulletsCount1": 0,
        "bulletsCount2": 0,
        "bulletsCount3": 0,
        "props": {
          "army": 1,
          "count": 1,
          "formation_type": "rows",
          "formation_div": 3,
          "formation_step": [2.5,2.0],
          "formation_noise": [0.1,0.1],
          "uniqueName": "",
