{
  "selected_tag": "",
  "bin_dump_file": "",
  "mission_settings": {
    "player": {
      "army": 1,
      "wing": "ft_armada"
    },
    "player_teamB": {
      "army": 2
    },
    "mission": {
      "level": "levels/water.bin",
      "type": "singleMission",
      "environment": "Day",
      "weather": "hazy",
      "restoreType": "attempts",
      "optionalTakeOff": false
    },
    "spectator_points": {}
  },
  "imports": {},
  "triggers": {
    "isCategory": true,
    "is_enabled": true,
    "fields_high_start": {
      "is_enabled": true,
      "comments": "",
      "props": {
        "actionsType": "PERFORM_ONE_BY_ONE",
        "conditionsType": "ALL",
        "enableAfterComplete": false
      },
      "events": {
        "initMission": {}
      },
      "conditions": {},
      "actions": {
        "varSetInt": [
          {
            "value": 0,
            "var": [
              "ft_t1_max_near_airfields_count",
              "ft_t2_max_near_airfields_count"
            ]
          },
          {
            "value": 0,
            "var": [
              "ft_t1_max_mid_airfields_count",
              "ft_t2_max_mid_airfields_count"
            ]
          },
          {
            "value": 3,
            "var": [
              "ft_t1_max_far_airfields_count",
              "ft_t2_max_far_airfields_count"
            ]
          }
        ],
        "comment": {
          "value": ""
        },
        "varSetReal": {
          "value": 15000.0,
          "var": "ft_generate_distance_between"
        }
      },
      "else_actions": {}
    }
  },
  "mission_objectives": {
    "isCategory": true,
    "is_enabled": true
  },
  "variables": {},
  "dialogs": {},
  "airfields": {},
  "effects": {},
  "units": {
    "objectGroups": [
      {
        "name": "ft_t1_airfield_01_01",
        "tm": [
          [
            0.998264,
            0.0,
            -0.0589078
          ],
          [
            0.0,
            1.0,
            0.0
          ],
          [
            0.0589078,
            0.0,
            0.998264
          ],
          [
            28200.1,
            67.7168,
            -24219.2
          ]
        ],
        "unit_class": "dynaf_universal_1line_3000_a_snow",
        "objLayer": 2,
        "props": {
          "army": 1,
          "active": false
        }
      },
      {
        "name": "ft_t1_airfield_01_02",
        "tm": [
          [
            0.983131,
            0.0,
            0.182903
          ],
          [
            0.0,
            1.0,
            0.0
          ],
          [
            -0.182903,
            0.0,
            0.983131
          ],
          [
            28322.0,
            35.2518,
            -1647.55
          ]
        ],
        "unit_class": "dynaf_universal_1line_3000_a_snow",
        "objLayer": 2,
        "props": {
          "army": 1,
          "active": false
        }
      },
      {
        "name": "ft_t1_airfield_01_03",
        "tm": [
          [
            0.906679,
            0.0,
            -0.421818
          ],
          [
            0.0,
            1.0,
            0.0
          ],
          [
            0.421818,
            0.0,
            0.906679
          ],
          [
            28631.6,
            23.0461,
            8729.75
          ]
        ],
        "unit_class": "dynaf_universal_1line_3000_a_snow",
        "objLayer": 2,
        "props": {
          "army": 1,
          "active": false
        }
      },
      {
        "name": "ft_t1_airfield_02_01",
        "tm": [
          [
            0.965926,
            0.0,
            -0.258819
          ],
          [
            0.0,
            1.0,
            0.0
          ],
          [
            0.258819,
            0.0,
            0.965926
          ],
          [
            20761.9,
            20.2166,
            -14744.6
          ]
        ],
        "unit_class": "dynaf_universal_1line_c_snow",
        "objLayer": 2,
        "props": {
          "army": 1,
          "active": false
        }
      },
      {
        "name": "ft_t1_airfield_02_02",
        "tm": [
          [
            0.984807,
            0.0,
            0.173648
          ],
          [
            0.0,
            1.0,
            0.0
          ],
          [
            -0.173648,
            0.0,
            0.984807
          ],
          [
            20847.0,
            55.446,
            -26021.3
          ]
        ],
        "unit_class": "dynaf_universal_1line_c_snow",
        "objLayer": 2,
        "props": {
          "army": 1,
          "active": false
        }
      },
      {
        "name": "ft_t1_airfield_03_01",
        "tm": [
          [
            0.984808,
            0.0,
            0.173649
          ],
          [
            0.0,
            1.0,
            0.0
          ],
          [
            -0.173649,
            0.0,
            0.984808
          ],
          [
            13667.9,
            41.5003,
            -22139.4
          ]
        ],
        "unit_class": "dynaf_universal_1line_c_snow",
        "objLayer": 2,
        "props": {
          "army": 1,
          "active": false
        }
      },
      {
        "name": "ft_t1_airfield_03_02",
        "tm": [
          [
            0.98956,
            0.0,
            0.144122
          ],
          [
            0.0,
            1.0,
            0.0
          ],
          [
            -0.144122,
            0.0,
            0.98956
          ],
          [
            14509.0,
            33.6997,
            -10523.1
          ]
        ],
        "unit_class": "dynaf_universal_1line_c_snow",
        "objLayer": 2,
        "props": {
          "army": 1,
          "active": false
        }
      },
      {
        "name": "ft_t2_airfield_01_01",
        "tm": [
          [
            -0.980734,
            0.0,
            -0.195348
          ],
          [
            0.0,
            1.0,
            0.0
          ],
          [
            0.195348,
            0.0,
            -0.980734
          ],
          [
            -27007.7,
            63.6997,
            28497.4
          ]
        ],
        "unit_class": "dynaf_universal_1line_3000_a_snow",
        "objLayer": 2,
        "props": {
          "army": 2,
          "active": false
        }
      },
      {
        "name": "ft_t2_airfield_01_02",
        "tm": [
          [
            -0.999966,
            0.0,
            -0.00828629
          ],
          [
            0.0,
            1.0,
            0.0
          ],
          [
            0.00828629,
            0.0,
            -0.999966
          ],
          [
            -28245.0,
            94.3389,
            -13089.0
          ]
        ],
        "unit_class": "dynaf_universal_1line_3000_a_snow",
        "objLayer": 2,
        "props": {
          "army": 2,
          "active": false
        }
      },
      {
        "name": "ft_t2_airfield_01_03",
        "tm": [
          [
            -0.860671,
            0.0,
            0.509164
          ],
          [
            0.0,
            1.0,
            0.0
          ],
          [
            -0.509164,
            0.0,
            -0.860671
          ],
          [
            -27548.7,
            106.457,
            15087.5
          ]
        ],
        "unit_class": "dynaf_universal_1line_3000_a_snow",
        "objLayer": 2,
        "props": {
          "army": 2,
          "active": false
        }
      },
      {
        "name": "ft_t2_airfield_02_01",
        "tm": [
          [
            -0.999398,
            0.0,
            0.0346808
          ],
          [
            0.0,
            1.0,
            0.0
          ],
          [
            -0.0346808,
            0.0,
            -0.999398
          ],
          [
            -21243.0,
            81.3491,
            5902.11
          ]
        ],
        "unit_class": "dynaf_universal_1line_c_snow",
        "objLayer": 2,
        "props": {
          "army": 2,
          "active": false
        }
      },
      {
        "name": "ft_t2_airfield_02_02",
        "tm": [
          [
            -0.999808,
            0.0,
            -0.0195768
          ],
          [
            0.0,
            1.0,
            0.0
          ],
          [
            0.0195768,
            0.0,
            -0.999808
          ],
          [
            -22062.6,
            71.6467,
            18495.3
          ]
        ],
        "unit_class": "dynaf_universal_1line_c_snow",
        "objLayer": 2,
        "props": {
          "army": 2,
          "active": false
        }
      },
      {
        "name": "ft_t2_airfield_03_01",
        "tm": [
          [
            -0.935109,
            0.0,
            0.354362
          ],
          [
            0.0,
            1.0,
            0.0
          ],
          [
            -0.354362,
            0.0,
            -0.935109
          ],
          [
            -14519.1,
            67.1006,
            29354.8
          ]
        ],
        "unit_class": "dynaf_universal_1line_c_snow",
        "objLayer": 2,
        "props": {
          "army": 2,
          "active": false
        }
      },
      {
        "name": "ft_t2_airfield_03_02",
        "tm": [
          [
            -0.999698,
            0.0,
            0.0245564
          ],
          [
            0.0,
            1.0,
            0.0
          ],
          [
            -0.0245564,
            0.0,
            -0.999698
          ],
          [
            -13076.6,
            84.3,
            -4845.88
          ]
        ],
        "unit_class": "dynaf_universal_1line_c_snow",
        "objLayer": 2,
        "props": {
          "army": 2,
          "active": false
        }
      },
      {
        "name": "ft_t1_airfield_03_03",
        "tm": [
          [
            0.98095,
            0.0,
            0.194263
          ],
          [
            0.0,
            1.0,
            0.0
          ],
          [
            -0.194263,
            0.0,
            0.98095
          ],
          [
            13157.7,
            16.9989,
            27581.2
          ]
        ],
        "unit_class": "dynaf_universal_1line_c_snow",
        "objLayer": 2,
        "props": {
          "army": 1,
          "active": false
        }
      },
      {
        "name": "ft_t1_airfield_02_03",
        "tm": [
          [
            0.991445,
            0.0,
            -0.130526
          ],
          [
            0.0,
            1.0,
            0.0
          ],
          [
            0.130526,
            0.0,
            0.991445
          ],
          [
            20894.2,
            72.4941,
            6520.13
          ]
        ],
        "unit_class": "dynaf_universal_1line_c_snow",
        "objLayer": 2,
        "props": {
          "army": 1,
          "active": false
        }
      },
      {
        "name": "ft_t2_airfield_03_03",
        "tm": [
          [
            -0.992556,
            0.0,
            -0.121785
          ],
          [
            0.0,
            1.0,
            0.0
          ],
          [
            0.121785,
            0.0,
            -0.992556
          ],
          [
            -13086.6,
            87.2163,
            -19536.0
          ]
        ],
        "unit_class": "dynaf_universal_1line_c_snow",
        "objLayer": 2,
        "props": {
          "army": 2,
          "active": false
        }
      },
      {
        "name": "ft_t2_airfield_02_03",
        "tm": [
          [
            -0.999219,
            0.0,
            -0.0395049
          ],
          [
            0.0,
            1.0,
            0.0
          ],
          [
            0.0395049,
            0.0,
            -0.999219
          ],
          [
            -19323.9,
            89.1667,
            -29145.6
          ]
        ],
        "unit_class": "dynaf_universal_1line_c_snow",
        "objLayer": 2,
        "props": {
          "army": 2,
          "active": false
        }
      },
      {
        "name": "ft_t1_airfield_01_04",
        "tm": [
          [
            0.983381,
            0.0,
            0.181552
          ],
          [
            0.0,
            1.0,
            0.0
          ],
          [
            -0.181552,
            0.0,
            0.983381
          ],
          [
            28193.2,
            20.9268,
            26189.2
          ]
        ],
        "unit_class": "dynaf_universal_1line_3000_a_snow",
        "objLayer": 2,
        "props": {
          "army": 1,
          "active": false
        }
      },
      {
        "name": "ft_t1_airfield_02_04",
        "tm": [
          [
            0.971746,
            0.0,
            0.236028
          ],
          [
            0.0,
            1.0,
            0.0
          ],
          [
            -0.236028,
            0.0,
            0.971746
          ],
          [
            21719.0,
            24.3285,
            21330.1
          ]
        ],
        "unit_class": "dynaf_universal_1line_c_snow",
        "objLayer": 2,
        "props": {
          "army": 1,
          "active": false
        }
      },
      {
        "name": "ft_t1_airfield_03_04",
        "tm": [
          [
            0.971341,
            0.0,
            0.237693
          ],
          [
            0.0,
            1.0,
            0.0
          ],
          [
            -0.237693,
            0.0,
            0.971341
          ],
          [
            14002.4,
            17.3887,
            13463.9
          ]
        ],
        "unit_class": "dynaf_universal_1line_c_snow",
        "objLayer": 2,
        "props": {
          "army": 1,
          "active": false
        }
      },
      {
        "name": "ft_t2_airfield_01_04",
        "tm": [
          [
            -0.985548,
            0.0,
            0.169401
          ],
          [
            0.0,
            1.0,
            0.0
          ],
          [
            -0.169401,
            0.0,
            -0.985548
          ],
          [
            -28650.1,
            63.4353,
            2261.86
          ]
        ],
        "unit_class": "dynaf_universal_1line_3000_a_snow",
        "objLayer": 2,
        "props": {
          "army": 2,
          "active": false
        }
      },
      {
        "name": "ft_t2_airfield_02_04",
        "tm": [
          [
            -0.976296,
            0.0,
            -0.216439
          ],
          [
            0.0,
            1.0,
            0.0
          ],
          [
            0.216439,
            0.0,
            -0.976296
          ],
          [
            -21576.3,
            93.0698,
            -15667.3
          ]
        ],
        "unit_class": "dynaf_universal_1line_c_snow",
        "objLayer": 2,
        "props": {
          "army": 2,
          "active": false
        }
      },
      {
        "name": "ft_t2_airfield_03_04",
        "tm": [
          [
            -0.989932,
            0.0,
            -0.141538
          ],
          [
            0.0,
            1.0,
            0.0
          ],
          [
            0.141538,
            0.0,
            -0.989932
          ],
          [
            -13622.1,
            56.8052,
            4734.16
          ]
        ],
        "unit_class": "dynaf_universal_1line_c_snow",
        "objLayer": 2,
        "props": {
          "army": 2,
          "active": false
        }
      },
      {
        "name": "ft_t2_airfield_01_05",
        "tm": [
          [
            -0.981783,
            0.0,
            0.190005
          ],
          [
            0.0,
            1.0,
            0.0
          ],
          [
            -0.190005,
            0.0,
            -0.981783
          ],
          [
            -27900.4,
            91.578,
            -26736.9
          ]
        ],
        "unit_class": "dynaf_universal_1line_3000_a_snow",
        "objLayer": 2,
        "props": {
          "army": 2,
          "active": false
        }
      },
      {
        "name": "ft_t1_airfield_01_05",
        "tm": [
          [
            0.731805,
            0.0,
            0.681514
          ],
          [
            0.0,
            1.0,
            0.0
          ],
          [
            -0.681514,
            0.0,
            0.731805
          ],
          [
            28430.0,
            21.8193,
            -10769.1
          ]
        ],
        "unit_class": "dynaf_universal_1line_3000_a_snow",
        "objLayer": 2,
        "props": {
          "army": 1,
          "active": false
        }
      },
      {
        "name": "ft_t1_airfield_02_05",
        "tm": [
          [
            0.753099,
            0.0,
            0.657908
          ],
          [
            0.0,
            1.0,
            0.0
          ],
          [
            -0.657908,
            0.0,
            0.753099
          ],
          [
            20394.3,
            46.3855,
            -2359.45
          ]
        ],
        "unit_class": "dynaf_universal_1line_c_snow",
        "objLayer": 2,
        "props": {
          "army": 1,
          "active": false
        }
      },
      {
        "name": "ft_t1_airfield_03_05",
        "tm": [
          [
            0.94866,
            0.0,
            0.316297
          ],
          [
            0.0,
            1.0,
            0.0
          ],
          [
            -0.316297,
            0.0,
            0.94866
          ],
          [
            13898.3,
            33.6992,
            988.052
          ]
        ],
        "unit_class": "dynaf_universal_1line_c_snow",
        "objLayer": 2,
        "props": {
          "army": 1,
          "active": false
        }
      },
      {
        "name": "ft_t2_airfield_02_05",
        "tm": [
          [
            -0.956819,
            0.0,
            -0.290685
          ],
          [
            0.0,
            1.0,
            0.0
          ],
          [
            0.290685,
            0.0,
            -0.956819
          ],
          [
            -22384.7,
            66.0674,
            26517.8
          ]
        ],
        "unit_class": "dynaf_universal_1line_c_snow",
        "objLayer": 2,
        "props": {
          "army": 2,
          "active": false
        }
      },
      {
        "name": "ft_t2_airfield_03_05",
        "tm": [
          [
            -0.980998,
            0.0,
            0.194024
          ],
          [
            0.0,
            1.0,
            0.0
          ],
          [
            -0.194024,
            0.0,
            -0.980998
          ],
          [
            -14569.5,
            78.5649,
            14847.2
          ]
        ],
        "unit_class": "dynaf_universal_1line_c_snow",
        "objLayer": 2,
        "props": {
          "army": 2,
          "active": false
        }
      }
    ],
    "squad": [
      {
        "name": "ft_t1_airfields_squad",
        "tm": [
          [
            1.0,
            0.0,
            0.0
          ],
          [
            0.0,
            1.0,
            0.0
          ],
          [
            0.0,
            0.0,
            1.0
          ],
          [
            18059.2,
            3.85156,
            -37256.6
          ]
        ],
        "props": {
          "squad_members": [
            "ft_t1_airfield_01_01",
            "ft_t1_airfield_01_02",
            "ft_t1_airfield_01_03",
            "ft_t1_airfield_01_04",
            "ft_t1_airfield_01_05",
            "ft_t1_airfield_02_01",
            "ft_t1_airfield_02_02",
            "ft_t1_airfield_02_03",
            "ft_t1_airfield_02_04",
            "ft_t1_airfield_02_05",
            "ft_t1_airfield_03_01",
            "ft_t1_airfield_03_02",
            "ft_t1_airfield_03_03",
            "ft_t1_airfield_03_04",
            "ft_t1_airfield_03_05"
          ],
          "object_marking": 0
        }
      },
      {
        "name": "ft_t2_airfields_squad",
        "tm": [
          [
            1.0,
            0.0,
            0.0
          ],
          [
            0.0,
            1.0,
            0.0
          ],
          [
            0.0,
            0.0,
            1.0
          ],
          [
            -20413.4,
            140.348,
            -37610.6
          ]
        ],
        "props": {
          "squad_members": [
            "ft_t2_airfield_01_01",
            "ft_t2_airfield_01_02",
            "ft_t2_airfield_01_03",
            "ft_t2_airfield_02_01",
            "ft_t2_airfield_02_02",
            "ft_t2_airfield_02_03",
            "ft_t2_airfield_03_01",
            "ft_t2_airfield_03_02",
            "ft_t2_airfield_03_03",
            "ft_t2_airfield_01_04",
            "ft_t2_airfield_02_04",
            "ft_t2_airfield_03_04",
            "ft_t1_airfield_03_05",
            "ft_t2_airfield_02_05",
            "ft_t2_airfield_03_05"
          ],
          "object_marking": 0
        }
      }
    ]
  },
  "areas": {
    "ft_t2_airfield_01_01_bomb_zone": {
      "type": "Box",
      "tm": [
        [
          -3137.89,
          0.0,
          -627.385
        ],
        [
          0.0,
          1000.0,
          0.0
        ],
        [
          235.269,
          0.0,
          -1176.71
        ],
        [
          -27063.3,
          -59.997,
          28603.5
        ]
      ],
      "objLayer": 0,
      "props": {}
    },
    "ft_t2_airfield_01_02_bomb_zone": {
      "type": "Box",
      "tm": [
        [
          -3199.89,
          0.0,
          -26.3192
        ],
        [
          0.0,
          1000.0,
          0.0
        ],
        [
          9.87143,
          0.0,
          -1199.96
        ],
        [
          -28261.9,
          -41.842,
          -13087.5
        ]
      ],
      "objLayer": 0,
      "props": {}
    },
    "ft_t2_airfield_01_03_bomb_zone": {
      "type": "Box",
      "tm": [
        [
          2822.59,
          0.0,
          -1507.64
        ],
        [
          0.0,
          1000.0,
          0.0
        ],
        [
          565.365,
          0.0,
          1058.47
        ],
        [
          -27547.0,
          -23.4356,
          15014.3
        ]
      ],
      "objLayer": 0,
      "props": {}
    },
    "ft_t2_airfield_02_01_bomb_zone": {
      "type": "Box",
      "tm": [
        [
          3199.87,
          0.0,
          28.6354
        ],
        [
          0.0,
          1000.0,
          0.0
        ],
        [
          -10.7355,
          0.0,
          1199.95
        ],
        [
          -21310.9,
          -29.7329,
          5919.04
        ]
      ],
      "objLayer": 0,
      "props": {}
    },
    "ft_t2_airfield_02_02_bomb_zone": {
      "type": "Box",
      "tm": [
        [
          -3199.41,
          0.0,
          -61.432
        ],
        [
          0.0,
          1000.0,
          0.0
        ],
        [
          23.0385,
          0.0,
          -1199.78
        ],
        [
          -22040.0,
          19.6739,
          18479.2
        ]
      ],
      "objLayer": 0,
      "props": {}
    },
    "ft_t2_airfield_03_01_bomb_zone": {
      "type": "Box",
      "tm": [
        [
          -2991.44,
          0.0,
          1136.34
        ],
        [
          0.0,
          1000.0,
          0.0
        ],
        [
          -426.129,
          0.0,
          -1121.79
        ],
        [
          -14521.8,
          -60.0097,
          29345.6
        ]
      ],
      "objLayer": 0,
      "props": {}
    },
    "ft_t2_airfield_03_02_bomb_zone": {
      "type": "Box",
      "tm": [
        [
          3199.42,
          0.0,
          61.0371
        ],
        [
          0.0,
          1000.0,
          0.0
        ],
        [
          -22.8874,
          0.0,
          1199.79
        ],
        [
          -13152.0,
          -60.0143,
          -4785.08
        ]
      ],
      "objLayer": 0,
      "props": {}
    },
    "ft_t1_airfield_01_01_bomb_zone": {
      "type": "Box",
      "tm": [
        [
          3194.44,
          0.0,
          -188.505
        ],
        [
          0.0,
          1000.0,
          0.0
        ],
        [
          70.6896,
          0.0,
          1197.92
        ],
        [
          28208.8,
          -60.0,
          -24213.5
        ]
      ],
      "objLayer": 0,
      "props": {}
    },
    "ft_t1_airfield_01_03_bomb_zone": {
      "type": "Box",
      "tm": [
        [
          2902.42,
          0.0,
          -1347.58
        ],
        [
          0.0,
          1000.0,
          0.0
        ],
        [
          505.347,
          0.0,
          1088.4
        ],
        [
          28629.9,
          -71.3543,
          8730.79
        ]
      ],
      "objLayer": 0,
      "props": {}
    },
    "ft_t1_airfield_01_02_bomb_zone": {
      "type": "Box",
      "tm": [
        [
          3146.02,
          0.0,
          585.29
        ],
        [
          0.0,
          1000.0,
          0.0
        ],
        [
          -219.483,
          0.0,
          1179.76
        ],
        [
          28337.1,
          -34.4982,
          -1646.14
        ]
      ],
      "objLayer": 0,
      "props": {}
    },
    "ft_t1_airfield_02_01_bomb_zone": {
      "type": "Box",
      "tm": [
        [
          3090.96,
          0.0,
          -828.223
        ],
        [
          0.0,
          1000.0,
          0.0
        ],
        [
          310.583,
          0.0,
          1159.11
        ],
        [
          20762.1,
          -57.5575,
          -14739.4
        ]
      ],
      "objLayer": 0,
      "props": {}
    },
    "ft_t1_airfield_02_02_bomb_zone": {
      "type": "Box",
      "tm": [
        [
          3124.15,
          0.0,
          692.607
        ],
        [
          0.0,
          1000.0,
          0.0
        ],
        [
          -259.726,
          0.0,
          1171.56
        ],
        [
          20887.2,
          -43.0233,
          -25987.2
        ]
      ],
      "objLayer": 0,
      "props": {}
    },
    "ft_t1_airfield_03_01_bomb_zone": {
      "type": "Box",
      "tm": [
        [
          3151.38,
          0.0,
          555.674
        ],
        [
          0.0,
          1000.0,
          0.0
        ],
        [
          -208.378,
          0.0,
          1181.77
        ],
        [
          13618.7,
          -49.7011,
          -22133.7
        ]
      ],
      "objLayer": 0,
      "props": {}
    },
    "ft_t1_airfield_03_02_bomb_zone": {
      "type": "Box",
      "tm": [
        [
          3166.59,
          0.0,
          461.192
        ],
        [
          0.0,
          1000.0,
          0.0
        ],
        [
          -172.947,
          0.0,
          1187.47
        ],
        [
          14515.1,
          -18.4988,
          -10511.0
        ]
      ],
      "objLayer": 0,
      "props": {}
    },
    "ft_t1_airfield_01_01_spawn_01": {
      "type": "Point",
      "tm": [
        [
          0.835067,
          0.0,
          -0.550147
        ],
        [
          0.0,
          1.0,
          0.0
        ],
        [
          0.550147,
          0.0,
          0.835067
        ],
        [
          29194.7,
          48.0144,
          -24879.2
        ]
      ],
      "objLayer": 0,
      "props": {}
    },
    "ft_t1_airfield_01_01_spawn_02": {
      "type": "Point",
      "tm": [
        [
          0.835067,
          0.0,
          -0.550147
        ],
        [
          0.0,
          1.0,
          0.0
        ],
        [
          0.550147,
          0.0,
          0.835067
        ],
        [
          27000.2,
          36.0944,
          -24774.0
        ]
      ],
      "objLayer": 0,
      "props": {}
    },
    "ft_t1_airfield_01_01_spawn_03": {
      "type": "Point",
      "tm": [
        [
          0.835067,
          0.0,
          -0.550147
        ],
        [
          0.0,
          1.0,
          0.0
        ],
        [
          0.550147,
          0.0,
          0.835067
        ],
        [
          27445.3,
          42.093,
          -23693.1
        ]
      ],
      "objLayer": 0,
      "props": {}
    },
    "ft_t1_airfield_01_01_spawn_04": {
      "type": "Point",
      "tm": [
        [
          0.835067,
          0.0,
          -0.550147
        ],
        [
          0.0,
          1.0,
          0.0
        ],
        [
          0.550147,
          0.0,
          0.835067
        ],
        [
          29086.6,
          45.0033,
          -23761.9
        ]
      ],
      "objLayer": 0,
      "props": {}
    },
    "ft_t1_airfield_01_01_spawn_05": {
      "type": "Point",
      "tm": [
        [
          0.835067,
          0.0,
          -0.550147
        ],
        [
          0.0,
          1.0,
          0.0
        ],
        [
          0.550147,
          0.0,
          0.835067
        ],
        [
          27735.7,
          43.3036,
          -24823.3
        ]
      ],
      "objLayer": 0,
      "props": {}
    },
    "ft_t1_airfield_01_01_spawn_06": {
      "type": "Point",
      "tm": [
        [
          0.835067,
          0.0,
          -0.550147
        ],
        [
          0.0,
          1.0,
          0.0
        ],
        [
          0.550147,
          0.0,
          0.835067
        ],
        [
          27162.7,
          42.2044,
          -23682.6
        ]
      ],
      "objLayer": 0,
      "props": {}
    },
    "ft_t1_airfield_01_01_spawn_07": {
      "type": "Point",
      "tm": [
        [
          0.835067,
          0.0,
          -0.550147
        ],
        [
          0.0,
          1.0,
          0.0
        ],
        [
          0.550147,
          0.0,
          0.835067
        ],
        [
          28211.7,
          43.9585,
          -24846.4
        ]
      ],
      "objLayer": 0,
      "props": {}
    },
    "ft_t1_airfield_01_01_spawn_08": {
      "type": "Point",
      "tm": [
        [
          0.835067,
          0.0,
          -0.550147
        ],
        [
          0.0,
          1.0,
          0.0
        ],
        [
          0.550147,
          0.0,
          0.835067
        ],
        [
          28920.3,
          45.445,
          -24866.6
        ]
      ],
      "objLayer": 0,
      "props": {}
    },
    "ft_t1_airfield_01_01_spawn_09": {
      "type": "Point",
      "tm": [
        [
          0.835067,
          0.0,
          -0.550147
        ],
        [
          0.0,
          1.0,
          0.0
        ],
        [
          0.550147,
          0.0,
          0.835067
        ],
        [
          28068.8,
          41.0228,
          -23736.5
        ]
      ],
      "objLayer": 0,
      "props": {}
    },
    "ft_t1_airfield_01_01_spawn_10": {
      "type": "Point",
      "tm": [
        [
          0.835067,
          0.0,
          -0.550147
        ],
        [
          0.0,
          1.0,
          0.0
        ],
        [
          0.550147,
          0.0,
          0.835067
        ],
        [
          28412.6,
          43.4625,
          -23746.2
        ]
      ],
      "objLayer": 0,
      "props": {}
    },
    "ft_t1_airfield_01_01_spawn_11": {
      "type": "Point",
      "tm": [
        [
          0.835067,
          0.0,
          -0.550147
        ],
        [
          0.0,
          1.0,
          0.0
        ],
        [
          0.550147,
          0.0,
          0.835067
        ],
        [
          27944.5,
          43.998,
          -24839.8
        ]
      ],
      "objLayer": 0,
      "props": {}
    },
    "ft_t1_airfield_01_01_spawn_12": {
      "type": "Point",
      "tm": [
        [
          0.835067,
          0.0,
          -0.550147
        ],
        [
          0.0,
          1.0,
          0.0
        ],
        [
          0.550147,
          0.0,
          0.835067
        ],
        [
          27702.2,
          43.3774,
          -23712.1
        ]
      ],
      "objLayer": 0,
      "props": {}
    },
    "ft_t1_airfield_01_01_spawn_13": {
      "type": "Point",
      "tm": [
        [
          0.835067,
          0.0,
          -0.550147
        ],
        [
          0.0,
          1.0,
          0.0
        ],
        [
          0.550147,
          0.0,
          0.835067
        ],
        [
          28803.2,
          44.6714,
          -23752.8
        ]
      ],
      "objLayer": 0,
      "props": {}
    },
    "ft_t1_airfield_01_01_spawn_14": {
      "type": "Point",
      "tm": [
        [
          0.835067,
          0.0,
          -0.550147
        ],
        [
          0.0,
          1.0,
          0.0
        ],
        [
          0.550147,
          0.0,
          0.835067
        ],
        [
          26874.6,
          32.9484,
          -23685.8
        ]
      ],
      "objLayer": 0,
      "props": {}
    },
    "ft_t1_airfield_01_02_spawn_01": {
      "type": "Point",
      "tm": [
        [
          0.870689,
          0.0,
          -0.491833
        ],
        [
          0.0,
          1.0,
          0.0
        ],
        [
          0.491833,
          0.0,
          0.870689
        ],
        [
          29660.5,
          37.7638,
          -733.966
        ]
      ],
      "objLayer": 0,
      "props": {}
    },
    "ft_t1_airfield_01_02_spawn_02": {
      "type": "Point",
      "tm": [
        [
          0.870689,
          0.0,
          -0.491833
        ],
        [
          0.0,
          1.0,
          0.0
        ],
        [
          0.491833,
          0.0,
          0.870689
        ],
        [
          27191.6,
          33.1123,
          -1317.07
        ]
      ],
      "objLayer": 0,
      "props": {}
    },
    "ft_t1_airfield_01_02_spawn_03": {
      "type": "Point",
      "tm": [
        [
          0.870689,
          0.0,
          -0.491833
        ],
        [
          0.0,
          1.0,
          0.0
        ],
        [
          0.491833,
          0.0,
          0.870689
        ],
        [
          27820.0,
          36.6825,
          -2364.84
        ]
      ],
      "objLayer": 0,
      "props": {}
    },
    "ft_t1_airfield_01_02_spawn_04": {
      "type": "Point",
      "tm": [
        [
          0.870689,
          0.0,
          -0.491833
        ],
        [
          0.0,
          1.0,
          0.0
        ],
        [
          0.491833,
          0.0,
          0.870689
        ],
        [
          29522.3,
          34.2575,
          -2030.39
        ]
      ],
      "objLayer": 0,
      "props": {}
    },
    "ft_t1_airfield_01_02_spawn_05": {
      "type": "Point",
      "tm": [
        [
          0.870689,
          0.0,
          -0.491833
        ],
        [
          0.0,
          1.0,
          0.0
        ],
        [
          0.491833,
          0.0,
          0.870689
        ],
        [
          29261.1,
          38.2326,
          -817.686
        ]
      ],
      "objLayer": 0,
      "props": {}
    },
    "ft_t1_airfield_01_02_spawn_06": {
      "type": "Point",
      "tm": [
        [
          0.870689,
          0.0,
          -0.491833
        ],
        [
          0.0,
          1.0,
          0.0
        ],
        [
          0.491833,
          0.0,
          0.870689
        ],
        [
          28191.9,
          33.5046,
          -1084.83
        ]
      ],
      "objLayer": 0,
      "props": {}
    },
    "ft_t1_airfield_01_02_spawn_07": {
      "type": "Point",
      "tm": [
        [
          0.870689,
          0.0,
          -0.491833
        ],
        [
          0.0,
          1.0,
          0.0
        ],
        [
          0.491833,
          0.0,
          0.870689
        ],
        [
          27516.6,
          32.9244,
          -1245.13
        ]
      ],
      "objLayer": 0,
      "props": {}
    },
    "ft_t1_airfield_01_02_spawn_08": {
      "type": "Point",
      "tm": [
        [
          0.870689,
          0.0,
          -0.491833
        ],
        [
          0.0,
          1.0,
          0.0
        ],
        [
          0.491833,
          0.0,
          0.870689
        ],
        [
          27997.6,
          33.0912,
          -2338.16
        ]
      ],
      "objLayer": 0,
      "props": {}
    },
    "ft_t1_airfield_01_02_spawn_09": {
      "type": "Point",
      "tm": [
        [
          0.870689,
          0.0,
          -0.491833
        ],
        [
          0.0,
          1.0,
          0.0
        ],
        [
          0.491833,
          0.0,
          0.870689
        ],
        [
          29196.7,
          34.6422,
          -2123.31
        ]
      ],
      "objLayer": 0,
      "props": {}
    },
    "ft_t1_airfield_01_02_spawn_10": {
      "type": "Point",
      "tm": [
        [
          0.870689,
          0.0,
          -0.491833
        ],
        [
          0.0,
          1.0,
          0.0
        ],
        [
          0.491833,
          0.0,
          0.870689
        ],
        [
          27838.5,
          32.3343,
          -1182.05
        ]
      ],
      "objLayer": 0,
      "props": {}
    },
    "ft_t1_airfield_01_02_spawn_11": {
      "type": "Point",
      "tm": [
        [
          0.870689,
          0.0,
          -0.491833
        ],
        [
          0.0,
          1.0,
          0.0
        ],
        [
          0.491833,
          0.0,
          0.870689
        ],
        [
          27577.6,
          36.6111,
          -2405.44
        ]
      ],
      "objLayer": 0,
      "props": {}
    },
    "ft_t1_airfield_01_02_spawn_12": {
      "type": "Point",
      "tm": [
        [
          0.870689,
          0.0,
          -0.491833
        ],
        [
          0.0,
          1.0,
          0.0
        ],
        [
          0.491833,
          0.0,
          0.870689
        ],
        [
          28680.3,
          33.3185,
          -2216.58
        ]
      ],
      "objLayer": 0,
      "props": {}
    },
    "ft_t1_airfield_01_02_spawn_13": {
      "type": "Point",
      "tm": [
        [
          0.870689,
          0.0,
          -0.491833
        ],
        [
          0.0,
          1.0,
          0.0
        ],
        [
          0.491833,
          0.0,
          0.870689
        ],
        [
          28521.5,
          35.4095,
          -974.299
        ]
      ],
      "objLayer": 0,
      "props": {}
    },
    "ft_t1_airfield_01_02_spawn_14": {
      "type": "Point",
      "tm": [
        [
          0.870689,
          0.0,
          -0.491833
        ],
        [
          0.0,
          1.0,
          0.0
        ],
        [
          0.491833,
          0.0,
          0.870689
        ],
        [
          28859.7,
          36.7062,
          -873.64
        ]
      ],
      "objLayer": 0,
      "props": {}
    },
    "ft_t1_airfield_01_03_spawn_01": {
      "type": "Point",
      "tm": [
        [
          0.842916,
          0.0,
          0.538044
        ],
        [
          0.0,
          1.0,
          0.0
        ],
        [
          -0.538044,
          0.0,
          0.842916
        ],
        [
          27341.1,
          18.0801,
          8744.46
        ]
      ],
      "objLayer": 0,
      "props": {}
    },
    "ft_t1_airfield_01_03_spawn_02": {
      "type": "Point",
      "tm": [
        [
          0.842916,
          0.0,
          0.538044
        ],
        [
          0.0,
          1.0,
          0.0
        ],
        [
          -0.538044,
          0.0,
          0.842916
        ],
        [
          29035.9,
          23.8393,
          7939.33
        ]
      ],
      "objLayer": 0,
      "props": {}
    },
    "ft_t1_airfield_01_03_spawn_03": {
      "type": "Point",
      "tm": [
        [
          0.842916,
          0.0,
          0.538044
        ],
        [
          0.0,
          1.0,
          0.0
        ],
        [
          -0.538044,
          0.0,
          0.842916
