{
  "selected_tag": "",
  "bin_dump_file": "",
  "mission_settings": {
    "player": {
      "army": 1,
      "wing": "ft_armada"
    },
    "player_teamB": {
      "army": 2
    },
    "mission": {
      "type": "singleMission",
      "level": "levels/tunisia.bin",
      "environment": "Day",
      "weather": "hazy",
      "restoreType": "attempts",
      "optionalTakeOff": false
    },
    "spectator_points": {}
  },
  "imports": {},
  "triggers": {
    "isCategory": true,
    "is_enabled": true,
    "fields_high_start": {
      "is_enabled": true,
      "comments": "",
      "props": {
        "actionsType": "PERFORM_ONE_BY_ONE",
        "conditionsType": "ALL",
        "enableAfterComplete": false
      },
      "events": {
        "initMission": {}
      },
      "conditions": {},
      "actions": {
        "varSetInt": [
          {
            "value": 0,
            "var": [
              "ft_t1_max_near_airfields_count",
              "ft_t2_max_near_airfields_count"
            ]
          },
          {
            "value": 0,
            "var": [
              "ft_t1_max_mid_airfields_count",
              "ft_t2_max_mid_airfields_count"
            ]
          },
          {
            "value": 3,
            "var": [
              "ft_t1_max_far_airfields_count",
              "ft_t2_max_far_airfields_count"
            ]
          }
        ],
        "comment": {
          "value": ""
        },
        "varSetReal": {
          "value": 10000.0,
          "var": "ft_generate_distance_between"
        }
      },
      "else_actions": {}
    }
  },
  "mission_objectives": {
    "isCategory": true,
    "is_enabled": true
  },
  "variables": {},
  "dialogs": {},
  "airfields": {},
  "effects": {},
  "units": {
    "squad": [
      {
        "name": "ft_t1_airfields_squad",
        "tm": [
          [
            -1.0,
            0.0,
            -5.96046E-08
          ],
          [
            0.0,
            1.0,
            0.0
          ],
          [
            5.96046E-08,
            0.0,
            -1.0
          ],
          [
            33648.8,
            3.85156,
            -21078.7
          ]
        ],
        "props": {
          "squad_members": [
            "ft_t1_airfield_01_01",
            "ft_t1_airfield_01_02",
            "ft_t1_airfield_01_03",
            "ft_t1_airfield_01_04",
            "ft_t1_airfield_02_01",
            "ft_t1_airfield_02_02",
            "ft_t1_airfield_02_03",
            "ft_t1_airfield_02_04"
          ],
          "object_marking": 0
        }
      },
      {
        "name": "ft_t2_airfields_squad",
        "tm": [
          [
            -1.0,
            0.0,
            -5.96046E-08
          ],
          [
            0.0,
            1.0,
            0.0
          ],
          [
            5.96046E-08,
            0.0,
            -1.0
          ],
          [
            31281.2,
            140.346,
            17414.9
          ]
        ],
        "props": {
          "squad_members": [
            "ft_t2_airfield_01_01",
            "ft_t2_airfield_01_02",
            "ft_t2_airfield_01_03",
            "ft_t2_airfield_01_04",
            "ft_t2_airfield_02_01",
            "ft_t2_airfield_02_02",
            "ft_t2_airfield_02_03",
            "ft_t2_airfield_02_04"
          ],
          "object_marking": 0
        }
      }
    ],
    "objectGroups": [
      {
        "name": "ft_t1_airfield_02_01",
        "tm": [
          [
            0.266859,
            0.0,
            -0.963736
          ],
          [
            0.0,
            1.0,
            0.0
          ],
          [
            0.963736,
            0.0,
            0.266859
          ],
          [
            5685.77,
            42.0188,
            -19104.3
          ]
        ],
        "unit_class": "dynaf_universal_1line_3000_a",
        "objLayer": 2,
        "props": {
          "army": 1,
          "active": false
        }
      },
      {
        "name": "ft_t1_airfield_02_02",
        "tm": [
          [
            -0.0248641,
            0.0,
            -0.999691
          ],
          [
            0.0,
            1.0,
            0.0
          ],
          [
            0.999691,
            0.0,
            -0.0248641
          ],
          [
            -5799.48,
            256.714,
            -19038.9
          ]
        ],
        "unit_class": "dynaf_universal_1line_3000_a",
        "objLayer": 2,
        "props": {
          "army": 1,
          "active": false
        }
      },
      {
        "name": "ft_t1_airfield_02_03",
        "tm": [
          [
            -0.111826,
            0.0,
            -0.993728
          ],
          [
            0.0,
            1.0,
            0.0
          ],
          [
            0.993728,
            0.0,
            -0.111826
          ],
          [
            -16797.8,
            84.4871,
            -19472.2
          ]
        ],
        "unit_class": "dynaf_universal_1line_3000_a",
        "objLayer": 2,
        "props": {
          "army": 1,
          "active": false
        }
      },
      {
        "name": "ft_t1_airfield_02_04",
        "tm": [
          [
            -0.258521,
            0.0,
            -0.966006
          ],
          [
            0.0,
            1.0,
            0.0
          ],
          [
            0.966006,
            0.0,
            -0.258521
          ],
          [
            -24303.1,
            95.4678,
            -18421.0
          ]
        ],
        "unit_class": "dynaf_universal_1line_3000_a",
        "objLayer": 2,
        "props": {
          "army": 1,
          "active": false
        }
      },
      {
        "name": "ft_t1_airfield_01_01",
        "tm": [
          [
            0.506054,
            0.0,
            -0.862502
          ],
          [
            0.0,
            1.0,
            0.0
          ],
          [
            0.862502,
            0.0,
            0.506054
          ],
          [
            12133.5,
            10.5068,
            -24676.2
          ]
        ],
        "unit_class": "dynaf_universal_1line_3000_a",
        "objLayer": 2,
        "props": {
          "army": 1,
          "active": false
        }
      },
      {
        "name": "ft_t1_airfield_01_02",
        "tm": [
          [
            -0.209596,
            0.0,
            -0.977788
          ],
          [
            0.0,
            1.0,
            0.0
          ],
          [
            0.977788,
            0.0,
            -0.209596
          ],
          [
            2351.95,
            129.453,
            -25309.7
          ]
        ],
        "unit_class": "dynaf_universal_1line_3000_a",
        "objLayer": 2,
        "props": {
          "army": 1,
          "active": false
        }
      },
      {
        "name": "ft_t1_airfield_01_03",
        "tm": [
          [
            -0.0801757,
            0.0,
            -0.996781
          ],
          [
            0.0,
            1.0,
            0.0
          ],
          [
            0.996781,
            0.0,
            -0.0801757
          ],
          [
            -10350.8,
            109.138,
            -24998.3
          ]
        ],
        "unit_class": "dynaf_universal_1line_3000_a",
        "objLayer": 2,
        "props": {
          "army": 1,
          "active": false
        }
      },
      {
        "name": "ft_t1_airfield_01_04",
        "tm": [
          [
            -0.41626,
            0.0,
            -0.909246
          ],
          [
            0.0,
            1.0,
            0.0
          ],
          [
            0.909246,
            0.0,
            -0.41626
          ],
          [
            -22666.4,
            87.1055,
            -24923.3
          ]
        ],
        "unit_class": "dynaf_universal_1line_3000_a",
        "objLayer": 2,
        "props": {
          "army": 1,
          "active": false
        }
      },
      {
        "name": "ft_t2_airfield_02_01",
        "tm": [
          [
            -0.0481589,
            0.0,
            0.998839
          ],
          [
            0.0,
            1.0,
            0.0
          ],
          [
            -0.998839,
            0.0,
            -0.0481589
          ],
          [
            -22904.0,
            83.7236,
            18055.0
          ]
        ],
        "unit_class": "dynaf_universal_1line_3000_a",
        "objLayer": 2,
        "props": {
          "army": 2,
          "active": false
        }
      },
      {
        "name": "ft_t2_airfield_02_02",
        "tm": [
          [
            -0.112069,
            0.0,
            0.9937
          ],
          [
            0.0,
            1.0,
            0.0
          ],
          [
            -0.9937,
            0.0,
            -0.112069
          ],
          [
            -15452.4,
            95.5679,
            18338.9
          ]
        ],
        "unit_class": "dynaf_universal_1line_3000_a",
        "objLayer": 2,
        "props": {
          "army": 2,
          "active": false
        }
      },
      {
        "name": "ft_t2_airfield_02_03",
        "tm": [
          [
            -0.0116775,
            0.0,
            0.999932
          ],
          [
            0.0,
            1.0,
            0.0
          ],
          [
            -0.999932,
            0.0,
            -0.0116775
          ],
          [
            -7895.62,
            152.658,
            18957.0
          ]
        ],
        "unit_class": "dynaf_universal_1line_3000_a",
        "objLayer": 2,
        "props": {
          "army": 2,
          "active": false
        }
      },
      {
        "name": "ft_t2_airfield_02_04",
        "tm": [
          [
            0.0464625,
            0.0,
            0.99892
          ],
          [
            0.0,
            1.0,
            0.0
          ],
          [
            -0.99892,
            0.0,
            0.0464625
          ],
          [
            3197.97,
            51.4399,
            19113.1
          ]
        ],
        "unit_class": "dynaf_universal_1line_3000_a",
        "objLayer": 2,
        "props": {
          "army": 2,
          "active": false
        }
      },
      {
        "name": "ft_t2_airfield_01_01",
        "tm": [
          [
            0.497425,
            0.0,
            0.867507
          ],
          [
            0.0,
            1.0,
            0.0
          ],
          [
            -0.867507,
            0.0,
            0.497425
          ],
          [
            10019.8,
            9.17969,
            25333.9
          ]
        ],
        "unit_class": "dynaf_universal_1line_3000_a",
        "objLayer": 2,
        "props": {
          "army": 2,
          "active": false
        }
      },
      {
        "name": "ft_t2_airfield_01_02",
        "tm": [
          [
            -0.292226,
            0.0,
            0.956349
          ],
          [
            0.0,
            1.0,
            0.0
          ],
          [
            -0.956349,
            0.0,
            -0.292226
          ],
          [
            -24051.1,
            60.7982,
            24140.1
          ]
        ],
        "unit_class": "dynaf_universal_1line_3000_a",
        "objLayer": 2,
        "props": {
          "army": 2,
          "active": false
        }
      },
      {
        "name": "ft_t2_airfield_01_03",
        "tm": [
          [
            0.0169497,
            0.0,
            0.999856
          ],
          [
            0.0,
            1.0,
            0.0
          ],
          [
            -0.999856,
            0.0,
            0.0169497
          ],
          [
            -13313.1,
            85.5176,
            25268.5
          ]
        ],
        "unit_class": "dynaf_universal_1line_3000_a",
        "objLayer": 2,
        "props": {
          "army": 2,
          "active": false
        }
      },
      {
        "name": "ft_t2_airfield_01_04",
        "tm": [
          [
            -0.0106404,
            0.0,
            0.999943
          ],
          [
            0.0,
            1.0,
            0.0
          ],
          [
            -0.999943,
            0.0,
            -0.0106404
          ],
          [
            -4157.39,
            186.35,
            25707.4
          ]
        ],
        "unit_class": "dynaf_universal_1line_3000_a",
        "objLayer": 2,
        "props": {
          "army": 2,
          "active": false
        }
      }
    ]
  },
  "areas": {
    "flt_center_high_area": {
      "type": "Box",
      "tm": [
        [
          75000.0,
          0.0,
          0.0
        ],
        [
          0.0,
          126.12,
          0.0
        ],
        [
          0.0,
          0.0,
          20000.0
        ],
        [
          0.0,
          0.0,
          0.0
        ]
      ],
      "objLayer": 4,
      "props": {}
    },
    "flt_high_border": {
      "type": "Box",
      "tm": [
        [
          58000.0,
          0.0,
          0.0
        ],
        [
          0.0,
          126.12,
          0.0
        ],
        [
          0.0,
          0.0,
          58000.0
        ],
        [
          0.0,
          0.0,
          0.0
        ]
      ],
      "objLayer": 4,
      "props": {}
    },
    "ft_t1_airfield_02_01_bomb_zone": {
      "type": "Box",
      "tm": [
        [
          859.108,
          0.0,
          -3082.52
        ],
        [
          0.0,
          450.0,
          0.0
        ],
        [
          1155.94,
          0.0,
          322.167
        ],
        [
          5685.8,
          -8.4663,
          -19104.3
        ]
      ],
      "objLayer": 0,
      "props": {}
    },
    "ft_t1_airfield_02_01_spawn_01": {
      "type": "Point",
      "tm": [
        [
          1.0,
          0.0,
          0.0
        ],
        [
          0.0,
          1.0,
          0.0
        ],
        [
          0.0,
          0.0,
          1.0
        ],
        [
          4899.37,
          39.332,
          -18303.2
        ]
      ],
      "objLayer": 0,
      "props": {}
    },
    "ft_t1_airfield_02_01_spawn_02": {
      "type": "Point",
      "tm": [
        [
          1.0,
          0.0,
          0.0
        ],
        [
          0.0,
          1.0,
          0.0
        ],
        [
          0.0,
          0.0,
          1.0
        ],
        [
          4875.97,
          39.7232,
          -18600.3
        ]
      ],
      "objLayer": 0,
      "props": {}
    },
    "ft_t1_airfield_02_01_spawn_03": {
      "type": "Point",
      "tm": [
        [
          1.0,
          0.0,
          0.0
        ],
        [
          0.0,
          1.0,
          0.0
        ],
        [
          0.0,
          0.0,
          1.0
        ],
        [
          5090.16,
          39.8608,
          -18773.4
        ]
      ],
      "objLayer": 0,
      "props": {}
    },
    "ft_t1_airfield_02_01_spawn_04": {
      "type": "Point",
      "tm": [
        [
          1.0,
          0.0,
          0.0
        ],
        [
          0.0,
          1.0,
          0.0
        ],
        [
          0.0,
          0.0,
          1.0
        ],
        [
          4988.01,
          40.2732,
          -19079.4
        ]
      ],
      "objLayer": 0,
      "props": {}
    },
    "ft_t1_airfield_02_01_spawn_05": {
      "type": "Point",
      "tm": [
        [
          1.0,
          0.0,
          0.0
        ],
        [
          0.0,
          1.0,
          0.0
        ],
        [
          0.0,
          0.0,
          1.0
        ],
        [
          5229.19,
          45.0767,
          -19252.6
        ]
      ],
      "objLayer": 0,
      "props": {}
    },
    "ft_t1_airfield_02_01_spawn_06": {
      "type": "Point",
      "tm": [
        [
          1.0,
          0.0,
          0.0
        ],
        [
          0.0,
          1.0,
          0.0
        ],
        [
          0.0,
          0.0,
          1.0
        ],
        [
          5147.35,
          50.7429,
          -19620.6
        ]
      ],
      "objLayer": 0,
      "props": {}
    },
    "ft_t1_airfield_02_01_spawn_07": {
      "type": "Point",
      "tm": [
        [
          1.0,
          0.0,
          0.0
        ],
        [
          0.0,
          1.0,
          0.0
        ],
        [
          0.0,
          0.0,
          1.0
        ],
        [
          5418.12,
          52.8919,
          -19897.7
        ]
      ],
      "objLayer": 0,
      "props": {}
    },
    "ft_t1_airfield_02_01_spawn_08": {
      "type": "Point",
      "tm": [
        [
          1.0,
          0.0,
          0.0
        ],
        [
          0.0,
          1.0,
          0.0
        ],
        [
          0.0,
          0.0,
          1.0
        ],
        [
          6412.23,
          45.8169,
          -19616.9
        ]
      ],
      "objLayer": 0,
      "props": {}
    },
    "ft_t1_airfield_02_01_spawn_09": {
      "type": "Point",
      "tm": [
        [
          1.0,
          0.0,
          0.0
        ],
        [
          0.0,
          1.0,
          0.0
        ],
        [
          0.0,
          0.0,
          1.0
        ],
        [
          6501.11,
          40.29,
          -19282.0
        ]
      ],
      "objLayer": 0,
      "props": {}
    },
    "ft_t1_airfield_02_01_spawn_10": {
      "type": "Point",
      "tm": [
        [
          1.0,
          0.0,
          0.0
        ],
        [
          0.0,
          1.0,
          0.0
        ],
        [
          0.0,
          0.0,
          1.0
        ],
        [
          6206.1,
          39.2463,
          -18913.8
        ]
      ],
      "objLayer": 0,
      "props": {}
    },
    "ft_t1_airfield_02_01_spawn_11": {
      "type": "Point",
      "tm": [
        [
          1.0,
          0.0,
          0.0
        ],
        [
          0.0,
          1.0,
          0.0
        ],
        [
          0.0,
          0.0,
          1.0
        ],
        [
          6289.98,
          34.9273,
          -18636.1
        ]
      ],
      "objLayer": 0,
      "props": {}
    },
    "ft_t1_airfield_02_01_spawn_12": {
      "type": "Point",
      "tm": [
        [
          1.0,
          0.0,
          0.0
        ],
        [
          0.0,
          1.0,
          0.0
        ],
        [
          0.0,
          0.0,
          1.0
        ],
        [
          6068.54,
          35.127,
          -18457.6
        ]
      ],
      "objLayer": 0,
      "props": {}
    },
    "ft_t1_airfield_02_01_spawn_13": {
      "type": "Point",
      "tm": [
        [
          1.0,
          0.0,
          0.0
        ],
        [
          0.0,
          1.0,
          0.0
        ],
        [
          0.0,
          0.0,
          1.0
        ],
        [
          6169.95,
          34.5285,
          -18171.1
        ]
      ],
      "objLayer": 0,
      "props": {}
    },
    "ft_t1_airfield_02_01_spawn_14": {
      "type": "Point",
      "tm": [
        [
          1.0,
          0.0,
          0.0
        ],
        [
          0.0,
          1.0,
          0.0
        ],
        [
          0.0,
          0.0,
          1.0
        ],
        [
          5986.17,
          35.2454,
          -17985.2
        ]
      ],
      "objLayer": 0,
      "props": {}
    },
    "ft_t1_airfield_02_02_bomb_zone": {
      "type": "Box",
      "tm": [
        [
          -107.478,
          0.0,
          -3198.19
        ],
        [
          0.0,
          450.0,
          0.0
        ],
        [
          1199.32,
          0.0,
          -40.303
        ],
        [
          -5799.5,
          206.176,
          -19038.9
        ]
      ],
      "objLayer": 0,
      "props": {}
    },
    "ft_t1_airfield_02_02_spawn_01": {
      "type": "Point",
      "tm": [
        [
          0.877763,
          0.0,
          0.479095
        ],
        [
          0.0,
          1.0,
          0.0
        ],
        [
          -0.479095,
          0.0,
          0.877763
        ],
        [
          -6520.36,
          255.777,
          -18132.3
        ]
      ],
      "objLayer": 0,
      "props": {}
    },
    "ft_t1_airfield_02_02_spawn_02": {
      "type": "Point",
      "tm": [
        [
          0.877763,
          0.0,
          0.479095
        ],
        [
          0.0,
          1.0,
          0.0
        ],
        [
          -0.479095,
          0.0,
          0.877763
        ],
        [
          -6428.69,
          246.83,
          -18345.1
        ]
      ],
      "objLayer": 0,
      "props": {}
    },
    "ft_t1_airfield_02_02_spawn_03": {
      "type": "Point",
      "tm": [
        [
          0.877763,
          0.0,
          0.479095
        ],
        [
          0.0,
          1.0,
          0.0
        ],
        [
          -0.479095,
          0.0,
          0.877763
        ],
        [
          -6602.06,
          250.224,
          -18580.7
        ]
      ],
      "objLayer": 0,
      "props": {}
    },
    "ft_t1_airfield_02_02_spawn_04": {
      "type": "Point",
      "tm": [
        [
          0.877763,
          0.0,
          0.479095
        ],
        [
          0.0,
          1.0,
          0.0
        ],
        [
          -0.479095,
          0.0,
          0.877763
        ],
        [
          -6454.56,
          244.582,
          -18878.6
        ]
      ],
      "objLayer": 0,
      "props": {}
    },
    "ft_t1_airfield_02_02_spawn_05": {
      "type": "Point",
      "tm": [
        [
          0.877763,
          0.0,
          0.479095
        ],
        [
          0.0,
          1.0,
          0.0
        ],
        [
          -0.479095,
          0.0,
          0.877763
        ],
        [
          -6674.43,
          241.731,
          -19197.2
        ]
      ],
      "objLayer": 0,
      "props": {}
    },
    "ft_t1_airfield_02_02_spawn_06": {
      "type": "Point",
      "tm": [
        [
          0.877763,
          0.0,
          0.479095
        ],
        [
          0.0,
          1.0,
          0.0
        ],
        [
          -0.479095,
          0.0,
          0.877763
        ],
        [
          -6440.54,
          247.015,
          -19488.1
        ]
      ],
      "objLayer": 0,
      "props": {}
    },
    "ft_t1_airfield_02_02_spawn_07": {
      "type": "Point",
      "tm": [
        [
          0.877763,
          0.0,
          0.479095
        ],
        [
          0.0,
          1.0,
          0.0
        ],
        [
          -0.479095,
          0.0,
          0.877763
        ],
        [
          -6659.27,
          241.509,
          -19838.5
        ]
      ],
      "objLayer": 0,
      "props": {}
    },
    "ft_t1_airfield_02_02_spawn_08": {
      "type": "Point",
      "tm": [
        [
          0.877763,
          0.0,
          0.479095
        ],
        [
          0.0,
          1.0,
          0.0
        ],
        [
          -0.479095,
          0.0,
          0.877763
        ],
        [
          -5276.31,
          278.164,
          -19925.7
        ]
      ],
      "objLayer": 0,
      "props": {}
    },
    "ft_t1_airfield_02_02_spawn_09": {
      "type": "Point",
      "tm": [
        [
          0.877763,
          0.0,
          0.479095
        ],
        [
          0.0,
          1.0,
          0.0
        ],
        [
          -0.479095,
          0.0,
          0.877763
        ],
        [
          -5079.68,
          293.303,
          -19524.6
        ]
      ],
      "objLayer": 0,
      "props": {}
    },
    "ft_t1_airfield_02_02_spawn_10": {
      "type": "Point",
      "tm": [
        [
          0.877763,
          0.0,
          0.479095
        ],
        [
          0.0,
          1.0,
          0.0
        ],
        [
          -0.479095,
          0.0,
          0.877763
        ],
        [
          -5298.92,
          274.437,
          -19274.2
        ]
      ],
      "objLayer": 0,
      "props": {}
    },
    "ft_t1_airfield_02_02_spawn_11": {
      "type": "Point",
      "tm": [
        [
          0.877763,
          0.0,
          0.479095
        ],
        [
          0.0,
          1.0,
          0.0
        ],
        [
          -0.479095,
          0.0,
          0.877763
        ],
        [
          -5063.87,
          284.441,
          -19063.5
        ]
      ],
      "objLayer": 0,
      "props": {}
    },
    "ft_t1_airfield_02_02_spawn_12": {
      "type": "Point",
      "tm": [
        [
          0.877763,
          0.0,
          0.479095
        ],
        [
          0.0,
          1.0,
          0.0
        ],
        [
          -0.479095,
          0.0,
          0.877763
        ],
        [
          -5272.37,
          272.77,
          -18777.2
        ]
      ],
      "objLayer": 0,
      "props": {}
    },
    "ft_t1_airfield_02_02_spawn_13": {
      "type": "Point",
      "tm": [
        [
          0.877763,
          0.0,
          0.479095
        ],
        [
          0.0,
          1.0,
          0.0
        ],
        [
          -0.479095,
          0.0,
          0.877763
        ],
        [
          -5045.58,
          280.927,
          -18520.5
        ]
      ],
      "objLayer": 0,
      "props": {}
    },
    "ft_t1_airfield_02_02_spawn_14": {
      "type": "Point",
      "tm": [
        [
          0.877763,
          0.0,
          0.479095
        ],
        [
          0.0,
          1.0,
          0.0
        ],
        [
          -0.479095,
          0.0,
          0.877763
        ],
        [
          -5268.07,
          271.199,
          -18201.0
        ]
      ],
      "objLayer": 0,
      "props": {}
    },
    "ft_t1_airfield_02_03_bomb_zone": {
      "type": "Box",
      "tm": [
        [
          -380.395,
          0.0,
          -3177.31
        ],
        [
          0.0,
          450.0,
          0.0
        ],
        [
          1191.49,
          0.0,
          -142.649
        ],
        [
          -16797.8,
          34.0292,
          -19472.2
        ]
      ],
      "objLayer": 0,
      "props": {}
    },
    "ft_t1_airfield_02_03_spawn_01": {
      "type": "Point",
      "tm": [
        [
          0.876017,
          0.0,
          0.48228
        ],
        [
          0.0,
          1.0,
          0.0
        ],
        [
          -0.48228,
          0.0,
          0.876017
        ],
        [
          -17251.8,
          73.6948,
          -18461.1
        ]
      ],
      "objLayer": 0,
      "props": {}
    },
    "ft_t1_airfield_02_03_spawn_02": {
      "type": "Point",
      "tm": [
        [
          0.876017,
          0.0,
          0.48228
        ],
        [
          0.0,
          1.0,
          0.0
        ],
        [
          -0.48228,
          0.0,
          0.876017
        ],
        [
          -17417.9,
          69.0648,
          -18777.1
        ]
      ],
      "objLayer": 0,
      "props": {}
    },
    "ft_t1_airfield_02_03_spawn_03": {
      "type": "Point",
      "tm": [
        [
          0.876017,
          0.0,
          0.48228
        ],
        [
          0.0,
          1.0,
          0.0
        ],
        [
          -0.48228,
          0.0,
          0.876017
        ],
        [
          -17323.7,
          74.442,
          -19022.5
        ]
      ],
      "objLayer": 0,
      "props": {}
    },
    "ft_t1_airfield_02_03_spawn_04": {
      "type": "Point",
      "tm": [
        [
          0.876017,
          0.0,
          0.48228
        ],
        [
          0.0,
          1.0,
          0.0
        ],
        [
          -0.48228,
          0.0,
          0.876017
        ],
        [
          -17461.1,
          67.3408,
          -19288.4
        ]
      ],
      "objLayer": 0,
      "props": {}
    },
    "ft_t1_airfield_02_03_spawn_05": {
      "type": "Point",
      "tm": [
        [
          0.876017,
          0.0,
          0.48228
        ],
        [
          0.0,
          1.0,
          0.0
        ],
        [
          -0.48228,
          0.0,
          0.876017
        ],
        [
          -17354.9,
          74.2999,
          -19514.7
        ]
      ],
      "objLayer": 0,
      "props": {}
    },
    "ft_t1_airfield_02_03_spawn_06": {
      "type": "Point",
      "tm": [
        [
          0.876017,
          0.0,
          0.48228
        ],
        [
          0.0,
          1.0,
          0.0
        ],
        [
          -0.48228,
          0.0,
          0.876017
        ],
        [
          -17467.8,
          74.7289,
          -19810.4
        ]
      ],
      "objLayer": 0,
      "props": {}
    },
    "ft_t1_airfield_02_03_spawn_07": {
      "type": "Point",
      "tm": [
        [
          0.876017,
          0.0,
          0.48228
        ],
        [
          0.0,
          1.0,
          0.0
        ],
        [
          -0.48228,
          0.0,
          0.876017
        ],
        [
          -17405.0,
          77.3971,
          -20260.0
        ]
      ],
      "objLayer": 0,
      "props": {}
    },
    "ft_t1_airfield_02_03_spawn_08": {
      "type": "Point",
      "tm": [
        [
          0.876017,
          0.0,
          0.48228
        ],
        [
          0.0,
          1.0,
          0.0
        ],
        [
          -0.48228,
          0.0,
          0.876017
        ],
        [
          -16484.6,
          91.3445,
          -20364.6
        ]
      ],
      "objLayer": 0,
      "props": {}
    },
    "ft_t1_airfield_02_03_spawn_09": {
      "type": "Point",
      "tm": [
        [
          0.876017,
          0.0,
          0.48228
        ],
        [
          0.0,
          1.0,
          0.0
        ],
        [
          -0.48228,
          0.0,
          0.876017
        ],
        [
          -16302.5,
          92.5077,
          -20053.3
        ]
      ],
      "objLayer": 0,
      "props": {}
    },
    "ft_t1_airfield_02_03_spawn_10": {
      "type": "Point",
      "tm": [
        [
          0.876017,
          0.0,
          0.48228
        ],
        [
          0.0,
          1.0,
          0.0
        ],
        [
          -0.48228,
          0.0,
          0.876017
        ],
        [
          -16395.1,
          90.7248,
          -19759.6
        ]
      ],
      "objLayer": 0,
      "props": {}
    },
    "ft_t1_airfield_02_03_spawn_11": {
      "type": "Point",
      "tm": [
        [
          0.876017,
          0.0,
          0.48228
        ],
        [
          0.0,
          1.0,
          0.0
        ],
        [
          -0.48228,
          0.0,
          0.876017
        ],
        [
          -16147.8,
          89.4992,
          -19449.2
        ]
      ],
      "objLayer": 0,
      "props": {}
    },
    "ft_t1_airfield_02_03_spawn_12": {
      "type": "Point",
      "tm": [
        [
          0.876017,
          0.0,
          0.48228
        ],
        [
          0.0,
          1.0,
          0.0
        ],
        [
          -0.48228,
          0.0,
          0.876017
        ],
        [
          -16287.3,
          89.742,
          -19222.0
        ]
      ],
      "objLayer": 0,
      "props": {}
    },
    "ft_t1_airfield_02_03_spawn_13": {
      "type": "Point",
      "tm": [
        [
          0.876017,
          0.0,
          0.48228
        ],
        [
          0.0,
          1.0,
          0.0
        ],
        [
          -0.48228,
          0.0,
          0.876017
        ],
        [
          -16067.8,
          94.2931,
          -18956.7
        ]
      ],
      "objLayer": 0,
      "props": {}
    },
    "ft_t1_airfield_02_03_spawn_14": {
      "type": "Point",
      "tm": [
        [
          0.876017,
          0.0,
          0.48228
        ],
        [
          0.0,
          1.0,
          0.0
        ],
        [
          -0.48228,
          0.0,
          0.876017
        ],
        [
          -16211.9,
          92.7589,
          -18606.8
        ]
      ],
      "objLayer": 0,
      "props": {}
    },
    "ft_t1_airfield_02_04_bomb_zone": {
      "type": "Box",
      "tm": [
        [
          742.53,
          0.0,
          3112.66
        ],
        [
          0.0,
          450.0,
          0.0
        ],
        [
          -1167.25,
          0.0,
          278.447
        ],
        [
          -24303.1,
          44.9243,
          -18421.0
        ]
      ],
      "objLayer": 0,
      "props": {}
    },
    "ft_t1_airfield_02_04_spawn_01": {
      "type": "Point",
      "tm": [
        [
          0.896257,
          0.0,
          0.443534
        ],
        [
          0.0,
          1.0,
          0.0
        ],
        [
          -0.443534,
          0.0,
          0.896257
        ],
        [
          -24723.7,
          73.7436,
          -17227.8
        ]
      ],
      "objLayer": 0,
      "props": {}
    },
    "ft_t1_airfield_02_04_spawn_02": {
      "type": "Point",
      "tm": [
        [
          0.896257,
          0.0,
          0.443534
        ],
        [
          0.0,
          1.0,
          0.0
        ],
        [
          -0.443534,
          0.0,
          0.896257
        ],
        [
          -24745.6,
          80.3244,
          -17563.4
        ]
      ],
      "objLayer": 0,
      "props": {}
    },
    "ft_t1_airfield_02_04_spawn_03": {
      "type": "Point",
      "tm": [
        [
          0.896257,
          0.0,
          0.443534
        ],
        [
          0.0,
          1.0,
          0.0
        ],
        [
          -0.443534,
          0.0,
          0.896257
        ],
        [
          -24857.5,
          88.4088,
          -17935.6
        ]
      ],
      "objLayer": 0,
      "props": {}
    },
    "ft_t1_airfield_02_04_spawn_04": {
      "type": "Point",
      "tm": [
        [
          0.896257,
          0.0,
          0.443534
        ],
        [
          0.0,
          1.0,
          0.0
        ],
        [
          -0.443534,
          0.0,
          0.896257
        ],
        [
          -24874.5,
          95.9869,
          -18334.9
        ]
      ],
      "objLayer": 0,
      "props": {}
    },
    "ft_t1_airfield_02_04_spawn_05": {
      "type": "Point",
      "tm": [
        [
          0.896257,
          0.0,
          0.443534
        ],
        [
          0.0,
          1.0,
          0.0
        ],
        [
          -0.443534,
          0.0,
          0.896257
        ],
        [
          -25001.1,
          100.842,
          -18636.0
        ]
      ],
      "objLayer": 0,
      "props": {}
    },
    "ft_t1_airfield_02_04_spawn_06": {
      "type": "Point",
      "tm": [
        [
          0.896257,
          0.0,
          0.443534
        ],
        [
          0.0,
          1.0,
          0.0
        ],
        [
          -0.443534,
          0.0,
          0.896257
        ],
        [
          -24975.4,
          81.5682,
          -18972.8
        ]
      ],
      "objLayer": 0,
      "props": {}
    },
    "ft_t1_airfield_02_04_spawn_07": {
      "type": "Point",
      "tm": [
        [
          0.896257,
          0.0,
          0.443534
        ],
        [
          0.0,
          1.0,
          0.0
        ],
        [
          -0.443534,
          0.0,
          0.896257
        ],
        [
          -25100.0,
          70.5926,
          -19305.4
        ]
      ],
      "objLayer": 0,
      "props": {}
    },
    "ft_t1_airfield_02_04_spawn_08": {
      "type": "Point",
      "tm": [
        [
          0.896257,
          0.0,
          0.443534
        ],
        [
          0.0,
          1.0,
          0.0
        ],
        [
          -0.443534,
          0.0,
          0.896257
        ],
        [
          -24003.2,
          88.1441,
          -19555.0
        ]
      ],
      "objLayer": 0,
      "props": {}
    },
    "ft_t1_airfield_02_04_spawn_09": {
      "type": "Point",
      "tm": [
        [
          0.896257,
          0.0,
          0.443534
        ],
        [
          0.0,
          1.0,
          0.0
        ],
        [
          -0.443534,
          0.0,
          0.896257
        ],
        [
          -23949.2,
          79.2602,
          -19191.1
        ]
      ],
      "objLayer": 0,
      "props": {}
    },
    "ft_t1_airfield_02_04_spawn_10": {
      "type": "Point",
      "tm": [
        [
          0.896257,
          0.0,
          0.443534
        ],
        [
          0.0,
          1.0,
          0.0
        ],
        [
          -0.443534,
          0.0,
          0.896257
        ],
        [
          -23800.0,
          81.5282,
          -18851.2
        ]
      ],
      "objLayer": 0,
      "props": {}
    },
    "ft_t1_airfield_02_04_spawn_11": {
      "type": "Point",
      "tm": [
        [
          0.896257,
          0.0,
          0.443534
        ],
        [
          0.0,
          1.0,
          0.0
        ],
        [
          -0.443534,
          0.0,
          0.896257
        ],
        [
          -23772.6,
          95.1762,
          -18445.6
        ]
      ],
      "objLayer": 0,
      "props": {}
    },
    "ft_t1_airfield_02_04_spawn_12": {
      "type": "Point",
      "tm": [
        [
          0.896257,
          0.0,
          0.443534
        ],
        [
          0.0,
          1.0,
          0.0
        ],
        [
          -0.443534,
          0.0,
          0.896257
        ],
        [
          -23620.5,
          90.0467,
          -18145.9
        ]
      ],
      "objLayer": 0,
      "props": {}
    },
    "ft_t1_airfield_02_04_spawn_13": {
      "type": "Point",
