{
  "selected_tag": "",
  "bin_dump_file": "",
  "mission_settings": {
    "player": {
      "army": 2
    },
    "player_teamB": {
      "army": 1
    },
    "mission": {
      "type": "singleMission",
      "level": "levels/water.bin",
      "environment": "Day",
      "weather": "hazy",
      "restoreType": "attempts",
      "optionalTakeOff": false
    },
    "spectator_points": []
  },
  "imports": [],
  "triggers": {
    "isCategory": true,
    "is_enabled": true
  },
  "mission_objectives": {
    "isCategory": true,
    "is_enabled": true
  },
  "variables": [],
  "dialogs": [],
  "airfields": [],
  "effects": [],
  "units": [
    {
      "objectGroups": {
        "name": "t2_helipad",
        "tm": [
          [-0.943357,0.0,-0.331782],
          [0.0,1.0,0.0],
          [0.331782,0.0,-0.943357],
          [-2866.07,678.168,-610.4]
        ],
        "unit_class": "dynHelipad_beton_a_ussr",
        "objLayer": 2,
        "props": {
          "army": 2,
          "isDelayed": true,
          "active": true
        }
      }
    },
    {
      "objectGroups": {
        "name": "t2_helipad_farspawn",
        "tm": [
          [-0.826237,0.0,-0.563322],
          [0.0,1.0,0.0],
          [0.563322,0.0,-0.826237],
          [-6267.3,505.949,-4425.75]
        ],
        "unit_class": "dynHelipad_beton_b_usa",
        "objLayer": 2,
        "props": {
          "army": 2,
          "isDelayed": true,
          "active": true
        }
      }
    },
    {
      "objectGroups": {
        "name": "t1_helipad",
        "tm": [
          [0.996521,0.0,-0.0833552],
          [0.0,1.0,0.0],
          [0.0833552,0.0,0.996521],
          [5303.4,246.487,238.7]
        ],
        "unit_class": "dynHelipad_beton_a_usa",
        "objLayer": 2,
        "props": {
          "army": 1,
          "isDelayed": true,
          "active": true
        }
      }
    },
    {
      "objectGroups": {
        "name": "t1_helipad_farspawn",
        "tm": [
          [0.520283,0.0,0.853994],
          [0.0,1.0,0.0],
          [-0.853994,0.0,0.520283],
          [7067.11,181.285,7456.44]
        ],
        "unit_class": "dynHelipad_beton_b_ussr",
        "objLayer": 2,
        "props": {
          "army": 1,
          "isDelayed": true,
          "active": true
        }
      }
    },
    {
      "air_defence": {
        "name": "t2_helipad_defence_01",
        "tm": [
          [0.890542,0.0,0.4549],
          [0.0,1.0,0.0],
          [-0.4549,0.0,0.890542],
          [-2810.23,676.546,-372.959]
        ],
        "unit_class": "germ_20mm_flak38_helipad",
        "objLayer": 1,
        "closed_waypoints": false,
        "isShipSpline": false,
        "shipTurnRadius": 100.0,
        "weapons": "",
        "bullets0": "",
        "bullets1": "",
        "bullets2": "",
        "bullets3": "",
        "bulletsCount0": 0,
        "bulletsCount1": 0,
        "bulletsCount2": 0,
        "bulletsCount3": 0,
        "crewSkillK": 0.0,
        "props": {
          "army": 2,
          "count": 1,
          "formation_type": "rows",
          "formation_div": 3,
          "formation_step": [2.5,2.0],
          "formation_noise": [0.1,0.1],
          "uniqueName": "",
          "attack_type": "fire_at_will"
        },
        "way": []
      }
    },
    {
      "air_defence": {
        "name": "t2_helipad_defence_02",
        "tm": [
          [0.890542,0.0,0.4549],
          [0.0,1.0,0.0],
          [-0.4549,0.0,0.890542],
          [-2664.81,676.546,-677.423]
        ],
        "unit_class": "germ_20mm_flak38_helipad",
        "objLayer": 1,
        "closed_waypoints": false,
        "isShipSpline": false,
        "shipTurnRadius": 100.0,
        "weapons": "",
        "bullets0": "",
        "bullets1": "",
        "bullets2": "",
        "bullets3": "",
        "bulletsCount0": 0,
        "bulletsCount1": 0,
        "bulletsCount2": 0,
        "bulletsCount3": 0,
        "crewSkillK": 0.0,
        "props": {
          "army": 2,
          "count": 1,
          "formation_type": "rows",
          "formation_div": 3,
          "formation_step": [2.5,2.0],
          "formation_noise": [0.1,0.1],
          "uniqueName": "",
          "attack_type": "fire_at_will"
        },
        "way": []
      }
    },
    {
      "air_defence": {
        "name": "t2_helipad_defence_03",
        "tm": [
          [0.890542,0.0,0.4549],
          [0.0,1.0,0.0],
          [-0.4549,0.0,0.890542],
          [-3066.15,676.546,-523.89]
        ],
        "unit_class": "germ_20mm_flak38_helipad",
        "objLayer": 1,
        "closed_waypoints": false,
        "isShipSpline": false,
        "shipTurnRadius": 100.0,
        "weapons": "",
        "bullets0": "",
        "bullets1": "",
        "bullets2": "",
        "bullets3": "",
        "bulletsCount0": 0,
        "bulletsCount1": 0,
        "bulletsCount2": 0,
        "bulletsCount3": 0,
        "crewSkillK": 0.0,
        "props": {
          "army": 2,
          "count": 1,
          "formation_type": "rows",
          "formation_div": 3,
          "formation_step": [2.5,2.0],
          "formation_noise": [0.1,0.1],
          "uniqueName": "",
          "attack_type": "fire_at_will"
        },
        "way": []
      }
    },
    {
      "air_defence": {
        "name": "t2_helipad_defence_04",
        "tm": [
          [0.890542,0.0,0.4549],
          [0.0,1.0,0.0],
          [-0.4549,0.0,0.890542],
          [-2878.32,676.546,-806.81]
        ],
        "unit_class": "germ_20mm_flak38_helipad",
        "objLayer": 1,
        "closed_waypoints": false,
        "isShipSpline": false,
        "shipTurnRadius": 100.0,
        "weapons": "",
        "bullets0": "",
        "bullets1": "",
        "bullets2": "",
        "bullets3": "",
        "bulletsCount0": 0,
        "bulletsCount1": 0,
        "bulletsCount2": 0,
        "bulletsCount3": 0,
        "crewSkillK": 0.0,
        "props": {
          "army": 2,
          "count": 1,
          "formation_type": "rows",
          "formation_div": 3,
          "formation_step": [2.5,2.0],
          "formation_noise": [0.1,0.1],
          "uniqueName": "",
          "attack_type": "fire_at_will"
        },
        "way": []
      }
    },
    {
      "squad": {
        "name": "t2_helipad_aaa_squad",
        "tm": [
          [1.0,0.0,0.0],
          [0.0,1.0,0.0],
          [0.0,0.0,1.0],
          [-2854.88,676.546,-595.27]
        ],
        "props": [
          {
            "object_marking": 0
          },
          {
            "squad_members": "t2_helipad_defence_04"
          },
          {
            "squad_members": "t2_helipad_defence_02"
          },
          {
            "squad_members": "t2_helipad_defence_01"
          },
          {
            "squad_members": "t2_helipad_defence_03"
          }
        ]
      }
    },
    {
      "air_defence": {
        "name": "t1_helipad_defence_01",
        "tm": [
          [-0.950591,0.0,-0.310445],
          [0.0,1.0,0.0],
          [0.310445,0.0,-0.950591],
          [5343.18,284.508,451.365]
        ],
        "unit_class": "germ_20mm_flak38_helipad",
        "objLayer": 1,
        "closed_waypoints": false,
        "isShipSpline": false,
        "shipTurnRadius": 100.0,
        "weapons": "",
        "bullets0": "",
        "bullets1": "",
        "bullets2": "",
        "bullets3": "",
        "bulletsCount0": 0,
        "bulletsCount1": 0,
        "bulletsCount2": 0,
        "bulletsCount3": 0,
        "crewSkillK": 0.0,
        "props": {
          "army": 1,
          "count": 1,
          "formation_type": "rows",
          "formation_div": 3,
          "formation_step": [2.5,2.0],
          "formation_noise": [0.1,0.1],
          "uniqueName": "",
          "attack_type": "fire_at_will"
        },
        "way": []
      }
    },
    {
      "air_defence": {
        "name": "t1_helipad_defence_02",
        "tm": [
          [-0.950591,0.0,-0.310445],
          [0.0,1.0,0.0],
          [0.310445,0.0,-0.950591],
          [5087.26,277.651,300.433]
        ],
        "unit_class": "germ_20mm_flak38_helipad",
        "objLayer": 1,
        "closed_waypoints": false,
        "isShipSpline": false,
        "shipTurnRadius": 100.0,
        "weapons": "",
        "bullets0": "",
        "bullets1": "",
        "bullets2": "",
        "bullets3": "",
        "bulletsCount0": 0,
        "bulletsCount1": 0,
        "bulletsCount2": 0,
        "bulletsCount3": 0,
        "crewSkillK": 0.0,
        "props": {
          "army": 1,
          "count": 1,
          "formation_type": "rows",
          "formation_div": 3,
          "formation_step": [2.5,2.0],
          "formation_noise": [0.1,0.1],
          "uniqueName": "",
          "attack_type": "fire_at_will"
        },
        "way": []
      }
    },
    {
      "air_defence": {
        "name": "t1_helipad_defence_03",
        "tm": [
          [-0.950591,0.0,-0.310445],
          [0.0,1.0,0.0],
          [0.310445,0.0,-0.950591],
          [5488.59,273.134,146.9]
        ],
        "unit_class": "germ_20mm_flak38_helipad",
        "objLayer": 1,
        "closed_waypoints": false,
        "isShipSpline": false,
        "shipTurnRadius": 100.0,
        "weapons": "",
        "bullets0": "",
        "bullets1": "",
        "bullets2": "",
        "bullets3": "",
        "bulletsCount0": 0,
        "bulletsCount1": 0,
        "bulletsCount2": 0,
        "bulletsCount3": 0,
        "crewSkillK": 0.0,
        "props": {
          "army": 1,
          "count": 1,
          "formation_type": "rows",
          "formation_div": 3,
          "formation_step": [2.5,2.0],
          "formation_noise": [0.1,0.1],
          "uniqueName": "",
          "attack_type": "fire_at_will"
        },
        "way": []
      }
    },
    {
      "air_defence": {
        "name": "t1_helipad_defence_04",
        "tm": [
          [-0.950591,0.0,-0.310445],
          [0.0,1.0,0.0],
          [0.310445,0.0,-0.950591],
          [5275.08,274.375,17.5134]
        ],
        "unit_class": "germ_20mm_flak38_helipad",
        "objLayer": 1,
        "closed_waypoints": false,
        "isShipSpline": false,
        "shipTurnRadius": 100.0,
        "weapons": "",
        "bullets0": "",
        "bullets1": "",
        "bullets2": "",
        "bullets3": "",
        "bulletsCount0": 0,
        "bulletsCount1": 0,
        "bulletsCount2": 0,
        "bulletsCount3": 0,
        "crewSkillK": 0.0,
        "props": {
          "army": 1,
          "count": 1,
          "formation_type": "rows",
          "formation_div": 3,
          "formation_step": [2.5,2.0],
          "formation_noise": [0.1,0.1],
          "uniqueName": "",
          "attack_type": "fire_at_will"
        },
        "way": []
      }
    },
    {
      "squad": {
        "name": "t1_helipad_aaa_squad",
        "tm": [
          [1.0,0.0,0.0],
          [0.0,1.0,0.0],
          [0.0,0.0,1.0],
          [5298.53,277.417,229.053]
        ],
        "props": [
          {
            "object_marking": 0
          },
          {
            "squad_members": "t1_helipad_defence_03"
          },
          {
            "squad_members": "t1_helipad_defence_04"
          },
          {
            "squad_members": "t1_helipad_defence_02"
          },
          {
            "squad_members": "t1_helipad_defence_01"
          }
        ]
      }
    }
  ],
  "areas": {
    "heli_4000": {
      "type": "Sphere",
      "tm": [
        [5342.54,0.0,5954.6],
        [0.0,8000.0,0.0],
        [-5954.6,0.0,5342.54],
        [1024.0,581.116,1024.0]
      ],
      "objLayer": 4,
      "props": []
    }
  },
  "objLayers": [
    {
      "layer": {
        "enabled": true
      }
    },
    {
      "layer": {
        "enabled": true
      }
    },
    {
      "layer": {
        "enabled": true
      }
    },
    {
      "layer": {
        "enabled": true
      }
    },
    {
      "layer": {
        "enabled": true
      }
    }
  ],
  "wayPoints": []
}