{
  "selected_tag": "",
  "bin_dump_file": "",
  "mission_settings": {
    "player": {
      "army": 2
    },
    "player_teamB": {
      "army": 1
    },
    "mission": {
      "type": "singleMission",
      "level": "levels/water.bin",
      "restoreType": "attempts",
      "optionalTakeOff": false,
      "environment": "Day",
      "weather": "hazy"
    },
    "spectator_points": []
  },
  "imports": [],
  "triggers": {
    "isCategory": true,
    "is_enabled": true
  },
  "mission_objectives": {
    "isCategory": true,
    "is_enabled": true
  },
  "variables": [],
  "dialogs": [],
  "airfields": [],
  "effects": [],
  "units": [
    {
      "objectGroups": {
        "name": "t2_helipad",
        "tm": [
          [0.882948,0.0,0.469472],
          [0.0,1.0,0.0],
          [-0.469472,0.0,0.882948],
          [-2089.15,683.828,-480.35]
        ],
        "unit_class": "dynHelipad_beton_a_ussr",
        "objLayer": 2,
        "props": {
          "army": 2,
          "active": true
        }
      }
    },
    {
      "objectGroups": {
        "name": "t2_helipad_farspawn",
        "tm": [
          [0.224951,0.0,0.97437],
          [0.0,1.0,0.0],
          [-0.97437,0.0,0.224951],
          [-6267.3,501.9,-4425.75]
        ],
        "unit_class": "dynHelipad_beton_b_usa",
        "objLayer": 2,
        "props": {
          "army": 2,
          "active": true
        }
      }
    },
    {
      "objectGroups": {
        "name": "t1_helipad",
        "tm": [
          [-0.996195,0.0,0.087156],
          [0.0,1.0,0.0],
          [-0.087156,0.0,-0.996195],
          [5303.4,282.751,238.7]
        ],
        "unit_class": "dynHelipad_beton_a_usa",
        "objLayer": 2,
        "props": {
          "army": 1,
          "active": true
        }
      }
    },
    {
      "objectGroups": {
        "name": "t1_helipad_farspawn",
        "tm": [
          [-0.292372,0.0,-0.956305],
          [0.0,1.0,0.0],
          [0.956305,0.0,-0.292372],
          [6171.4,524.644,7523.45]
        ],
        "unit_class": "dynHelipad_beton_b_ussr",
        "objLayer": 2,
        "props": {
          "army": 1,
          "active": true
        }
      }
    },
    {
      "air_defence": {
        "name": "t2_helipad_defence_01",
        "tm": [
          [0.890542,0.0,0.4549],
          [0.0,1.0,0.0],
          [-0.4549,0.0,0.890542],
          [-2033.31,682.206,-242.909]
        ],
        "unit_class": "germ_20mm_flak38_helipad",
        "objLayer": 1,
        "closed_waypoints": false,
        "isShipSpline": false,
        "shipTurnRadius": 100.0,
        "weapons": "",
        "bullets0": "",
        "bullets1": "",
        "bullets2": "",
        "bullets3": "",
        "bulletsCount0": 0,
        "bulletsCount1": 0,
        "bulletsCount2": 0,
        "bulletsCount3": 0,
        "props": {
          "army": 2,
          "count": 1,
          "formation_type": "rows",
          "formation_div": 3,
          "formation_step": [2.5,2.0],
          "formation_noise": [0.1,0.1],
          "uniqueName": "",
          "attack_type": "fire_at_will"
        },
        "way": []
      }
    },
    {
      "air_defence": {
        "name": "t2_helipad_defence_02",
        "tm": [
          [0.890542,0.0,0.4549],
          [0.0,1.0,0.0],
          [-0.4549,0.0,0.890542],
          [-1887.89,682.206,-547.373]
        ],
        "unit_class": "germ_20mm_flak38_helipad",
        "objLayer": 1,
        "closed_waypoints": false,
        "isShipSpline": false,
        "shipTurnRadius": 100.0,
        "weapons": "",
        "bullets0": "",
        "bullets1": "",
        "bullets2": "",
        "bullets3": "",
        "bulletsCount0": 0,
        "bulletsCount1": 0,
        "bulletsCount2": 0,
        "bulletsCount3": 0,
        "props": {
          "army": 2,
          "count": 1,
          "formation_type": "rows",
          "formation_div": 3,
          "formation_step": [2.5,2.0],
          "formation_noise": [0.1,0.1],
          "uniqueName": "",
          "attack_type": "fire_at_will"
        },
        "way": []
      }
    },
    {
      "air_defence": {
        "name": "t2_helipad_defence_03",
        "tm": [
          [0.890542,0.0,0.4549],
          [0.0,1.0,0.0],
          [-0.4549,0.0,0.890542],
          [-2289.23,682.206,-393.84]
        ],
        "unit_class": "germ_20mm_flak38_helipad",
        "objLayer": 1,
        "closed_waypoints": false,
        "isShipSpline": false,
        "shipTurnRadius": 100.0,
        "weapons": "",
        "bullets0": "",
        "bullets1": "",
        "bullets2": "",
        "bullets3": "",
        "bulletsCount0": 0,
        "bulletsCount1": 0,
        "bulletsCount2": 0,
        "bulletsCount3": 0,
        "props": {
          "army": 2,
          "count": 1,
          "formation_type": "rows",
          "formation_div": 3,
          "formation_step": [2.5,2.0],
          "formation_noise": [0.1,0.1],
          "uniqueName": "",
          "attack_type": "fire_at_will"
        },
        "way": []
      }
    },
    {
      "air_defence": {
        "name": "t2_helipad_defence_04",
        "tm": [
          [0.890542,0.0,0.4549],
          [0.0,1.0,0.0],
          [-0.4549,0.0,0.890542],
          [-2101.4,682.206,-676.76]
        ],
        "unit_class": "germ_20mm_flak38_helipad",
        "objLayer": 1,
        "closed_waypoints": false,
        "isShipSpline": false,
        "shipTurnRadius": 100.0,
        "weapons": "",
        "bullets0": "",
        "bullets1": "",
        "bullets2": "",
        "bullets3": "",
        "bulletsCount0": 0,
        "bulletsCount1": 0,
        "bulletsCount2": 0,
        "bulletsCount3": 0,
        "props": {
          "army": 2,
          "count": 1,
          "formation_type": "rows",
          "formation_div": 3,
          "formation_step": [2.5,2.0],
          "formation_noise": [0.1,0.1],
          "uniqueName": "",
          "attack_type": "fire_at_will"
        },
        "way": []
      }
    },
    {
      "squad": {
        "name": "t2_helipad_aaa_squad",
        "tm": [
          [1.0,0.0,0.0],
          [0.0,1.0,0.0],
          [0.0,0.0,1.0],
          [-2077.96,682.206,-465.22]
        ],
        "props": [
          {
            "object_marking": 0
          },
          {
            "squad_members": "t2_helipad_defence_04"
          },
          {
            "squad_members": "t2_helipad_defence_02"
          },
          {
            "squad_members": "t2_helipad_defence_01"
          },
          {
            "squad_members": "t2_helipad_defence_03"
          }
        ]
      }
    },
    {
      "air_defence": {
        "name": "t1_helipad_defence_01",
        "tm": [
          [-0.950591,0.0,-0.310445],
          [0.0,1.0,0.0],
          [0.310445,0.0,-0.950591],
          [5343.18,284.508,451.365]
        ],
        "unit_class": "germ_20mm_flak38_helipad",
        "objLayer": 1,
        "closed_waypoints": false,
        "isShipSpline": false,
        "shipTurnRadius": 100.0,
        "weapons": "",
        "bullets0": "",
        "bullets1": "",
        "bullets2": "",
        "bullets3": "",
        "bulletsCount0": 0,
        "bulletsCount1": 0,
        "bulletsCount2": 0,
        "bulletsCount3": 0,
        "props": {
          "army": 1,
          "count": 1,
          "formation_type": "rows",
          "formation_div": 3,
          "formation_step": [2.5,2.0],
          "formation_noise": [0.1,0.1],
          "uniqueName": "",
          "attack_type": "fire_at_will"
        },
        "way": []
      }
    },
    {
      "air_defence": {
        "name": "t1_helipad_defence_02",
        "tm": [
          [-0.950591,0.0,-0.310445],
          [0.0,1.0,0.0],
          [0.310445,0.0,-0.950591],
          [5087.26,277.651,300.433]
        ],
        "unit_class": "germ_20mm_flak38_helipad",
        "objLayer": 1,
        "closed_waypoints": false,
        "isShipSpline": false,
        "shipTurnRadius": 100.0,
        "weapons": "",
        "bullets0": "",
        "bullets1": "",
        "bullets2": "",
        "bullets3": "",
        "bulletsCount0": 0,
        "bulletsCount1": 0,
        "bulletsCount2": 0,
        "bulletsCount3": 0,
        "props": {
          "army": 1,
          "count": 1,
          "formation_type": "rows",
          "formation_div": 3,
          "formation_step": [2.5,2.0],
          "formation_noise": [0.1,0.1],
          "uniqueName": "",
          "attack_type": "fire_at_will"
        },
        "way": []
      }
    },
    {
      "air_defence": {
        "name": "t1_helipad_defence_03",
        "tm": [
          [-0.950591,0.0,-0.310445],
          [0.0,1.0,0.0],
          [0.310445,0.0,-0.950591],
          [5488.59,273.134,146.9]
        ],
        "unit_class": "germ_20mm_flak38_helipad",
        "objLayer": 1,
        "closed_waypoints": false,
        "isShipSpline": false,
        "shipTurnRadius": 100.0,
        "weapons": "",
        "bullets0": "",
        "bullets1": "",
        "bullets2": "",
        "bullets3": "",
        "bulletsCount0": 0,
        "bulletsCount1": 0,
        "bulletsCount2": 0,
        "bulletsCount3": 0,
        "props": {
          "army": 1,
          "count": 1,
          "formation_type": "rows",
          "formation_div": 3,
          "formation_step": [2.5,2.0],
          "formation_noise": [0.1,0.1],
          "uniqueName": "",
          "attack_type": "fire_at_will"
        },
        "way": []
      }
    },
    {
      "air_defence": {
        "name": "t1_helipad_defence_04",
        "tm": [
          [-0.950591,0.0,-0.310445],
          [0.0,1.0,0.0],
          [0.310445,0.0,-0.950591],
          [5275.08,274.375,17.5134]
        ],
        "unit_class": "germ_20mm_flak38_helipad",
        "objLayer": 1,
        "closed_waypoints": false,
        "isShipSpline": false,
        "shipTurnRadius": 100.0,
        "weapons": "",
        "bullets0": "",
        "bullets1": "",
        "bullets2": "",
        "bullets3": "",
        "bulletsCount0": 0,
        "bulletsCount1": 0,
        "bulletsCount2": 0,
        "bulletsCount3": 0,
        "props": {
          "army": 1,
          "count": 1,
          "formation_type": "rows",
          "formation_div": 3,
          "formation_step": [2.5,2.0],
          "formation_noise": [0.1,0.1],
          "uniqueName": "",
          "attack_type": "fire_at_will"
        },
        "way": []
      }
    },
    {
      "squad": {
        "name": "t1_helipad_aaa_squad",
        "tm": [
          [1.0,0.0,0.0],
          [0.0,1.0,0.0],
          [0.0,0.0,1.0],
          [5298.53,277.417,229.053]
        ],
        "props": [
          {
            "object_marking": 0
          },
          {
            "squad_members": "t1_helipad_defence_03"
          },
          {
            "squad_members": "t1_helipad_defence_04"
          },
          {
            "squad_members": "t1_helipad_defence_02"
          },
          {
            "squad_members": "t1_helipad_defence_01"
          }
        ]
      }
    }
  ],
  "areas": {
    "heli_4000": {
      "type": "Sphere",
      "tm": [
        [5342.54,0.0,5954.6],
        [0.0,8000.0,0.0],
        [-5954.6,0.0,5342.54],
        [1024.0,78.7206,1024.0]
      ],
      "objLayer": 4,
      "props": []
    }
  },
  "objLayers": [
    {
      "layer": {
        "enabled": true
      }
    },
    {
      "layer": {
        "enabled": true
      }
    },
    {
      "layer": {
        "enabled": true
      }
    },
    {
      "layer": {
        "enabled": true
      }
    },
    {
      "layer": {
        "enabled": true
      }
    }
  ],
  "wayPoints": []
}