{
  "selected_tag": "",
  "bin_dump_file": "",
  "mission_settings": {
    "player": {
      "army": 1
    },
    "player_teamB": {
      "army": 2
    },
    "mission": {
      "level": "levels/air_smolensk.bin",
      "type": "domination",
      "environment": "Day",
      "weather": "hazy",
      "restoreType": "attempts",
      "optionalTakeOff": false
    }
  },
  "imports": {},
  "triggers": {
    "isCategory": true,
    "is_enabled": true
  },
  "mission_objectives": {
    "isCategory": true,
    "is_enabled": true
  },
  "variables": {},
  "dialogs": {},
  "airfields": {},
  "effects": {},
  "units": {
    "objectGroups": [
      {
        "name": "bdt_t2_bomb_object_01",
        "tm": [
          [
            -0.0850938,
            0.0,
            0.996371
          ],
          [
            0.0,
            1.0,
            0.0
          ],
          [
            -0.996371,
            0.0,
            -0.0850938
          ],
          [
            4706.45,
            547.6,
            -3508.2
          ]
        ],
        "unit_class": "dynBase_hq_camp_square",
        "objLayer": 2,
        "props": {
          "army": 2,
          "active": false
        }
      },
      {
        "name": "bdt_t2_bomb_object_02",
        "tm": [
          [
            0.518788,
            0.0,
            0.854906
          ],
          [
            0.0,
            1.0,
            0.0
          ],
          [
            -0.854906,
            0.0,
            0.518788
          ],
          [
            9989.09,
            2236.0,
            666.71
          ]
        ],
        "unit_class": "dynBase_fuel_storage_square",
        "objLayer": 2,
        "props": {
          "army": 2,
          "active": false
        }
      },
      {
        "name": "bdt_t2_bomb_object_03",
        "tm": [
          [
            -0.960048,
            0.0,
            0.279841
          ],
          [
            0.0,
            1.0,
            0.0
          ],
          [
            -0.279841,
            0.0,
            -0.960048
          ],
          [
            10569.5,
            2169.85,
            3979.62
          ]
        ],
        "unit_class": "dynBase_oil_storage_small_square",
        "objLayer": 2,
        "props": {
          "army": 2,
          "active": false
        }
      },
      {
        "name": "bdt_t1_bomb_object_01",
        "tm": [
          [
            -0.505066,
            0.0,
            0.86308
          ],
          [
            0.0,
            1.0,
            0.0
          ],
          [
            -0.86308,
            0.0,
            -0.505066
          ],
          [
            -5228.95,
            550.55,
            355.75
          ]
        ],
        "unit_class": "dynBase_fuel_storage_square",
        "objLayer": 2,
        "props": {
          "army": 1,
          "active": false
        }
      },
      {
        "name": "bdt_t1_bomb_object_02",
        "tm": [
          [
            -0.955462,
            0.0,
            0.295111
          ],
          [
            0.0,
            1.0,
            0.0
          ],
          [
            -0.295111,
            0.0,
            -0.955462
          ],
          [
            -3530.3,
            547.429,
            3338.45
          ]
        ],
        "unit_class": "dynBase_small_factory_square",
        "objLayer": 2,
        "props": {
          "army": 1,
          "active": false
        }
      },
      {
        "name": "bdt_t1_bomb_object_03",
        "tm": [
          [
            -0.981071,
            0.0,
            0.193644
          ],
          [
            0.0,
            1.0,
            0.0
          ],
          [
            -0.193644,
            0.0,
            -0.981071
          ],
          [
            -775.15,
            417.3,
            9198.25
          ]
        ],
        "unit_class": "dynBase_oil_storage_small_square",
        "objLayer": 2,
        "props": {
          "army": 1,
          "active": false
        }
      },
      {
        "name": "bdt_t2_bomb_object_04",
        "tm": [
          [
            -0.641205,
            0.0,
            0.767371
          ],
          [
            0.0,
            1.0,
            0.0
          ],
          [
            -0.767371,
            0.0,
            -0.641205
          ],
          [
            6532.7,
            713.123,
            -5714.25
          ]
        ],
        "unit_class": "dynBase_small_factory_square",
        "objLayer": 2,
        "props": {
          "army": 2,
          "active": false
        }
      },
      {
        "name": "bdt_t1_bomb_object_04",
        "tm": [
          [
            -0.851242,
            0.0,
            0.524775
          ],
          [
            0.0,
            1.0,
            0.0
          ],
          [
            -0.524775,
            0.0,
            -0.851242
          ],
          [
            2863.0,
            1831.3,
            11279.8
          ]
        ],
        "unit_class": "dynBase_field_camp_square",
        "objLayer": 2,
        "props": {
          "army": 1,
          "active": false
        }
      },
      {
        "name": "bdt_t1_bomb_object_05",
        "tm": [
          [
            -0.851242,
            0.0,
            0.524775
          ],
          [
            0.0,
            1.0,
            0.0
          ],
          [
            -0.524775,
            0.0,
            -0.851242
          ],
          [
            5528.3,
            1333.3,
            10799.2
          ]
        ],
        "unit_class": "dynBase_military_base_square",
        "objLayer": 2,
        "props": {
          "army": 1,
          "active": false
        }
      },
      {
        "name": "bdt_t1_bomb_object_06",
        "tm": [
          [
            -0.851242,
            0.0,
            0.524775
          ],
          [
            0.0,
            1.0,
            0.0
          ],
          [
            -0.524775,
            0.0,
            -0.851242
          ],
          [
            1541.25,
            1988.9,
            13025.4
          ]
        ],
        "unit_class": "dynBase_oil_storage_large_square",
        "objLayer": 2,
        "props": {
          "army": 1,
          "active": false
        }
      },
      {
        "name": "bdt_t1_bomb_object_07",
        "tm": [
          [
            -0.851242,
            0.0,
            0.524775
          ],
          [
            0.0,
            1.0,
            0.0
          ],
          [
            -0.524775,
            0.0,
            -0.851242
          ],
          [
            5348.1,
            1727.1,
            13616.5
          ]
        ],
        "unit_class": "dynBase_oil_storage_large_square",
        "objLayer": 2,
        "props": {
          "army": 1,
          "active": false
        }
      },
      {
        "name": "bdt_t1_bomb_object_08",
        "tm": [
          [
            -0.505066,
            0.0,
            0.86308
          ],
          [
            0.0,
            1.0,
            0.0
          ],
          [
            -0.86308,
            0.0,
            -0.505066
          ],
          [
            -3415.6,
            566.35,
            551.45
          ]
        ],
        "unit_class": "dynBase_small_factory_square",
        "objLayer": 2,
        "props": {
          "army": 1,
          "active": false
        }
      },
      {
        "name": "bdt_t1_bomb_object_09",
        "tm": [
          [
            -0.505066,
            0.0,
            0.86308
          ],
          [
            0.0,
            1.0,
            0.0
          ],
          [
            -0.86308,
            0.0,
            -0.505066
          ],
          [
            -3355.35,
            569.65,
            6582.45
          ]
        ],
        "unit_class": "dynBase_petrol_camp_square",
        "objLayer": 2,
        "props": {
          "army": 1,
          "active": false
        }
      },
      {
        "name": "bdt_t1_bomb_object_10",
        "tm": [
          [
            -0.505066,
            0.0,
            0.86308
          ],
          [
            0.0,
            1.0,
            0.0
          ],
          [
            -0.86308,
            0.0,
            -0.505066
          ],
          [
            -5807.05,
            585.3,
            5119.15
          ]
        ],
        "unit_class": "dynBase_petrol_camp_square",
        "objLayer": 2,
        "props": {
          "army": 1,
          "active": false
        }
      },
      {
        "name": "bdt_t2_bomb_object_05",
        "tm": [
          [
            -0.641205,
            0.0,
            0.767371
          ],
          [
            0.0,
            1.0,
            0.0
          ],
          [
            -0.767371,
            0.0,
            -0.641205
          ],
          [
            2298.78,
            788.6,
            -6048.95
          ]
        ],
        "unit_class": "dynBase_petrol_camp_square",
        "objLayer": 2,
        "props": {
          "army": 2,
          "active": false
        }
      },
      {
        "name": "bdt_t2_bomb_object_06",
        "tm": [
          [
            -0.926328,
            0.0,
            0.376723
          ],
          [
            0.0,
            1.0,
            0.0
          ],
          [
            -0.376723,
            0.0,
            -0.926328
          ],
          [
            1288.63,
            612.4,
            -3226.15
          ]
        ],
        "unit_class": "dynBase_military_base_square",
        "objLayer": 2,
        "props": {
          "army": 2,
          "active": false
        }
      },
      {
        "name": "bdt_t2_bomb_object_07",
        "tm": [
          [
            -0.641205,
            0.0,
            0.767371
          ],
          [
            0.0,
            1.0,
            0.0
          ],
          [
            -0.767371,
            0.0,
            -0.641205
          ],
          [
            7126.75,
            1656.35,
            -1847.55
          ]
        ],
        "unit_class": "dynBase_fuel_storage_square",
        "objLayer": 2,
        "props": {
          "army": 2,
          "active": false
        }
      },
      {
        "name": "bdt_t2_bomb_object_08",
        "tm": [
          [
            -0.960048,
            0.0,
            0.279841
          ],
          [
            0.0,
            1.0,
            0.0
          ],
          [
            -0.279841,
            0.0,
            -0.960048
          ],
          [
            12691.4,
            1719.65,
            1337.1
          ]
        ],
        "unit_class": "dynBase_ammunition_storage_square",
        "objLayer": 2,
        "props": {
          "army": 2,
          "active": false
        }
      },
      {
        "name": "bdt_t2_bomb_object_09",
        "tm": [
          [
            -0.960048,
            0.0,
            0.279841
          ],
          [
            0.0,
            1.0,
            0.0
          ],
          [
            -0.279841,
            0.0,
            -0.960048
          ],
          [
            11378.4,
            1313.27,
            8962.07
          ]
        ],
        "unit_class": "dynBase_field_camp_square",
        "objLayer": 2,
        "props": {
          "army": 2,
          "active": false
        }
      },
      {
        "name": "bdt_t2_bomb_object_10",
        "tm": [
          [
            -0.960048,
            0.0,
            0.279841
          ],
          [
            0.0,
            1.0,
            0.0
          ],
          [
            -0.279841,
            0.0,
            -0.960048
          ],
          [
            14109.2,
            2058.35,
            5650.78
          ]
        ],
        "unit_class": "dynBase_oil_storage_small_square",
        "objLayer": 2,
        "props": {
          "army": 2,
          "active": false
        }
      }
    ]
  },
  "areas": {
    "bdt_t2_bomb_zone_01": {
      "type": "Sphere",
      "tm": [
        [
          -38.2925,
          0.0,
          448.369
        ],
        [
          0.0,
          450.0,
          0.0
        ],
        [
          -448.369,
          0.0,
          -38.2925
        ],
        [
          4713.28,
          548.16,
          -3510.01
        ]
      ],
      "objLayer": 0,
      "props": {}
    },
    "bdt_t2_bomb_zone_02": {
      "type": "Sphere",
      "tm": [
        [
          -87.7851,
          0.0,
          441.355
        ],
        [
          0.0,
          450.0,
          0.0
        ],
        [
          -441.355,
          0.0,
          -87.7851
        ],
        [
          9968.1,
          2234.38,
          672.25
        ]
      ],
      "objLayer": 0,
      "props": {}
    },
    "bdt_t2_bomb_zone_03": {
      "type": "Sphere",
      "tm": [
        [
          -432.02,
          0.0,
          125.93
        ],
        [
          0.0,
          450.0,
          0.0
        ],
        [
          -125.93,
          0.0,
          -432.02
        ],
        [
          10572.3,
          2170.55,
          3970.26
        ]
      ],
      "objLayer": 0,
      "props": {}
    },
    "bdt_t1_bomb_zone_01": {
      "type": "Sphere",
      "tm": [
        [
          -227.278,
          0.0,
          388.387
        ],
        [
          0.0,
          450.0,
          0.0
        ],
        [
          -388.387,
          0.0,
          -227.278
        ],
        [
          -5237.75,
          565.21,
          364.78
        ]
      ],
      "objLayer": 0,
      "props": {}
    },
    "bdt_t1_bomb_zone_02": {
      "type": "Sphere",
      "tm": [
        [
          -391.022,
          0.0,
          222.713
        ],
        [
          0.0,
          450.0,
          0.0
        ],
        [
          -222.713,
          0.0,
          -391.022
        ],
        [
          -3534.91,
          548.419,
          3338.59
        ]
      ],
      "objLayer": 0,
      "props": {}
    },
    "bdt_t1_bomb_zone_03": {
      "type": "Sphere",
      "tm": [
        [
          -375.109,
          0.0,
          248.579
        ],
        [
          0.0,
          450.0,
          0.0
        ],
        [
          -248.579,
          0.0,
          -375.109
        ],
        [
          -780.1,
          416.631,
          9200.88
        ]
      ],
      "objLayer": 0,
      "props": {}
    },
    "bdt_t2_bomb_zone_04": {
      "type": "Sphere",
      "tm": [
        [
          -288.54,
          0.0,
          345.316
        ],
        [
          0.0,
          450.0,
          0.0
        ],
        [
          -345.316,
          0.0,
          -288.54
        ],
        [
          6529.11,
          712.193,
          -5707.14
        ]
      ],
      "objLayer": 0,
      "props": {}
    },
    "bdt_t1_bomb_zone_04": {
      "type": "Sphere",
      "tm": [
        [
          -375.109,
          0.0,
          248.579
        ],
        [
          0.0,
          450.0,
          0.0
        ],
        [
          -248.579,
          0.0,
          -375.109
        ],
        [
          2859.6,
          1831.96,
          11275.1
        ]
      ],
      "objLayer": 0,
      "props": {}
    },
    "bdt_t2_bomb_zone_01_aaa_point_01": {
      "type": "Point",
      "tm": [
        [
          -0.627171,
          0.0,
          0.77888
        ],
        [
          0.0,
          1.0,
          0.0
        ],
        [
          -0.77888,
          0.0,
          -0.627171
        ],
        [
          4870.83,
          538.21,
          -3348.78
        ]
      ],
      "objLayer": 0,
      "props": {}
    },
    "bdt_t2_bomb_zone_01_aaa_point_02": {
      "type": "Point",
      "tm": [
        [
          -0.627171,
          0.0,
          0.77888
        ],
        [
          0.0,
          1.0,
          0.0
        ],
        [
          -0.77888,
          0.0,
          -0.627171
        ],
        [
          4598.03,
          576.75,
          -3778.47
        ]
      ],
      "objLayer": 0,
      "props": {}
    },
    "bdt_t2_bomb_zone_01_aaa_point_03": {
      "type": "Point",
      "tm": [
        [
          -0.627171,
          0.0,
          0.77888
        ],
        [
          0.0,
          1.0,
          0.0
        ],
        [
          -0.77888,
          0.0,
          -0.627171
        ],
        [
          4517.27,
          561.74,
          -3691.05
        ]
      ],
      "objLayer": 0,
      "props": {}
    },
    "bdt_t2_bomb_zone_01_aaa_point_04": {
      "type": "Point",
      "tm": [
        [
          -0.627171,
          0.0,
          0.77888
        ],
        [
          0.0,
          1.0,
          0.0
        ],
        [
          -0.77888,
          0.0,
          -0.627171
        ],
        [
          4193.31,
          482.99,
          -3411.8
        ]
      ],
      "objLayer": 0,
      "props": {}
    },
    "bdt_t2_bomb_zone_02_aaa_point_01": {
      "type": "Point",
      "tm": [
        [
          -0.709687,
          0.0,
          0.704515
        ],
        [
          0.0,
          1.0,
          0.0
        ],
        [
          -0.704515,
          0.0,
          -0.709687
        ],
        [
          10214.3,
          2268.05,
          638.34
        ]
      ],
      "objLayer": 0,
      "props": {}
    },
    "bdt_t2_bomb_zone_02_aaa_point_02": {
      "type": "Point",
      "tm": [
        [
          -0.709687,
          0.0,
          0.704515
        ],
        [
          0.0,
          1.0,
          0.0
        ],
        [
          -0.704515,
          0.0,
          -0.709687
        ],
        [
          9695.95,
          2298.3,
          490.47
        ]
      ],
      "objLayer": 0,
      "props": {}
    },
    "bdt_t2_bomb_zone_02_aaa_point_03": {
      "type": "Point",
      "tm": [
        [
          -0.709687,
          0.0,
          0.704515
        ],
        [
          0.0,
          1.0,
          0.0
        ],
        [
          -0.704515,
          0.0,
          -0.709687
        ],
        [
          10073.5,
          2354.26,
          413.22
        ]
      ],
      "objLayer": 0,
      "props": {}
    },
    "bdt_t2_bomb_zone_02_aaa_point_04": {
      "type": "Point",
      "tm": [
        [
          -0.709687,
          0.0,
          0.704515
        ],
        [
          0.0,
          1.0,
          0.0
        ],
        [
          -0.704515,
          0.0,
          -0.709687
        ],
        [
          9835.25,
          2207.52,
          859.32
        ]
      ],
      "objLayer": 0,
      "props": {}
    },
    "bdt_t2_bomb_zone_03_aaa_point_01": {
      "type": "Point",
      "tm": [
        [
          -0.709687,
          0.0,
          0.704515
        ],
        [
          0.0,
          1.0,
          0.0
        ],
        [
          -0.704515,
          0.0,
          -0.709687
        ],
        [
          10744.7,
          2243.93,
          4213.26
        ]
      ],
      "objLayer": 0,
      "props": {}
    },
    "bdt_t2_bomb_zone_03_aaa_point_02": {
      "type": "Point",
      "tm": [
        [
          -0.709687,
          0.0,
          0.704515
        ],
        [
          0.0,
          1.0,
          0.0
        ],
        [
          -0.704515,
          0.0,
          -0.709687
        ],
        [
          10303.0,
          2073.31,
          3855.65
        ]
      ],
      "objLayer": 0,
      "props": {}
    },
    "bdt_t2_bomb_zone_03_aaa_point_03": {
      "type": "Point",
      "tm": [
        [
          -0.709687,
          0.0,
          0.704515
        ],
        [
          0.0,
          1.0,
          0.0
        ],
        [
          -0.704515,
          0.0,
          -0.709687
        ],
        [
          10533.5,
          2159.4,
          3652.2
        ]
      ],
      "objLayer": 0,
      "props": {}
    },
    "bdt_t2_bomb_zone_03_aaa_point_04": {
      "type": "Point",
      "tm": [
        [
          -0.709687,
          0.0,
          0.704515
        ],
        [
          0.0,
          1.0,
          0.0
        ],
        [
          -0.704515,
          0.0,
          -0.709687
        ],
        [
          10868.1,
          2210.45,
          4019.85
        ]
      ],
      "objLayer": 0,
      "props": {}
    },
    "bdt_t2_bomb_zone_04_aaa_point_01": {
      "type": "Point",
      "tm": [
        [
          -0.627171,
          0.0,
          0.77888
        ],
        [
          0.0,
          1.0,
          0.0
        ],
        [
          -0.77888,
          0.0,
          -0.627171
        ],
        [
          6199.47,
          713.513,
          -5665.48
        ]
      ],
      "objLayer": 0,
      "props": {}
    },
    "bdt_t2_bomb_zone_04_aaa_point_02": {
      "type": "Point",
      "tm": [
        [
          -0.627171,
          0.0,
          0.77888
        ],
        [
          0.0,
          1.0,
          0.0
        ],
        [
          -0.77888,
          0.0,
          -0.627171
        ],
        [
          6503.04,
          755.533,
          -6008.27
        ]
      ],
      "objLayer": 0,
      "props": {}
    },
    "bdt_t2_bomb_zone_04_aaa_point_03": {
      "type": "Point",
      "tm": [
        [
          -0.627171,
          0.0,
          0.77888
        ],
        [
          0.0,
          1.0,
          0.0
        ],
        [
          -0.77888,
          0.0,
          -0.627171
        ],
        [
          6641.76,
          681.313,
          -5465.58
        ]
      ],
      "objLayer": 0,
      "props": {}
    },
    "bdt_t2_bomb_zone_04_aaa_point_04": {
      "type": "Point",
      "tm": [
        [
          -0.627171,
          0.0,
          0.77888
        ],
        [
          0.0,
          1.0,
          0.0
        ],
        [
          -0.77888,
          0.0,
          -0.627171
        ],
        [
          6773.46,
          701.763,
          -5671.45
        ]
      ],
      "objLayer": 0,
      "props": {}
    },
    "bdt_t1_bomb_zone_01_aaa_point_01": {
      "type": "Point",
      "tm": [
        [
          -0.901047,
          0.0,
          0.433722
        ],
        [
          0.0,
          1.0,
          0.0
        ],
        [
          -0.433722,
          0.0,
          -0.901047
        ],
        [
          -5471.05,
          675.42,
          467.11
        ]
      ],
      "objLayer": 0,
      "props": {}
    },
    "bdt_t1_bomb_zone_01_aaa_point_02": {
      "type": "Point",
      "tm": [
        [
          -0.901047,
          0.0,
          0.433722
        ],
        [
          0.0,
          1.0,
          0.0
        ],
        [
          -0.433722,
          0.0,
          -0.901047
        ],
        [
          -5042.95,
          537.78,
          203.3
        ]
      ],
      "objLayer": 0,
      "props": {}
    },
    "bdt_t1_bomb_zone_01_aaa_point_03": {
      "type": "Point",
      "tm": [
        [
          -0.901047,
          0.0,
          0.433722
        ],
        [
          0.0,
          1.0,
          0.0
        ],
        [
          -0.433722,
          0.0,
          -0.901047
        ],
        [
          -5111.25,
          469.03,
          560.84
        ]
      ],
      "objLayer": 0,
      "props": {}
    },
    "bdt_t1_bomb_zone_01_aaa_point_04": {
      "type": "Point",
      "tm": [
        [
          -0.901047,
          0.0,
          0.433722
        ],
        [
          0.0,
          1.0,
          0.0
        ],
        [
          -0.433722,
          0.0,
          -0.901047
        ],
        [
          -4989.55,
          412.52,
          367.34
        ]
      ],
      "objLayer": 0,
      "props": {}
    },
    "bdt_t1_bomb_zone_02_aaa_point_01": {
      "type": "Point",
      "tm": [
        [
          -0.901047,
          0.0,
          0.433722
        ],
        [
          0.0,
          1.0,
          0.0
        ],
        [
          -0.433722,
          0.0,
          -0.901047
        ],
        [
          -3794.23,
          621.839,
          3261.8
        ]
      ],
      "objLayer": 0,
      "props": {}
    },
    "bdt_t1_bomb_zone_02_aaa_point_02": {
      "type": "Point",
      "tm": [
        [
          -0.901047,
          0.0,
          0.433722
        ],
        [
          0.0,
          1.0,
          0.0
        ],
        [
          -0.433722,
          0.0,
          -0.901047
        ],
        [
          -3571.88,
          614.769,
          3075.42
        ]
      ],
      "objLayer": 0,
      "props": {}
    },
    "bdt_t1_bomb_zone_02_aaa_point_03": {
      "type": "Point",
      "tm": [
        [
          -0.901047,
          0.0,
          0.433722
        ],
        [
          0.0,
          1.0,
          0.0
        ],
        [
          -0.433722,
          0.0,
          -0.901047
        ],
        [
          -3283.69,
          515.319,
          3712.5
        ]
      ],
      "objLayer": 0,
      "props": {}
    },
    "bdt_t1_bomb_zone_02_aaa_point_04": {
      "type": "Point",
      "tm": [
        [
          -0.901047,
          0.0,
          0.433722
        ],
        [
          0.0,
          1.0,
          0.0
        ],
        [
          -0.433722,
          0.0,
          -0.901047
        ],
        [
          -3255.93,
          562.969,
          3164.0
        ]
      ],
      "objLayer": 0,
      "props": {}
    },
    "bdt_t1_bomb_zone_03_aaa_point_01": {
      "type": "Point",
      "tm": [
        [
          -0.847384,
          0.0,
          0.530981
        ],
        [
          0.0,
          1.0,
          0.0
        ],
        [
          -0.530981,
          0.0,
          -0.847384
        ],
        [
          -485.52,
          453.42,
          9289.96
        ]
      ],
      "objLayer": 0,
      "props": {}
    },
    "bdt_t1_bomb_zone_03_aaa_point_02": {
      "type": "Point",
      "tm": [
        [
          -0.847384,
          0.0,
          0.530981
        ],
        [
          0.0,
          1.0,
          0.0
        ],
        [
          -0.530981,
          0.0,
          -0.847384
        ],
        [
          -1007.26,
          415.871,
          9116.77
        ]
      ],
      "objLayer": 0,
      "props": {}
    },
    "bdt_t1_bomb_zone_03_aaa_point_03": {
      "type": "Point",
      "tm": [
        [
          -0.847384,
          0.0,
          0.530981
        ],
        [
          0.0,
          1.0,
          0.0
        ],
        [
          -0.530981,
          0.0,
          -0.847384
        ],
        [
          -812.25,
          406.771,
          8915.94
        ]
      ],
      "objLayer": 0,
      "props": {}
    },
    "bdt_t1_bomb_zone_03_aaa_point_04": {
      "type": "Point",
      "tm": [
        [
          -0.847384,
          0.0,
          0.530981
        ],
        [
          0.0,
          1.0,
          0.0
        ],
        [
          -0.530981,
          0.0,
          -0.847384
        ],
        [
          -846.5,
          440.46,
          9453.27
        ]
      ],
      "objLayer": 0,
      "props": {}
    },
    "bdt_t1_bomb_zone_04_aaa_point_01": {
      "type": "Point",
      "tm": [
        [
          -0.847384,
          0.0,
          0.530981
        ],
        [
          0.0,
          1.0,
          0.0
        ],
        [
          -0.530981,
          0.0,
          -0.847384
        ],
        [
          2687.52,
          1863.72,
          11541.1
        ]
      ],
      "objLayer": 0,
      "props": {}
    },
    "bdt_t1_bomb_zone_04_aaa_point_02": {
      "type": "Point",
      "tm": [
        [
          -0.847384,
          0.0,
          0.530981
        ],
        [
          0.0,
          1.0,
          0.0
        ],
        [
          -0.530981,
          0.0,
          -0.847384
        ],
        [
          2611.05,
          1846.66,
          11229.2
        ]
      ],
      "objLayer": 0,
      "props": {}
    },
    "bdt_t1_bomb_zone_04_aaa_point_03": {
      "type": "Point",
      "tm": [
        [
          -0.847384,
          0.0,
          0.530981
        ],
        [
          0.0,
          1.0,
          0.0
        ],
        [
          -0.530981,
          0.0,
          -0.847384
        ],
        [
          3019.14,
          1853.89,
          11518.4
        ]
      ],
      "objLayer": 0,
      "props": {}
    },
    "bdt_t1_bomb_zone_04_aaa_point_04": {
      "type": "Point",
      "tm": [
        [
          -0.847384,
          0.0,
          0.530981
        ],
        [
          0.0,
          1.0,
          0.0
        ],
        [
          -0.530981,
          0.0,
          -0.847384
        ],
        [
          2847.5,
          1867.77,
          10961.4
        ]
      ],
      "objLayer": 0,
      "props": {}
    },
    "bdt_t1_bomb_zone_05": {
      "type": "Sphere",
      "tm": [
        [
          -375.109,
          0.0,
          248.579
        ],
        [
          0.0,
          450.0,
          0.0
        ],
        [
          -248.579,
          0.0,
          -375.109
        ],
        [
          5524.9,
          1333.03,
          10794.4
        ]
      ],
      "objLayer": 0,
      "props": {}
    },
    "bdt_t1_bomb_zone_06": {
      "type": "Sphere",
      "tm": [
        [
          -375.109,
          0.0,
          248.579
        ],
        [
          0.0,
          450.0,
          0.0
        ],
        [
          -248.579,
          0.0,
          -375.109
        ],
        [
          1537.81,
          1987.78,
          13020.7
        ]
      ],
      "objLayer": 0,
      "props": {}
    },
    "bdt_t1_bomb_zone_07": {
      "type": "Sphere",
      "tm": [
        [
          -375.109,
          0.0,
          248.579
        ],
        [
          0.0,
          450.0,
          0.0
        ],
        [
          -248.579,
          0.0,
          -375.109
        ],
        [
          5344.6,
          1725.01,
          13611.8
        ]
      ],
      "objLayer": 0,
      "props": {}
    },
    "bdt_t1_bomb_zone_08": {
      "type": "Sphere",
      "tm": [
        [
          -227.278,
          0.0,
          388.387
        ],
        [
          0.0,
          450.0,
          0.0
        ],
        [
          -388.387,
          0.0,
          -227.278
        ],
        [
          -3424.43,
          569.679,
          560.57
        ]
      ],
      "objLayer": 0,
      "props": {}
    },
    "bdt_t1_bomb_zone_09": {
      "type": "Sphere",
      "tm": [
        [
          -227.278,
          0.0,
          388.387
        ],
        [
          0.0,
          450.0,
          0.0
        ],
        [
          -388.387,
          0.0,
          -227.278
        ],
        [
          -3363.96,
          569.94,
          6591.39
        ]
      ],
      "objLayer": 0,
      "props": {}
    },
    "bdt_t1_bomb_zone_10": {
      "type": "Sphere",
      "tm": [
        [
          -227.278,
          0.0,
          388.387
        ],
        [
          0.0,
          450.0,
          0.0
        ],
        [
          -388.387,
          0.0,
          -227.278
        ],
        [
          -5815.87,
          586.1,
          5128.27
        ]
      ],
      "objLayer": 0,
      "props": {}
    },
    "bdt_t1_bomb_zone_05_aaa_point_01": {
      "type": "Point",
      "tm": [
        [
          -0.847384,
          0.0,
          0.530981
        ],
        [
          0.0,
          1.0,
          0.0
        ],
        [
          -0.530981,
          0.0,
          -0.847384
        ],
        [
          5744.21,
          1321.98,
          10630.0
        ]
      ],
      "objLayer": 0,
      "props": {}
    },
    "bdt_t1_bomb_zone_05_aaa_point_02": {
      "type": "Point",
      "tm": [
        [
          -0.847384,
          0.0,
          0.530981
        ],
        [
          0.0,
          1.0,
          0.0
        ],
        [
          -0.530981,
          0.0,
          -0.847384
        ],
        [
          5679.91,
          1332.93,
          10806.1
        ]
      ],
      "objLayer": 0,
      "props": {}
    },
    "bdt_t1_bomb_zone_05_aaa_point_03": {
      "type": "Point",
      "tm": [
        [
          -0.847384,
          0.0,
          0.530981
        ],
        [
          0.0,
          1.0,
          0.0
        ],
        [
          -0.530981,
          0.0,
          -0.847384
        ],
        [
          5301.37,
          1345.12,
          10975.6
        ]
      ],
      "objLayer": 0,
      "props": {}
    },
    "bdt_t1_bomb_zone_05_aaa_point_04": {
      "type": "Point",
      "tm": [
        [
          -0.847384,
          0.0,
          0.530981
        ],
        [
          0.0,
          1.0,
          0.0
        ],
        [
          -0.530981,
          0.0,
          -0.847384
        ],
        [
          5251.57,
          1323.92,
          10746.2
        ]
      ],
      "objLayer": 0,
      "props": {}
    },
    "bdt_t1_bomb_zone_06_aaa_point_01": {
      "type": "Point",
      "tm": [
        [
          -0.847384,
          0.0,
          0.530981
        ],
        [
          0.0,
          1.0,
          0.0
        ],
        [
          -0.530981,
          0.0,
          -0.847384
        ],
        [
          1841.82,
          2042.86,
          13166.9
        ]
      ],
      "objLayer": 0,
      "props": {}
    },
    "bdt_t1_bomb_zone_06_aaa_point_02": {
      "type": "Point",
      "tm": [
        [
          -0.847384,
          0.0,
          0.530981
        ],
        [
          0.0,
          1.0,
          0.0
        ],
        [
          -0.530981,
          0.0,
          -0.847384
        ],
        [
          1840.53,
          1990.51,
          12903.4
        ]
      ],
      "objLayer": 0,
      "props": {}
    },
    "bdt_t1_bomb_zone_06_aaa_point_03": {
      "type": "Point",
      "tm": [
        [
          -0.847384,
          0.0,
          0.530981
        ],
        [
          0.0,
          1.0,
          0.0
        ],
        [
          -0.530981,
          0.0,
          -0.847384
        ],
        [
          1365.25,
          1930.84,
          12764.3
        ]
      ],
      "objLayer": 0,
      "props": {}
    },
    "bdt_t1_bomb_zone_06_aaa_point_04": {
      "type": "Point",
      "tm": [
        [
          -0.847384,
          0.0,
          0.530981
        ],
        [
          0.0,
          1.0,
          0.0
        ],
        [
          -0.530981,
          0.0,
          -0.847384
        ],
        [
          1380.46,
          1952.33,
          13273.3
        ]
      ],
      "objLayer": 0,
      "props": {}
    },
    "bdt_t1_bomb_zone_07_aaa_point_01": {
      "type": "Point",
      "tm": [
        [
          -0.847384,
          0.0,
          0.530981
        ],
        [
          0.0,
          1.0,
          0.0
        ],
        [
          -0.530981,
          0.0,
          -0.847384
        ],
        [
          5079.11,
          1610.64,
          13469.4
        ]
      ],
      "objLayer": 0,
      "props": {}
    },
    "bdt_t1_bomb_zone_07_aaa_point_02": {
      "type": "Point",
      "tm": [
        [
          -0.847384,
          0.0,
          0.530981
        ],
        [
          0.0,
          1.0,
          0.0
        ],
        [
          -0.530981,
          0.0,
          -0.847384
        ],
        [
          5654.23,
          1887.49,
          13772.4
        ]
      ],
      "objLayer": 0,
      "props": {}
    },
    "bdt_t1_bomb_zone_07_aaa_point_03": {
      "type": "Point",
      "tm": [
        [
          -0.847384,
          0.0,
          0.530981
        ],
        [
          0.0,
          1.0,
          0.0
        ],
        [
          -0.530981,
          0.0,
          -0.847384
        ],
        [
          5175.31,
          1714.72,
          13902.0
        ]
      ],
      "objLayer": 0,
      "props": {}
    },
    "bdt_t1_bomb_zone_07_aaa_point_04": {
      "type": "Point",
      "tm": [
        [
          -0.847384,
          0.0,
          0.530981
        ],
        [
          0.0,
          1.0,
          0.0
        ],
        [
          -0.530981,
          0.0,
          -0.847384
        ],
        [
          5320.34,
          1585.88,
          13210.8
        ]
      ],
      "objLayer": 0,
      "props": {}
    },
    "bdt_t1_bomb_zone_08_aaa_point_01": {
      "type": "Point",
      "tm": [
        [
          -0.901047,
          0.0,
          0.433722
        ],
        [
          0.0,
          1.0,
          0.0
        ],
        [
          -0.433722,
          0.0,
          -0.901047
        ],
        [
          -3485.11,
          613.2,
          255.81
        ]
      ],
      "objLayer": 0,
      "props": {}
    },
    "bdt_t1_bomb_zone_08_aaa_point_02": {
      "type": "Point",
      "tm": [
        [
          -0.901047,
          0.0,
          0.433722
        ],
        [
          0.0,
          1.0,
          0.0
        ],
        [
          -0.433722,
          0.0,
          -0.901047
        ],
        [
          -3119.16,
          544.23,
          539.28
        ]
      ],
      "objLayer": 0,
      "props": {}
    },
    "bdt_t1_bomb_zone_08_aaa_point_03": {
      "type": "Point",
      "tm": [
        [
          -0.901047,
          0.0,
          0.433722
        ],
        [
          0.0,
          1.0,
          0.0
        ],
        [
          -0.433722,
          0.0,
          -0.901047
        ],
        [
          -3326.59,
          564.179,
          904.77
        ]
      ],
      "objLayer": 0,
      "props": {}
    },
    "bdt_t1_bomb_zone_08_aaa_point_04": {
      "type": "Point",
      "tm": [
        [
          -0.901047,
          0.0,
          0.433722
        ],
        [
          0.0,
          1.0,
          0.0
        ],
        [
          -0.433722,
          0.0,
          -0.901047
        ],
        [
          -3672.1,
          710.29,
          673.22
        ]
      ],
      "objLayer": 0,
      "props": {}
    },
    "bdt_t1_bomb_zone_09_aaa_point_01": {
      "type": "Point",
      "tm": [
        [
          -0.901047,
          0.0,
          0.433722
        ],
        [
          0.0,
          1.0,
          0.0
        ],
        [
          -0.433722,
          0.0,
          -0.901047
        ],
        [
          -3003.74,
          569.64,
          6325.18
        ]
      ],
      "objLayer": 0,
      "props": {}
    },
    "bdt_t1_bomb_zone_09_aaa_point_02": {
      "type": "Point",
      "tm": [
        [
          -0.901047,
          0.0,
          0.433722
        ],
        [
          0.0,
          1.0,
          0.0
        ],
        [
          -0.433722,
          0.0,
          -0.901047
        ],
        [
          -3022.52,
          561.12,
          6818.8
        ]
      ],
      "objLayer": 0,
      "props": {}
    },
    "bdt_t1_bomb_zone_09_aaa_point_03": {
      "type": "Point",
      "tm": [
        [
          -0.901047,
          0.0,
          0.433722
        ],
        [
          0.0,
          1.0,
          0.0
        ],
        [
          -0.433722,
          0.0,
          -0.901047
        ],
        [
          -3519.0,
          575.33,
          6118.49
        ]
      ],
      "objLayer": 0,
      "props": {}
    },
    "bdt_t1_bomb_zone_09_aaa_point_04": {
      "type": "Point",
      "tm": [
        [
          -0.901047,
          0.0,
          0.433722
        ],
        [
          0.0,
          1.0,
          0.0
        ],
        [
          -0.433722,
          0.0,
          -0.901047
        ],
        [
          -3445.37,
