{
  "selected_tag": "",
  "bin_dump_file": "",
  "mission_settings": {
    "player": {
      "army": 1
    },
    "player_teamB": {
      "army": 2
    },
    "mission": {
      "level": "levels/air_smolensk.bin",
      "type": "domination",
      "environment": "Day",
      "weather": "hazy",
      "restoreType": "attempts",
      "optionalTakeOff": false
    }
  },
  "imports": {},
  "triggers": {
    "isCategory": true,
    "is_enabled": true
  },
  "mission_objectives": {
    "isCategory": true,
    "is_enabled": true
  },
  "variables": {},
  "dialogs": {},
  "airfields": {},
  "effects": {},
  "units": {
    "objectGroups": [
      {
        "name": "bdt_t2_bomb_object_01",
        "tm": [
          [
            -0.0850935,
            0.0,
            0.996371
          ],
          [
            0.0,
            1.0,
            0.0
          ],
          [
            -0.996371,
            0.0,
            -0.0850935
          ],
          [
            5516.9,
            742.8,
            -7120.15
          ]
        ],
        "unit_class": "dynBase_hq_camp_square",
        "objLayer": 2,
        "props": {
          "army": 2,
          "active": false
        }
      },
      {
        "name": "bdt_t2_bomb_object_02",
        "tm": [
          [
            0.518788,
            0.0,
            0.854907
          ],
          [
            0.0,
            1.0,
            0.0
          ],
          [
            -0.854907,
            0.0,
            0.518788
          ],
          [
            14784.7,
            2101.8,
            4984.2
          ]
        ],
        "unit_class": "dynBase_fuel_storage_square",
        "objLayer": 2,
        "props": {
          "army": 2,
          "active": false
        }
      },
      {
        "name": "bdt_t2_bomb_object_03",
        "tm": [
          [
            -0.960049,
            0.0,
            0.279842
          ],
          [
            0.0,
            1.0,
            0.0
          ],
          [
            -0.279842,
            0.0,
            -0.960049
          ],
          [
            13518.7,
            1593.3,
            8690.55
          ]
        ],
        "unit_class": "dynBase_oil_storage_small_square",
        "objLayer": 2,
        "props": {
          "army": 2,
          "active": false
        }
      },
      {
        "name": "bdt_t1_bomb_object_01",
        "tm": [
          [
            -0.505065,
            0.0,
            0.863081
          ],
          [
            0.0,
            1.0,
            0.0
          ],
          [
            -0.863081,
            0.0,
            -0.505065
          ],
          [
            -10715.0,
            636.05,
            6504.35
          ]
        ],
        "unit_class": "dynBase_fuel_storage_square",
        "objLayer": 2,
        "props": {
          "army": 1,
          "active": false
        }
      },
      {
        "name": "bdt_t1_bomb_object_02",
        "tm": [
          [
            -0.955462,
            0.0,
            0.295112
          ],
          [
            0.0,
            1.0,
            0.0
          ],
          [
            -0.295112,
            0.0,
            -0.955462
          ],
          [
            -6795.9,
            566.4,
            -1237.65
          ]
        ],
        "unit_class": "dynBase_small_factory_square",
        "objLayer": 2,
        "props": {
          "army": 1,
          "active": false
        }
      },
      {
        "name": "bdt_t1_bomb_object_03",
        "tm": [
          [
            -0.981071,
            0.0,
            0.193645
          ],
          [
            0.0,
            1.0,
            0.0
          ],
          [
            -0.193645,
            0.0,
            -0.981071
          ],
          [
            -2899.03,
            281.55,
            12742.2
          ]
        ],
        "unit_class": "dynBase_oil_storage_small_square",
        "objLayer": 2,
        "props": {
          "army": 1,
          "active": false
        }
      },
      {
        "name": "bdt_t2_bomb_object_04",
        "tm": [
          [
            -0.641203,
            0.0,
            0.76737
          ],
          [
            0.0,
            1.0,
            0.0
          ],
          [
            -0.76737,
            0.0,
            -0.641203
          ],
          [
            8041.4,
            653.5,
            -10432.2
          ]
        ],
        "unit_class": "dynBase_small_factory_square",
        "objLayer": 2,
        "props": {
          "army": 2,
          "active": false
        }
      },
      {
        "name": "bdt_t1_bomb_object_04",
        "tm": [
          [
            -0.851241,
            0.0,
            0.524776
          ],
          [
            0.0,
            1.0,
            0.0
          ],
          [
            -0.524776,
            0.0,
            -0.851241
          ],
          [
            6458.61,
            1808.9,
            14670.2
          ]
        ],
        "unit_class": "dynBase_field_camp_square",
        "objLayer": 2,
        "props": {
          "army": 1,
          "active": false
        }
      },
      {
        "name": "bdt_t1_bomb_object_05",
        "tm": [
          [
            -0.851241,
            0.0,
            0.524776
          ],
          [
            0.0,
            1.0,
            0.0
          ],
          [
            -0.524776,
            0.0,
            -0.851241
          ],
          [
            3963.44,
            2590.25,
            18541.0
          ]
        ],
        "unit_class": "dynBase_military_base_square",
        "objLayer": 2,
        "props": {
          "army": 1,
          "active": false
        }
      },
      {
        "name": "bdt_t1_bomb_object_06",
        "tm": [
          [
            -0.851241,
            0.0,
            0.524776
          ],
          [
            0.0,
            1.0,
            0.0
          ],
          [
            -0.524776,
            0.0,
            -0.851241
          ],
          [
            -2356.52,
            2046.3,
            16682.9
          ]
        ],
        "unit_class": "dynBase_oil_storage_large_square",
        "objLayer": 2,
        "props": {
          "army": 1,
          "active": false
        }
      },
      {
        "name": "bdt_t1_bomb_object_07",
        "tm": [
          [
            -0.851241,
            0.0,
            0.524776
          ],
          [
            0.0,
            1.0,
            0.0
          ],
          [
            -0.524776,
            0.0,
            -0.851241
          ],
          [
            2094.55,
            2172.9,
            14942.3
          ]
        ],
        "unit_class": "dynBase_oil_storage_large_square",
        "objLayer": 2,
        "props": {
          "army": 1,
          "active": false
        }
      },
      {
        "name": "bdt_t1_bomb_object_08",
        "tm": [
          [
            -0.505065,
            0.0,
            0.863081
          ],
          [
            0.0,
            1.0,
            0.0
          ],
          [
            -0.863081,
            0.0,
            -0.505065
          ],
          [
            -9705.65,
            850.8,
            294.45
          ]
        ],
        "unit_class": "dynBase_small_factory_square",
        "objLayer": 2,
        "props": {
          "army": 1,
          "active": false
        }
      },
      {
        "name": "bdt_t1_bomb_object_09",
        "tm": [
          [
            -0.505065,
            0.0,
            0.863081
          ],
          [
            0.0,
            1.0,
            0.0
          ],
          [
            -0.863081,
            0.0,
            -0.505065
          ],
          [
            -6823.4,
            713.4,
            8932.43
          ]
        ],
        "unit_class": "dynBase_petrol_camp_square",
        "objLayer": 2,
        "props": {
          "army": 1,
          "active": false
        }
      },
      {
        "name": "bdt_t1_bomb_object_10",
        "tm": [
          [
            -0.505065,
            0.0,
            0.863081
          ],
          [
            0.0,
            1.0,
            0.0
          ],
          [
            -0.863081,
            0.0,
            -0.505065
          ],
          [
            -7591.6,
            718.05,
            3444.6
          ]
        ],
        "unit_class": "dynBase_petrol_camp_square",
        "objLayer": 2,
        "props": {
          "army": 1,
          "active": false
        }
      },
      {
        "name": "bdt_t2_bomb_object_05",
        "tm": [
          [
            -0.641203,
            0.0,
            0.76737
          ],
          [
            0.0,
            1.0,
            0.0
          ],
          [
            -0.76737,
            0.0,
            -0.641203
          ],
          [
            396.15,
            726.25,
            -10466.8
          ]
        ],
        "unit_class": "dynBase_petrol_camp_square",
        "objLayer": 2,
        "props": {
          "army": 2,
          "active": false
        }
      },
      {
        "name": "bdt_t2_bomb_object_06",
        "tm": [
          [
            -0.926326,
            0.0,
            0.376723
          ],
          [
            0.0,
            1.0,
            0.0
          ],
          [
            -0.376723,
            0.0,
            -0.926326
          ],
          [
            -813.65,
            667.9,
            -7708.5
          ]
        ],
        "unit_class": "dynBase_military_base_square",
        "objLayer": 2,
        "props": {
          "army": 2,
          "active": false
        }
      },
      {
        "name": "bdt_t2_bomb_object_07",
        "tm": [
          [
            -0.641203,
            0.0,
            0.76737
          ],
          [
            0.0,
            1.0,
            0.0
          ],
          [
            -0.76737,
            0.0,
            -0.641203
          ],
          [
            9445.15,
            574.25,
            -5976.1
          ]
        ],
        "unit_class": "dynBase_fuel_storage_square",
        "objLayer": 2,
        "props": {
          "army": 2,
          "active": false
        }
      },
      {
        "name": "bdt_t2_bomb_object_08",
        "tm": [
          [
            -0.960049,
            0.0,
            0.279842
          ],
          [
            0.0,
            1.0,
            0.0
          ],
          [
            -0.279842,
            0.0,
            -0.960049
          ],
          [
            17498.4,
            591.15,
            951.85
          ]
        ],
        "unit_class": "dynBase_ammunition_storage_square",
        "objLayer": 2,
        "props": {
          "army": 2,
          "active": false
        }
      },
      {
        "name": "bdt_t2_bomb_object_09",
        "tm": [
          [
            -0.960049,
            0.0,
            0.279842
          ],
          [
            0.0,
            1.0,
            0.0
          ],
          [
            -0.279842,
            0.0,
            -0.960049
          ],
          [
            16962.0,
            2218.65,
            7300.65
          ]
        ],
        "unit_class": "dynBase_field_camp_square",
        "objLayer": 2,
        "props": {
          "army": 2,
          "active": false
        }
      },
      {
        "name": "bdt_t2_bomb_object_10",
        "tm": [
          [
            -0.960049,
            0.0,
            0.279842
          ],
          [
            0.0,
            1.0,
            0.0
          ],
          [
            -0.279842,
            0.0,
            -0.960049
          ],
          [
            13269.0,
            545.45,
            -2061.6
          ]
        ],
        "unit_class": "dynBase_oil_storage_small_square",
        "objLayer": 2,
        "props": {
          "army": 2,
          "active": false
        }
      }
    ]
  },
  "areas": {
    "bdt_t2_bomb_zone_01": {
      "type": "Sphere",
      "tm": [
        [
          -38.2926,
          0.0,
          448.37
        ],
        [
          0.0,
          450.0,
          0.0
        ],
        [
          -448.37,
          0.0,
          -38.2926
        ],
        [
          5523.73,
          742.22,
          -7121.95
        ]
      ],
      "objLayer": 0,
      "props": {}
    },
    "bdt_t2_bomb_zone_02": {
      "type": "Sphere",
      "tm": [
        [
          -87.7843,
          0.0,
          441.356
        ],
        [
          0.0,
          450.0,
          0.0
        ],
        [
          -441.356,
          0.0,
          -87.7843
        ],
        [
          14763.8,
          2102.12,
          4989.84
        ]
      ],
      "objLayer": 0,
      "props": {}
    },
    "bdt_t2_bomb_zone_03": {
      "type": "Sphere",
      "tm": [
        [
          -432.019,
          0.0,
          125.93
        ],
        [
          0.0,
          450.0,
          0.0
        ],
        [
          -125.93,
          0.0,
          -432.019
        ],
        [
          13521.5,
          1593.25,
          8681.08
        ]
      ],
      "objLayer": 0,
      "props": {}
    },
    "bdt_t1_bomb_zone_01": {
      "type": "Sphere",
      "tm": [
        [
          -227.277,
          0.0,
          388.387
        ],
        [
          0.0,
          450.0,
          0.0
        ],
        [
          -388.387,
          0.0,
          -227.277
        ],
        [
          -10724.0,
          641.61,
          6513.37
        ]
      ],
      "objLayer": 0,
      "props": {}
    },
    "bdt_t1_bomb_zone_02": {
      "type": "Sphere",
      "tm": [
        [
          -391.022,
          0.0,
          222.712
        ],
        [
          0.0,
          450.0,
          0.0
        ],
        [
          -222.712,
          0.0,
          -391.022
        ],
        [
          -6800.6,
          563.77,
          -1237.31
        ]
      ],
      "objLayer": 0,
      "props": {}
    },
    "bdt_t1_bomb_zone_03": {
      "type": "Sphere",
      "tm": [
        [
          -375.11,
          0.0,
          248.58
        ],
        [
          0.0,
          450.0,
          0.0
        ],
        [
          -248.58,
          0.0,
          -375.11
        ],
        [
          -2903.98,
          281.42,
          12744.8
        ]
      ],
      "objLayer": 0,
      "props": {}
    },
    "bdt_t2_bomb_zone_04": {
      "type": "Sphere",
      "tm": [
        [
          -288.539,
          0.0,
          345.317
        ],
        [
          0.0,
          450.0,
          0.0
        ],
        [
          -345.317,
          0.0,
          -288.539
        ],
        [
          8037.8,
          651.32,
          -10425.2
        ]
      ],
      "objLayer": 0,
      "props": {}
    },
    "bdt_t1_bomb_zone_04": {
      "type": "Sphere",
      "tm": [
        [
          -375.11,
          0.0,
          248.58
        ],
        [
          0.0,
          450.0,
          0.0
        ],
        [
          -248.58,
          0.0,
          -375.11
        ],
        [
          6455.22,
          1807.27,
          14665.6
        ]
      ],
      "objLayer": 0,
      "props": {}
    },
    "bdt_t2_bomb_zone_01_aaa_point_01": {
      "type": "Point",
      "tm": [
        [
          -0.627171,
          0.0,
          0.77888
        ],
        [
          0.0,
          1.0,
          0.0
        ],
        [
          -0.77888,
          0.0,
          -0.627171
        ],
        [
          5681.27,
          654.94,
          -6960.75
        ]
      ],
      "objLayer": 0,
      "props": {}
    },
    "bdt_t2_bomb_zone_01_aaa_point_02": {
      "type": "Point",
      "tm": [
        [
          -0.627171,
          0.0,
          0.77888
        ],
        [
          0.0,
          1.0,
          0.0
        ],
        [
          -0.77888,
          0.0,
          -0.627171
        ],
        [
          5408.48,
          849.93,
          -7390.55
        ]
      ],
      "objLayer": 0,
      "props": {}
    },
    "bdt_t2_bomb_zone_01_aaa_point_03": {
      "type": "Point",
      "tm": [
        [
          -0.627171,
          0.0,
          0.77888
        ],
        [
          0.0,
          1.0,
          0.0
        ],
        [
          -0.77888,
          0.0,
          -0.627171
        ],
        [
          5327.71,
          835.1,
          -7303.05
        ]
      ],
      "objLayer": 0,
      "props": {}
    },
    "bdt_t2_bomb_zone_01_aaa_point_04": {
      "type": "Point",
      "tm": [
        [
          -0.627171,
          0.0,
          0.77888
        ],
        [
          0.0,
          1.0,
          0.0
        ],
        [
          -0.77888,
          0.0,
          -0.627171
        ],
        [
          4621.99,
          516.942,
          -7123.9
        ]
      ],
      "objLayer": 0,
      "props": {}
    },
    "bdt_t2_bomb_zone_02_aaa_point_01": {
      "type": "Point",
      "tm": [
        [
          -0.709686,
          0.0,
          0.704516
        ],
        [
          0.0,
          1.0,
          0.0
        ],
        [
          -0.704516,
          0.0,
          -0.709686
        ],
        [
          15010.0,
          2099.48,
          4955.83
        ]
      ],
      "objLayer": 0,
      "props": {}
    },
    "bdt_t2_bomb_zone_02_aaa_point_02": {
      "type": "Point",
      "tm": [
        [
          -0.709686,
          0.0,
          0.704516
        ],
        [
          0.0,
          1.0,
          0.0
        ],
        [
          -0.704516,
          0.0,
          -0.709686
        ],
        [
          14491.6,
          2101.32,
          4808.06
        ]
      ],
      "objLayer": 0,
      "props": {}
    },
    "bdt_t2_bomb_zone_02_aaa_point_03": {
      "type": "Point",
      "tm": [
        [
          -0.709686,
          0.0,
          0.704516
        ],
        [
          0.0,
          1.0,
          0.0
        ],
        [
          -0.704516,
          0.0,
          -0.709686
        ],
        [
          14869.1,
          2085.47,
          4730.82
        ]
      ],
      "objLayer": 0,
      "props": {}
    },
    "bdt_t2_bomb_zone_02_aaa_point_04": {
      "type": "Point",
      "tm": [
        [
          -0.709686,
          0.0,
          0.704516
        ],
        [
          0.0,
          1.0,
          0.0
        ],
        [
          -0.704516,
          0.0,
          -0.709686
        ],
        [
          14630.9,
          2099.41,
          5176.82
        ]
      ],
      "objLayer": 0,
      "props": {}
    },
    "bdt_t2_bomb_zone_03_aaa_point_01": {
      "type": "Point",
      "tm": [
        [
          -0.709686,
          0.0,
          0.704516
        ],
        [
          0.0,
          1.0,
          0.0
        ],
        [
          -0.704516,
          0.0,
          -0.709686
        ],
        [
          13693.8,
          1596.05,
          8924.19
        ]
      ],
      "objLayer": 0,
      "props": {}
    },
    "bdt_t2_bomb_zone_03_aaa_point_02": {
      "type": "Point",
      "tm": [
        [
          -0.709686,
          0.0,
          0.704516
        ],
        [
          0.0,
          1.0,
          0.0
        ],
        [
          -0.704516,
          0.0,
          -0.709686
        ],
        [
          13252.2,
          1589.99,
          8566.48
        ]
      ],
      "objLayer": 0,
      "props": {}
    },
    "bdt_t2_bomb_zone_03_aaa_point_03": {
      "type": "Point",
      "tm": [
        [
          -0.709686,
          0.0,
          0.704516
        ],
        [
          0.0,
          1.0,
          0.0
        ],
        [
          -0.704516,
          0.0,
          -0.709686
        ],
        [
          13482.7,
          1590.38,
          8363.13
        ]
      ],
      "objLayer": 0,
      "props": {}
    },
    "bdt_t2_bomb_zone_03_aaa_point_04": {
      "type": "Point",
      "tm": [
        [
          -0.709686,
          0.0,
          0.704516
        ],
        [
          0.0,
          1.0,
          0.0
        ],
        [
          -0.704516,
          0.0,
          -0.709686
        ],
        [
          13817.2,
          1595.91,
          8730.68
        ]
      ],
      "objLayer": 0,
      "props": {}
    },
    "bdt_t2_bomb_zone_04_aaa_point_01": {
      "type": "Point",
      "tm": [
        [
          -0.627171,
          0.0,
          0.77888
        ],
        [
          0.0,
          1.0,
          0.0
        ],
        [
          -0.77888,
          0.0,
          -0.627171
        ],
        [
          7708.15,
          711.0,
          -10383.4
        ]
      ],
      "objLayer": 0,
      "props": {}
    },
    "bdt_t2_bomb_zone_04_aaa_point_02": {
      "type": "Point",
      "tm": [
        [
          -0.627171,
          0.0,
          0.77888
        ],
        [
          0.0,
          1.0,
          0.0
        ],
        [
          -0.77888,
          0.0,
          -0.627171
        ],
        [
          8011.72,
          711.16,
          -10726.2
        ]
      ],
      "objLayer": 0,
      "props": {}
    },
    "bdt_t2_bomb_zone_04_aaa_point_03": {
      "type": "Point",
      "tm": [
        [
          -0.627171,
          0.0,
          0.77888
        ],
        [
          0.0,
          1.0,
          0.0
        ],
        [
          -0.77888,
          0.0,
          -0.627171
        ],
        [
          8150.46,
          518.94,
          -10183.5
        ]
      ],
      "objLayer": 0,
      "props": {}
    },
    "bdt_t2_bomb_zone_04_aaa_point_04": {
      "type": "Point",
      "tm": [
        [
          -0.627171,
          0.0,
          0.77888
        ],
        [
          0.0,
          1.0,
          0.0
        ],
        [
          -0.77888,
          0.0,
          -0.627171
        ],
        [
          8282.17,
          577.69,
          -10389.4
        ]
      ],
      "objLayer": 0,
      "props": {}
    },
    "bdt_t1_bomb_zone_01_aaa_point_01": {
      "type": "Point",
      "tm": [
        [
          -0.901045,
          0.0,
          0.433722
        ],
        [
          0.0,
          1.0,
          0.0
        ],
        [
          -0.433722,
          0.0,
          -0.901045
        ],
        [
          -10957.2,
          460.65,
          6615.71
        ]
      ],
      "objLayer": 0,
      "props": {}
    },
    "bdt_t1_bomb_zone_01_aaa_point_02": {
      "type": "Point",
      "tm": [
        [
          -0.901045,
          0.0,
          0.433722
        ],
        [
          0.0,
          1.0,
          0.0
        ],
        [
          -0.433722,
          0.0,
          -0.901045
        ],
        [
          -10529.0,
          619.9,
          6351.8
        ]
      ],
      "objLayer": 0,
      "props": {}
    },
    "bdt_t1_bomb_zone_01_aaa_point_03": {
      "type": "Point",
      "tm": [
        [
          -0.901045,
          0.0,
          0.433722
        ],
        [
          0.0,
          1.0,
          0.0
        ],
        [
          -0.433722,
          0.0,
          -0.901045
        ],
        [
          -10597.2,
          778.359,
          6709.35
        ]
      ],
      "objLayer": 0,
      "props": {}
    },
    "bdt_t1_bomb_zone_01_aaa_point_04": {
      "type": "Point",
      "tm": [
        [
          -0.901045,
          0.0,
          0.433722
        ],
        [
          0.0,
          1.0,
          0.0
        ],
        [
          -0.433722,
          0.0,
          -0.901045
        ],
        [
          -10475.7,
          716.04,
          6515.93
        ]
      ],
      "objLayer": 0,
      "props": {}
    },
    "bdt_t1_bomb_zone_02_aaa_point_01": {
      "type": "Point",
      "tm": [
        [
          -0.901045,
          0.0,
          0.433722
        ],
        [
          0.0,
          1.0,
          0.0
        ],
        [
          -0.433722,
          0.0,
          -0.901045
        ],
        [
          -7059.9,
          565.73,
          -1314.1
        ]
      ],
      "objLayer": 0,
      "props": {}
    },
    "bdt_t1_bomb_zone_02_aaa_point_02": {
      "type": "Point",
      "tm": [
        [
          -0.901045,
          0.0,
          0.433722
        ],
        [
          0.0,
          1.0,
          0.0
        ],
        [
          -0.433722,
          0.0,
          -0.901045
        ],
        [
          -6837.5,
          564.1,
          -1500.58
        ]
      ],
      "objLayer": 0,
      "props": {}
    },
    "bdt_t1_bomb_zone_02_aaa_point_03": {
      "type": "Point",
      "tm": [
        [
          -0.901045,
          0.0,
          0.433722
        ],
        [
          0.0,
          1.0,
          0.0
        ],
        [
          -0.433722,
          0.0,
          -0.901045
        ],
        [
          -6549.4,
          460.23,
          -863.4
        ]
      ],
      "objLayer": 0,
      "props": {}
    },
    "bdt_t1_bomb_zone_02_aaa_point_04": {
      "type": "Point",
      "tm": [
        [
          -0.901045,
          0.0,
          0.433722
        ],
        [
          0.0,
          1.0,
          0.0
        ],
        [
          -0.433722,
          0.0,
          -0.901045
        ],
        [
          -6521.7,
          424.36,
          -1411.91
        ]
      ],
      "objLayer": 0,
      "props": {}
    },
    "bdt_t1_bomb_zone_03_aaa_point_01": {
      "type": "Point",
      "tm": [
        [
          -0.847384,
          0.0,
          0.530981
        ],
        [
          0.0,
          1.0,
          0.0
        ],
        [
          -0.530981,
          0.0,
          -0.847384
        ],
        [
          -2609.5,
          434.08,
          12833.9
        ]
      ],
      "objLayer": 0,
      "props": {}
    },
    "bdt_t1_bomb_zone_03_aaa_point_02": {
      "type": "Point",
      "tm": [
        [
          -0.847384,
          0.0,
          0.530981
        ],
        [
          0.0,
          1.0,
          0.0
        ],
        [
          -0.530981,
          0.0,
          -0.847384
        ],
        [
          -3131.04,
          278.47,
          12660.7
        ]
      ],
      "objLayer": 0,
      "props": {}
    },
    "bdt_t1_bomb_zone_03_aaa_point_03": {
      "type": "Point",
      "tm": [
        [
          -0.847384,
          0.0,
          0.530981
        ],
        [
          0.0,
          1.0,
          0.0
        ],
        [
          -0.530981,
          0.0,
          -0.847384
        ],
        [
          -2936.23,
          285.24,
          12459.9
        ]
      ],
      "objLayer": 0,
      "props": {}
    },
    "bdt_t1_bomb_zone_03_aaa_point_04": {
      "type": "Point",
      "tm": [
        [
          -0.847384,
          0.0,
          0.530981
        ],
        [
          0.0,
          1.0,
          0.0
        ],
        [
          -0.530981,
          0.0,
          -0.847384
        ],
        [
          -2970.47,
          283.03,
          12997.1
        ]
      ],
      "objLayer": 0,
      "props": {}
    },
    "bdt_t1_bomb_zone_04_aaa_point_01": {
      "type": "Point",
      "tm": [
        [
          -0.847384,
          0.0,
          0.530981
        ],
        [
          0.0,
          1.0,
          0.0
        ],
        [
          -0.530981,
          0.0,
          -0.847384
        ],
        [
          6283.15,
          1747.21,
          14931.6
        ]
      ],
      "objLayer": 0,
      "props": {}
    },
    "bdt_t1_bomb_zone_04_aaa_point_02": {
      "type": "Point",
      "tm": [
        [
          -0.847384,
          0.0,
          0.530981
        ],
        [
          0.0,
          1.0,
          0.0
        ],
        [
          -0.530981,
          0.0,
          -0.847384
        ],
        [
          6206.69,
          1631.3,
          14619.7
        ]
      ],
      "objLayer": 0,
      "props": {}
    },
    "bdt_t1_bomb_zone_04_aaa_point_03": {
      "type": "Point",
      "tm": [
        [
          -0.847384,
          0.0,
          0.530981
        ],
        [
          0.0,
          1.0,
          0.0
        ],
        [
          -0.530981,
          0.0,
          -0.847384
        ],
        [
          6614.77,
          1897.33,
          14908.9
        ]
      ],
      "objLayer": 0,
      "props": {}
    },
    "bdt_t1_bomb_zone_04_aaa_point_04": {
      "type": "Point",
      "tm": [
        [
          -0.847384,
          0.0,
          0.530981
        ],
        [
          0.0,
          1.0,
          0.0
        ],
        [
          -0.530981,
          0.0,
          -0.847384
        ],
        [
          6443.12,
          1712.18,
          14351.9
        ]
      ],
      "objLayer": 0,
      "props": {}
    },
    "bdt_t1_bomb_zone_05": {
      "type": "Sphere",
      "tm": [
        [
          -375.11,
          0.0,
          248.58
        ],
        [
          0.0,
          450.0,
          0.0
        ],
        [
          -248.58,
          0.0,
          -375.11
        ],
        [
          3960.03,
          2590.27,
          18536.2
        ]
      ],
      "objLayer": 0,
      "props": {}
    },
    "bdt_t1_bomb_zone_06": {
      "type": "Sphere",
      "tm": [
        [
          -375.11,
          0.0,
          248.58
        ],
        [
          0.0,
          450.0,
          0.0
        ],
        [
          -248.58,
          0.0,
          -375.11
        ],
        [
          -2359.96,
          2045.2,
          16678.2
        ]
      ],
      "objLayer": 0,
      "props": {}
    },
    "bdt_t1_bomb_zone_07": {
      "type": "Sphere",
      "tm": [
        [
          -375.11,
          0.0,
          248.58
        ],
        [
          0.0,
          450.0,
          0.0
        ],
        [
          -248.58,
          0.0,
          -375.11
        ],
        [
          2091.01,
          2170.88,
          14937.6
        ]
      ],
      "objLayer": 0,
      "props": {}
    },
    "bdt_t1_bomb_zone_08": {
      "type": "Sphere",
      "tm": [
        [
          -227.277,
          0.0,
          388.387
        ],
        [
          0.0,
          450.0,
          0.0
        ],
        [
          -388.387,
          0.0,
          -227.277
        ],
        [
          -9714.55,
          850.43,
          303.46
        ]
      ],
      "objLayer": 0,
      "props": {}
    },
    "bdt_t1_bomb_zone_09": {
      "type": "Sphere",
      "tm": [
        [
          -227.277,
          0.0,
          388.387
        ],
        [
          0.0,
          450.0,
          0.0
        ],
        [
          -388.387,
          0.0,
          -227.277
        ],
        [
          -6832.1,
          715.46,
          8941.35
        ]
      ],
      "objLayer": 0,
      "props": {}
    },
    "bdt_t1_bomb_zone_10": {
      "type": "Sphere",
      "tm": [
        [
          -227.277,
          0.0,
          388.387
        ],
        [
          0.0,
          450.0,
          0.0
        ],
        [
          -388.387,
          0.0,
          -227.277
        ],
        [
          -7600.3,
          718.28,
          3453.63
        ]
      ],
      "objLayer": 0,
      "props": {}
    },
    "bdt_t1_bomb_zone_05_aaa_point_01": {
      "type": "Point",
      "tm": [
        [
          -0.847384,
          0.0,
          0.530981
        ],
        [
          0.0,
          1.0,
          0.0
        ],
        [
          -0.530981,
          0.0,
          -0.847384
        ],
        [
          4179.35,
          2590.53,
          18371.9
        ]
      ],
      "objLayer": 0,
      "props": {}
    },
    "bdt_t1_bomb_zone_05_aaa_point_02": {
      "type": "Point",
      "tm": [
        [
          -0.847384,
          0.0,
          0.530981
        ],
        [
          0.0,
          1.0,
          0.0
        ],
        [
          -0.530981,
          0.0,
          -0.847384
        ],
        [
          4115.04,
          2589.63,
          18547.9
        ]
      ],
      "objLayer": 0,
      "props": {}
    },
    "bdt_t1_bomb_zone_05_aaa_point_03": {
      "type": "Point",
      "tm": [
        [
          -0.847384,
          0.0,
          0.530981
        ],
        [
          0.0,
          1.0,
          0.0
        ],
        [
          -0.530981,
          0.0,
          -0.847384
        ],
        [
          3736.52,
          2590.84,
          18717.4
        ]
      ],
      "objLayer": 0,
      "props": {}
    },
    "bdt_t1_bomb_zone_05_aaa_point_04": {
      "type": "Point",
      "tm": [
        [
          -0.847384,
          0.0,
          0.530981
        ],
        [
          0.0,
          1.0,
          0.0
        ],
        [
          -0.530981,
          0.0,
          -0.847384
        ],
        [
          3686.71,
          2555.52,
          18487.9
        ]
      ],
      "objLayer": 0,
      "props": {}
    },
    "bdt_t1_bomb_zone_06_aaa_point_01": {
      "type": "Point",
      "tm": [
        [
          -0.847384,
          0.0,
          0.530981
        ],
        [
          0.0,
          1.0,
          0.0
        ],
        [
          -0.530981,
          0.0,
          -0.847384
        ],
        [
          -2055.95,
          2002.7,
          16824.4
        ]
      ],
      "objLayer": 0,
      "props": {}
    },
    "bdt_t1_bomb_zone_06_aaa_point_02": {
      "type": "Point",
      "tm": [
        [
          -0.847384,
          0.0,
          0.530981
        ],
        [
          0.0,
          1.0,
          0.0
        ],
        [
          -0.530981,
          0.0,
          -0.847384
        ],
        [
          -2057.25,
          2039.51,
          16561.1
        ]
      ],
      "objLayer": 0,
      "props": {}
    },
    "bdt_t1_bomb_zone_06_aaa_point_03": {
      "type": "Point",
      "tm": [
        [
          -0.847384,
          0.0,
          0.530981
        ],
        [
          0.0,
          1.0,
          0.0
        ],
        [
          -0.530981,
          0.0,
          -0.847384
        ],
        [
          -2532.53,
          1956.27,
          16421.9
        ]
      ],
      "objLayer": 0,
      "props": {}
    },
    "bdt_t1_bomb_zone_06_aaa_point_04": {
      "type": "Point",
      "tm": [
        [
          -0.847384,
          0.0,
          0.530981
        ],
        [
          0.0,
          1.0,
          0.0
        ],
        [
          -0.530981,
          0.0,
          -0.847384
        ],
        [
          -2517.42,
          2104.15,
          16931.0
        ]
      ],
      "objLayer": 0,
      "props": {}
    },
    "bdt_t1_bomb_zone_07_aaa_point_01": {
      "type": "Point",
      "tm": [
        [
          -0.847384,
          0.0,
          0.530981
        ],
        [
          0.0,
          1.0,
          0.0
        ],
        [
          -0.530981,
          0.0,
          -0.847384
        ],
        [
          1825.44,
          2143.67,
          14795.3
        ]
      ],
      "objLayer": 0,
      "props": {}
    },
    "bdt_t1_bomb_zone_07_aaa_point_02": {
      "type": "Point",
      "tm": [
        [
          -0.847384,
          0.0,
          0.530981
        ],
        [
          0.0,
          1.0,
          0.0
        ],
        [
          -0.530981,
          0.0,
          -0.847384
        ],
        [
          2400.63,
          2173.86,
          15098.3
        ]
      ],
      "objLayer": 0,
      "props": {}
    },
    "bdt_t1_bomb_zone_07_aaa_point_03": {
      "type": "Point",
      "tm": [
        [
          -0.847384,
          0.0,
          0.530981
        ],
        [
          0.0,
          1.0,
          0.0
        ],
        [
          -0.530981,
          0.0,
          -0.847384
        ],
        [
          1921.65,
          2318.59,
          15227.8
        ]
      ],
      "objLayer": 0,
      "props": {}
    },
    "bdt_t1_bomb_zone_07_aaa_point_04": {
      "type": "Point",
      "tm": [
        [
          -0.847384,
          0.0,
          0.530981
        ],
        [
          0.0,
          1.0,
          0.0
        ],
        [
          -0.530981,
          0.0,
          -0.847384
        ],
        [
          2066.75,
          2163.83,
          14536.7
        ]
      ],
      "objLayer": 0,
      "props": {}
    },
    "bdt_t1_bomb_zone_08_aaa_point_01": {
      "type": "Point",
      "tm": [
        [
          -0.901045,
          0.0,
          0.433722
        ],
        [
          0.0,
          1.0,
          0.0
        ],
        [
          -0.433722,
          0.0,
          -0.901045
        ],
        [
          -9775.25,
          793.25,
          -1.20003
        ]
      ],
      "objLayer": 0,
      "props": {}
    },
    "bdt_t1_bomb_zone_08_aaa_point_02": {
      "type": "Point",
      "tm": [
        [
          -0.901045,
          0.0,
          0.433722
        ],
        [
          0.0,
          1.0,
          0.0
        ],
        [
          -0.433722,
          0.0,
          -0.901045
        ],
        [
          -9409.35,
          865.34,
          282.27
        ]
      ],
      "objLayer": 0,
      "props": {}
    },
    "bdt_t1_bomb_zone_08_aaa_point_03": {
      "type": "Point",
      "tm": [
        [
          -0.901045,
          0.0,
          0.433722
        ],
        [
          0.0,
          1.0,
          0.0
        ],
        [
          -0.433722,
          0.0,
          -0.901045
        ],
        [
          -9616.75,
          895.11,
          647.76
        ]
      ],
      "objLayer": 0,
      "props": {}
    },
    "bdt_t1_bomb_zone_08_aaa_point_04": {
      "type": "Point",
      "tm": [
        [
          -0.901045,
          0.0,
          0.433722
        ],
        [
          0.0,
          1.0,
          0.0
        ],
        [
          -0.433722,
          0.0,
          -0.901045
        ],
        [
          -9962.25,
          807.45,
          416.32
        ]
      ],
      "objLayer": 0,
      "props": {}
    },
    "bdt_t1_bomb_zone_09_aaa_point_01": {
      "type": "Point",
      "tm": [
        [
          -0.901045,
          0.0,
          0.433722
        ],
        [
          0.0,
          1.0,
          0.0
        ],
        [
          -0.433722,
          0.0,
          -0.901045
        ],
        [
          -6471.8,
          638.22,
          8675.16
        ]
      ],
      "objLayer": 0,
      "props": {}
    },
    "bdt_t1_bomb_zone_09_aaa_point_02": {
      "type": "Point",
      "tm": [
        [
          -0.901045,
          0.0,
          0.433722
        ],
        [
          0.0,
          1.0,
          0.0
        ],
        [
          -0.433722,
          0.0,
          -0.901045
        ],
        [
          -6490.5,
          573.85,
          9168.78
        ]
      ],
      "objLayer": 0,
      "props": {}
    },
    "bdt_t1_bomb_zone_09_aaa_point_03": {
      "type": "Point",
      "tm": [
        [
          -0.901045,
          0.0,
          0.433722
        ],
        [
          0.0,
          1.0,
          0.0
        ],
        [
          -0.433722,
          0.0,
          -0.901045
        ],
        [
          -6986.9,
          749.06,
          8468.48
        ]
      ],
      "objLayer": 0,
      "props": {}
    },
    "bdt_t1_bomb_zone_09_aaa_point_04": {
      "type": "Point",
      "tm": [
        [
          -0.901045,
          0.0,
          0.433722
        ],
        [
          0.0,
          1.0,
          0.0
        ],
        [
          -0.433722,
          0.0,
          -0.901045
        ],
        [
          -6913.3,
          610.56,
