{
  "selected_tag": "",
  "bin_dump_file": "",
  "mission_settings": {
    "player": {
      "army": 1
    },
    "player_teamB": {
      "army": 2
    },
    "mission": {
      "level": "levels/air_smolensk.bin",
      "type": "domination",
      "environment": "Day",
      "weather": "hazy",
      "restoreType": "attempts",
      "optionalTakeOff": false
    }
  },
  "imports": {},
  "triggers": {
    "isCategory": true,
    "is_enabled": true
  },
  "mission_objectives": {
    "isCategory": true,
    "is_enabled": true
  },
  "variables": {},
  "dialogs": {},
  "airfields": {},
  "effects": {},
  "units": {
    "objectGroups": [
      {
        "name": "bdt_t2_bomb_object_01",
        "tm": [
          [
            -0.0850938,
            0.0,
            0.996371
          ],
          [
            0.0,
            1.0,
            0.0
          ],
          [
            -0.996371,
            0.0,
            -0.0850938
          ],
          [
            499.425,
            664.144,
            -7261.04
          ]
        ],
        "unit_class": "dynBase_hq_camp_square",
        "objLayer": 2,
        "props": {
          "army": 2,
          "active": true
        }
      },
      {
        "name": "bdt_t2_bomb_object_02",
        "tm": [
          [
            0.518788,
            0.0,
            0.854906
          ],
          [
            0.0,
            1.0,
            0.0
          ],
          [
            -0.854906,
            0.0,
            0.518788
          ],
          [
            6455.09,
            462.019,
            -3084.49
          ]
        ],
        "unit_class": "dynBase_fuel_storage_square",
        "objLayer": 2,
        "props": {
          "army": 2,
          "active": true
        }
      },
      {
        "name": "bdt_t2_bomb_object_03",
        "tm": [
          [
            -0.960048,
            0.0,
            0.279841
          ],
          [
            0.0,
            1.0,
            0.0
          ],
          [
            -0.279841,
            0.0,
            -0.960048
          ],
          [
            7035.53,
            1704.81,
            228.416
          ]
        ],
        "unit_class": "dynBase_oil_storage_small_square",
        "objLayer": 2,
        "props": {
          "army": 2,
          "active": true
        }
      },
      {
        "name": "bdt_t1_bomb_object_01",
        "tm": [
          [
            -0.505066,
            0.0,
            0.86308
          ],
          [
            0.0,
            1.0,
            0.0
          ],
          [
            -0.86308,
            0.0,
            -0.505066
          ],
          [
            -12061.5,
            2671.57,
            -3310.8
          ]
        ],
        "unit_class": "dynBase_fuel_storage_square",
        "objLayer": 2,
        "props": {
          "army": 1,
          "active": true
        }
      },
      {
        "name": "bdt_t1_bomb_object_02",
        "tm": [
          [
            -0.955462,
            0.0,
            0.295111
          ],
          [
            0.0,
            1.0,
            0.0
          ],
          [
            -0.295111,
            0.0,
            -0.955462
          ],
          [
            -7075.16,
            547.429,
            -997.966
          ]
        ],
        "unit_class": "dynBase_small_factory_square",
        "objLayer": 2,
        "props": {
          "army": 1,
          "active": false
        }
      },
      {
        "name": "bdt_t1_bomb_object_03",
        "tm": [
          [
            -0.981071,
            0.0,
            0.193644
          ],
          [
            0.0,
            1.0,
            0.0
          ],
          [
            -0.193644,
            0.0,
            -0.981071
          ],
          [
            -3383.91,
            530.085,
            6233.23
          ]
        ],
        "unit_class": "dynBase_oil_storage_small_square",
        "objLayer": 2,
        "props": {
          "army": 1,
          "active": false
        }
      },
      {
        "name": "bdt_t2_bomb_object_04",
        "tm": [
          [
            -0.641205,
            0.0,
            0.767371
          ],
          [
            0.0,
            1.0,
            0.0
          ],
          [
            -0.767371,
            0.0,
            -0.641205
          ],
          [
            2988.97,
            713.123,
            -9362.52
          ]
        ],
        "unit_class": "dynBase_small_factory_square",
        "objLayer": 2,
        "props": {
          "army": 2,
          "active": true
        }
      },
      {
        "name": "bdt_t1_bomb_object_04",
        "tm": [
          [
            -0.851242,
            0.0,
            0.524775
          ],
          [
            0.0,
            1.0,
            0.0
          ],
          [
            -0.524775,
            0.0,
            -0.851242
          ],
          [
            -584.286,
            464.013,
            7136.33
          ]
        ],
        "unit_class": "dynBase_field_camp_square",
        "objLayer": 2,
        "props": {
          "army": 1,
          "active": false
        }
      },
      {
        "name": "bdt_t1_bomb_object_05",
        "tm": [
          [
            -0.851242,
            0.0,
            0.524775
          ],
          [
            0.0,
            1.0,
            0.0
          ],
          [
            -0.524775,
            0.0,
            -0.851242
          ],
          [
            1939.67,
            516.258,
            6160.51
          ]
        ],
        "unit_class": "dynBase_military_base_square",
        "objLayer": 2,
        "props": {
          "army": 1,
          "active": false
        }
      },
      {
        "name": "bdt_t1_bomb_object_06",
        "tm": [
          [
            -0.851242,
            0.0,
            0.524775
          ],
          [
            0.0,
            1.0,
            0.0
          ],
          [
            -0.524775,
            0.0,
            -0.851242
          ],
          [
            -1992.75,
            523.451,
            9274.2
          ]
        ],
        "unit_class": "dynBase_oil_storage_large_square",
        "objLayer": 2,
        "props": {
          "army": 1,
          "active": false
        }
      },
      {
        "name": "bdt_t1_bomb_object_07",
        "tm": [
          [
            -0.851242,
            0.0,
            0.524775
          ],
          [
            0.0,
            1.0,
            0.0
          ],
          [
            -0.524775,
            0.0,
            -0.851242
          ],
          [
            1839.43,
            2016.09,
            10310.0
          ]
        ],
        "unit_class": "dynBase_oil_storage_large_square",
        "objLayer": 2,
        "props": {
          "army": 1,
          "active": false
        }
      },
      {
        "name": "bdt_t1_bomb_object_08",
        "tm": [
          [
            -0.505066,
            0.0,
            0.86308
          ],
          [
            0.0,
            1.0,
            0.0
          ],
          [
            -0.86308,
            0.0,
            -0.505066
          ],
          [
            -6836.64,
            481.973,
            -3122.91
          ]
        ],
        "unit_class": "dynBase_small_factory_square",
        "objLayer": 2,
        "props": {
          "army": 1,
          "active": true
        }
      },
      {
        "name": "bdt_t1_bomb_object_09",
        "tm": [
          [
            -0.505066,
            0.0,
            0.86308
          ],
          [
            0.0,
            1.0,
            0.0
          ],
          [
            -0.86308,
            0.0,
            -0.505066
          ],
          [
            -6220.79,
            640.175,
            2480.49
          ]
        ],
        "unit_class": "dynBase_petrol_camp_square",
        "objLayer": 2,
        "props": {
          "army": 1,
          "active": true
        }
      },
      {
        "name": "bdt_t1_bomb_object_10",
        "tm": [
          [
            -0.505066,
            0.0,
            0.86308
          ],
          [
            0.0,
            1.0,
            0.0
          ],
          [
            -0.86308,
            0.0,
            -0.505066
          ],
          [
            -8677.46,
            543.824,
            1313.98
          ]
        ],
        "unit_class": "dynBase_petrol_camp_square",
        "objLayer": 2,
        "props": {
          "army": 1,
          "active": true
        }
      },
      {
        "name": "bdt_t2_bomb_object_05",
        "tm": [
          [
            -0.641205,
            0.0,
            0.767371
          ],
          [
            0.0,
            1.0,
            0.0
          ],
          [
            -0.767371,
            0.0,
            -0.641205
          ],
          [
            -1235.22,
            876.654,
            -9800.15
          ]
        ],
        "unit_class": "dynBase_petrol_camp_square",
        "objLayer": 2,
        "props": {
          "army": 2,
          "active": true
        }
      },
      {
        "name": "bdt_t2_bomb_object_06",
        "tm": [
          [
            -0.926328,
            0.0,
            0.376723
          ],
          [
            0.0,
            1.0,
            0.0
          ],
          [
            -0.376723,
            0.0,
            -0.926328
          ],
          [
            -2245.37,
            664.898,
            -6977.35
          ]
        ],
        "unit_class": "dynBase_military_base_square",
        "objLayer": 2,
        "props": {
          "army": 2,
          "active": true
        }
      },
      {
        "name": "bdt_t2_bomb_object_07",
        "tm": [
          [
            -0.641205,
            0.0,
            0.767371
          ],
          [
            0.0,
            1.0,
            0.0
          ],
          [
            -0.767371,
            0.0,
            -0.641205
          ],
          [
            3682.81,
            741.176,
            -5901.21
          ]
        ],
        "unit_class": "dynBase_fuel_storage_square",
        "objLayer": 2,
        "props": {
          "army": 2,
          "active": true
        }
      },
      {
        "name": "bdt_t2_bomb_object_08",
        "tm": [
          [
            -0.960048,
            0.0,
            0.279841
          ],
          [
            0.0,
            1.0,
            0.0
          ],
          [
            -0.279841,
            0.0,
            -0.960048
          ],
          [
            9400.42,
            585.539,
            -3019.88
          ]
        ],
        "unit_class": "dynBase_ammunition_storage_square",
        "objLayer": 2,
        "props": {
          "army": 2,
          "active": true
        }
      },
      {
        "name": "bdt_t2_bomb_object_09",
        "tm": [
          [
            -0.960048,
            0.0,
            0.279841
          ],
          [
            0.0,
            1.0,
            0.0
          ],
          [
            -0.279841,
            0.0,
            -0.960048
          ],
          [
            7844.4,
            2150.86,
            5210.87
          ]
        ],
        "unit_class": "dynBase_field_camp_square",
        "objLayer": 2,
        "props": {
          "army": 2,
          "active": true
        }
      },
      {
        "name": "bdt_t2_bomb_object_10",
        "tm": [
          [
            -0.960048,
            0.0,
            0.279841
          ],
          [
            0.0,
            1.0,
            0.0
          ],
          [
            -0.279841,
            0.0,
            -0.960048
          ],
          [
            10575.2,
            2275.04,
            1899.58
          ]
        ],
        "unit_class": "dynBase_oil_storage_small_square",
        "objLayer": 2,
        "props": {
          "army": 2,
          "active": true
        }
      }
    ]
  },
  "areas": {
    "bdt_t2_bomb_zone_01": {
      "type": "Sphere",
      "tm": [
        [
          -38.2925,
          0.0,
          448.369
        ],
        [
          0.0,
          450.0,
          0.0
        ],
        [
          -448.369,
          0.0,
          -38.2925
        ],
        [
          506.258,
          664.704,
          -7262.85
        ]
      ],
      "objLayer": 0,
      "props": {}
    },
    "bdt_t2_bomb_zone_02": {
      "type": "Sphere",
      "tm": [
        [
          -87.7851,
          0.0,
          441.355
        ],
        [
          0.0,
          450.0,
          0.0
        ],
        [
          -441.355,
          0.0,
          -87.7851
        ],
        [
          6434.1,
          460.399,
          -3078.95
        ]
      ],
      "objLayer": 0,
      "props": {}
    },
    "bdt_t2_bomb_zone_03": {
      "type": "Sphere",
      "tm": [
        [
          -432.02,
          0.0,
          125.93
        ],
        [
          0.0,
          450.0,
          0.0
        ],
        [
          -125.93,
          0.0,
          -432.02
        ],
        [
          7038.29,
          1705.51,
          219.057
        ]
      ],
      "objLayer": 0,
      "props": {}
    },
    "bdt_t1_bomb_zone_01": {
      "type": "Sphere",
      "tm": [
        [
          -227.278,
          0.0,
          388.387
        ],
        [
          0.0,
          450.0,
          0.0
        ],
        [
          -388.387,
          0.0,
          -227.278
        ],
        [
          -12070.3,
          2686.23,
          -3301.77
        ]
      ],
      "objLayer": 0,
      "props": {}
    },
    "bdt_t1_bomb_zone_02": {
      "type": "Sphere",
      "tm": [
        [
          -391.022,
          0.0,
          222.713
        ],
        [
          0.0,
          450.0,
          0.0
        ],
        [
          -222.713,
          0.0,
          -391.022
        ],
        [
          -7079.77,
          548.419,
          -997.825
        ]
      ],
      "objLayer": 0,
      "props": {}
    },
    "bdt_t1_bomb_zone_03": {
      "type": "Sphere",
      "tm": [
        [
          -375.109,
          0.0,
          248.579
        ],
        [
          0.0,
          450.0,
          0.0
        ],
        [
          -248.579,
          0.0,
          -375.109
        ],
        [
          -3388.86,
          529.416,
          6235.86
        ]
      ],
      "objLayer": 0,
      "props": {}
    },
    "bdt_t2_bomb_zone_04": {
      "type": "Sphere",
      "tm": [
        [
          -288.54,
          0.0,
          345.316
        ],
        [
          0.0,
          450.0,
          0.0
        ],
        [
          -345.316,
          0.0,
          -288.54
        ],
        [
          2985.38,
          712.193,
          -9355.41
        ]
      ],
      "objLayer": 0,
      "props": {}
    },
    "bdt_t1_bomb_zone_04": {
      "type": "Sphere",
      "tm": [
        [
          -375.109,
          0.0,
          248.579
        ],
        [
          0.0,
          450.0,
          0.0
        ],
        [
          -248.579,
          0.0,
          -375.109
        ],
        [
          -587.689,
          464.673,
          7131.63
        ]
      ],
      "objLayer": 0,
      "props": {}
    },
    "bdt_t2_bomb_zone_01_aaa_point_01": {
      "type": "Point",
      "tm": [
        [
          -0.627171,
          0.0,
          0.77888
        ],
        [
          0.0,
          1.0,
          0.0
        ],
        [
          -0.77888,
          0.0,
          -0.627171
        ],
        [
          663.805,
          654.754,
          -7101.62
        ]
      ],
      "objLayer": 0,
      "props": {}
    },
    "bdt_t2_bomb_zone_01_aaa_point_02": {
      "type": "Point",
      "tm": [
        [
          -0.627171,
          0.0,
          0.77888
        ],
        [
          0.0,
          1.0,
          0.0
        ],
        [
          -0.77888,
          0.0,
          -0.627171
        ],
        [
          391.002,
          693.294,
          -7531.31
        ]
      ],
      "objLayer": 0,
      "props": {}
    },
    "bdt_t2_bomb_zone_01_aaa_point_03": {
      "type": "Point",
      "tm": [
        [
          -0.627171,
          0.0,
          0.77888
        ],
        [
          0.0,
          1.0,
          0.0
        ],
        [
          -0.77888,
          0.0,
          -0.627171
        ],
        [
          310.245,
          678.284,
          -7443.89
        ]
      ],
      "objLayer": 0,
      "props": {}
    },
    "bdt_t2_bomb_zone_01_aaa_point_04": {
      "type": "Point",
      "tm": [
        [
          -0.627171,
          0.0,
          0.77888
        ],
        [
          0.0,
          1.0,
          0.0
        ],
        [
          -0.77888,
          0.0,
          -0.627171
        ],
        [
          -13.7165,
          599.534,
          -7164.64
        ]
      ],
      "objLayer": 0,
      "props": {}
    },
    "bdt_t2_bomb_zone_02_aaa_point_01": {
      "type": "Point",
      "tm": [
        [
          -0.709687,
          0.0,
          0.704515
        ],
        [
          0.0,
          1.0,
          0.0
        ],
        [
          -0.704515,
          0.0,
          -0.709687
        ],
        [
          6680.32,
          494.069,
          -3112.86
        ]
      ],
      "objLayer": 0,
      "props": {}
    },
    "bdt_t2_bomb_zone_02_aaa_point_02": {
      "type": "Point",
      "tm": [
        [
          -0.709687,
          0.0,
          0.704515
        ],
        [
          0.0,
          1.0,
          0.0
        ],
        [
          -0.704515,
          0.0,
          -0.709687
        ],
        [
          6161.95,
          524.319,
          -3260.73
        ]
      ],
      "objLayer": 0,
      "props": {}
    },
    "bdt_t2_bomb_zone_02_aaa_point_03": {
      "type": "Point",
      "tm": [
        [
          -0.709687,
          0.0,
          0.704515
        ],
        [
          0.0,
          1.0,
          0.0
        ],
        [
          -0.704515,
          0.0,
          -0.709687
        ],
        [
          6539.46,
          580.279,
          -3337.98
        ]
      ],
      "objLayer": 0,
      "props": {}
    },
    "bdt_t2_bomb_zone_02_aaa_point_04": {
      "type": "Point",
      "tm": [
        [
          -0.709687,
          0.0,
          0.704515
        ],
        [
          0.0,
          1.0,
          0.0
        ],
        [
          -0.704515,
          0.0,
          -0.709687
        ],
        [
          6301.25,
          433.539,
          -2891.88
        ]
      ],
      "objLayer": 0,
      "props": {}
    },
    "bdt_t2_bomb_zone_03_aaa_point_01": {
      "type": "Point",
      "tm": [
        [
          -0.709687,
          0.0,
          0.704515
        ],
        [
          0.0,
          1.0,
          0.0
        ],
        [
          -0.704515,
          0.0,
          -0.709687
        ],
        [
          7210.66,
          1778.89,
          462.057
        ]
      ],
      "objLayer": 0,
      "props": {}
    },
    "bdt_t2_bomb_zone_03_aaa_point_02": {
      "type": "Point",
      "tm": [
        [
          -0.709687,
          0.0,
          0.704515
        ],
        [
          0.0,
          1.0,
          0.0
        ],
        [
          -0.704515,
          0.0,
          -0.709687
        ],
        [
          6769.05,
          1608.27,
          104.451
        ]
      ],
      "objLayer": 0,
      "props": {}
    },
    "bdt_t2_bomb_zone_03_aaa_point_03": {
      "type": "Point",
      "tm": [
        [
          -0.709687,
          0.0,
          0.704515
        ],
        [
          0.0,
          1.0,
          0.0
        ],
        [
          -0.704515,
          0.0,
          -0.709687
        ],
        [
          6999.5,
          1694.36,
          -99.0031
        ]
      ],
      "objLayer": 0,
      "props": {}
    },
    "bdt_t2_bomb_zone_03_aaa_point_04": {
      "type": "Point",
      "tm": [
        [
          -0.709687,
          0.0,
          0.704515
        ],
        [
          0.0,
          1.0,
          0.0
        ],
        [
          -0.704515,
          0.0,
          -0.709687
        ],
        [
          7334.13,
          1745.41,
          268.648
        ]
      ],
      "objLayer": 0,
      "props": {}
    },
    "bdt_t2_bomb_zone_04_aaa_point_01": {
      "type": "Point",
      "tm": [
        [
          -0.627171,
          0.0,
          0.77888
        ],
        [
          0.0,
          1.0,
          0.0
        ],
        [
          -0.77888,
          0.0,
          -0.627171
        ],
        [
          2655.74,
          713.513,
          -9313.75
        ]
      ],
      "objLayer": 0,
      "props": {}
    },
    "bdt_t2_bomb_zone_04_aaa_point_02": {
      "type": "Point",
      "tm": [
        [
          -0.627171,
          0.0,
          0.77888
        ],
        [
          0.0,
          1.0,
          0.0
        ],
        [
          -0.77888,
          0.0,
          -0.627171
        ],
        [
          2959.31,
          755.533,
          -9656.54
        ]
      ],
      "objLayer": 0,
      "props": {}
    },
    "bdt_t2_bomb_zone_04_aaa_point_03": {
      "type": "Point",
      "tm": [
        [
          -0.627171,
          0.0,
          0.77888
        ],
        [
          0.0,
          1.0,
          0.0
        ],
        [
          -0.77888,
          0.0,
          -0.627171
        ],
        [
          3098.03,
          681.313,
          -9113.85
        ]
      ],
      "objLayer": 0,
      "props": {}
    },
    "bdt_t2_bomb_zone_04_aaa_point_04": {
      "type": "Point",
      "tm": [
        [
          -0.627171,
          0.0,
          0.77888
        ],
        [
          0.0,
          1.0,
          0.0
        ],
        [
          -0.77888,
          0.0,
          -0.627171
        ],
        [
          3229.73,
          701.763,
          -9319.72
        ]
      ],
      "objLayer": 0,
      "props": {}
    },
    "bdt_t1_bomb_zone_01_aaa_point_01": {
      "type": "Point",
      "tm": [
        [
          -0.901047,
          0.0,
          0.433722
        ],
        [
          0.0,
          1.0,
          0.0
        ],
        [
          -0.433722,
          0.0,
          -0.901047
        ],
        [
          -12303.6,
          2796.44,
          -3199.44
        ]
      ],
      "objLayer": 0,
      "props": {}
    },
    "bdt_t1_bomb_zone_01_aaa_point_02": {
      "type": "Point",
      "tm": [
        [
          -0.901047,
          0.0,
          0.433722
        ],
        [
          0.0,
          1.0,
          0.0
        ],
        [
          -0.433722,
          0.0,
          -0.901047
        ],
        [
          -11875.5,
          2658.8,
          -3463.25
        ]
      ],
      "objLayer": 0,
      "props": {}
    },
    "bdt_t1_bomb_zone_01_aaa_point_03": {
      "type": "Point",
      "tm": [
        [
          -0.901047,
          0.0,
          0.433722
        ],
        [
          0.0,
          1.0,
          0.0
        ],
        [
          -0.433722,
          0.0,
          -0.901047
        ],
        [
          -11943.8,
          2590.05,
          -3105.71
        ]
      ],
      "objLayer": 0,
      "props": {}
    },
    "bdt_t1_bomb_zone_01_aaa_point_04": {
      "type": "Point",
      "tm": [
        [
          -0.901047,
          0.0,
          0.433722
        ],
        [
          0.0,
          1.0,
          0.0
        ],
        [
          -0.433722,
          0.0,
          -0.901047
        ],
        [
          -11822.1,
          2533.54,
          -3299.21
        ]
      ],
      "objLayer": 0,
      "props": {}
    },
    "bdt_t1_bomb_zone_02_aaa_point_01": {
      "type": "Point",
      "tm": [
        [
          -0.901047,
          0.0,
          0.433722
        ],
        [
          0.0,
          1.0,
          0.0
        ],
        [
          -0.433722,
          0.0,
          -0.901047
        ],
        [
          -7339.09,
          621.839,
          -1074.62
        ]
      ],
      "objLayer": 0,
      "props": {}
    },
    "bdt_t1_bomb_zone_02_aaa_point_02": {
      "type": "Point",
      "tm": [
        [
          -0.901047,
          0.0,
          0.433722
        ],
        [
          0.0,
          1.0,
          0.0
        ],
        [
          -0.433722,
          0.0,
          -0.901047
        ],
        [
          -7116.74,
          614.769,
          -1261.0
        ]
      ],
      "objLayer": 0,
      "props": {}
    },
    "bdt_t1_bomb_zone_02_aaa_point_03": {
      "type": "Point",
      "tm": [
        [
          -0.901047,
          0.0,
          0.433722
        ],
        [
          0.0,
          1.0,
          0.0
        ],
        [
          -0.433722,
          0.0,
          -0.901047
        ],
        [
          -6828.55,
          515.319,
          -623.919
        ]
      ],
      "objLayer": 0,
      "props": {}
    },
    "bdt_t1_bomb_zone_02_aaa_point_04": {
      "type": "Point",
      "tm": [
        [
          -0.901047,
          0.0,
          0.433722
        ],
        [
          0.0,
          1.0,
          0.0
        ],
        [
          -0.433722,
          0.0,
          -0.901047
        ],
        [
          -6800.79,
          562.969,
          -1172.42
        ]
      ],
      "objLayer": 0,
      "props": {}
    },
    "bdt_t1_bomb_zone_03_aaa_point_01": {
      "type": "Point",
      "tm": [
        [
          -0.847384,
          0.0,
          0.530981
        ],
        [
          0.0,
          1.0,
          0.0
        ],
        [
          -0.530981,
          0.0,
          -0.847384
        ],
        [
          -3094.28,
          566.205,
          6324.94
        ]
      ],
      "objLayer": 0,
      "props": {}
    },
    "bdt_t1_bomb_zone_03_aaa_point_02": {
      "type": "Point",
      "tm": [
        [
          -0.847384,
          0.0,
          0.530981
        ],
        [
          0.0,
          1.0,
          0.0
        ],
        [
          -0.530981,
          0.0,
          -0.847384
        ],
        [
          -3616.02,
          528.656,
          6151.75
        ]
      ],
      "objLayer": 0,
      "props": {}
    },
    "bdt_t1_bomb_zone_03_aaa_point_03": {
      "type": "Point",
      "tm": [
        [
          -0.847384,
          0.0,
          0.530981
        ],
        [
          0.0,
          1.0,
          0.0
        ],
        [
          -0.530981,
          0.0,
          -0.847384
        ],
        [
          -3421.01,
          519.556,
          5950.92
        ]
      ],
      "objLayer": 0,
      "props": {}
    },
    "bdt_t1_bomb_zone_03_aaa_point_04": {
      "type": "Point",
      "tm": [
        [
          -0.847384,
          0.0,
          0.530981
        ],
        [
          0.0,
          1.0,
          0.0
        ],
        [
          -0.530981,
          0.0,
          -0.847384
        ],
        [
          -3455.26,
          553.245,
          6488.25
        ]
      ],
      "objLayer": 0,
      "props": {}
    },
    "bdt_t1_bomb_zone_04_aaa_point_01": {
      "type": "Point",
      "tm": [
        [
          -0.847384,
          0.0,
          0.530981
        ],
        [
          0.0,
          1.0,
          0.0
        ],
        [
          -0.530981,
          0.0,
          -0.847384
        ],
        [
          -759.766,
          496.433,
          7397.64
        ]
      ],
      "objLayer": 0,
      "props": {}
    },
    "bdt_t1_bomb_zone_04_aaa_point_02": {
      "type": "Point",
      "tm": [
        [
          -0.847384,
          0.0,
          0.530981
        ],
        [
          0.0,
          1.0,
          0.0
        ],
        [
          -0.530981,
          0.0,
          -0.847384
        ],
        [
          -836.238,
          479.373,
          7085.78
        ]
      ],
      "objLayer": 0,
      "props": {}
    },
    "bdt_t1_bomb_zone_04_aaa_point_03": {
      "type": "Point",
      "tm": [
        [
          -0.847384,
          0.0,
          0.530981
        ],
        [
          0.0,
          1.0,
          0.0
        ],
        [
          -0.530981,
          0.0,
          -0.847384
        ],
        [
          -428.15,
          486.603,
          7374.91
        ]
      ],
      "objLayer": 0,
      "props": {}
    },
    "bdt_t1_bomb_zone_04_aaa_point_04": {
      "type": "Point",
      "tm": [
        [
          -0.847384,
          0.0,
          0.530981
        ],
        [
          0.0,
          1.0,
          0.0
        ],
        [
          -0.530981,
          0.0,
          -0.847384
        ],
        [
          -599.789,
          500.483,
          6817.96
        ]
      ],
      "objLayer": 0,
      "props": {}
    },
    "bdt_t1_bomb_zone_05": {
      "type": "Sphere",
      "tm": [
        [
          -375.109,
          0.0,
          248.579
        ],
        [
          0.0,
          450.0,
          0.0
        ],
        [
          -248.579,
          0.0,
          -375.109
        ],
        [
          1936.27,
          515.988,
          6155.71
        ]
      ],
      "objLayer": 0,
      "props": {}
    },
    "bdt_t1_bomb_zone_06": {
      "type": "Sphere",
      "tm": [
        [
          -375.109,
          0.0,
          248.579
        ],
        [
          0.0,
          450.0,
          0.0
        ],
        [
          -248.579,
          0.0,
          -375.109
        ],
        [
          -1996.19,
          522.331,
          9269.5
        ]
      ],
      "objLayer": 0,
      "props": {}
    },
    "bdt_t1_bomb_zone_07": {
      "type": "Sphere",
      "tm": [
        [
          -375.109,
          0.0,
          248.579
        ],
        [
          0.0,
          450.0,
          0.0
        ],
        [
          -248.579,
          0.0,
          -375.109
        ],
        [
          1835.93,
          2014.0,
          10305.3
        ]
      ],
      "objLayer": 0,
      "props": {}
    },
    "bdt_t1_bomb_zone_08": {
      "type": "Sphere",
      "tm": [
        [
          -227.278,
          0.0,
          388.387
        ],
        [
          0.0,
          450.0,
          0.0
        ],
        [
          -388.387,
          0.0,
          -227.278
        ],
        [
          -6845.47,
          485.302,
          -3113.79
        ]
      ],
      "objLayer": 0,
      "props": {}
    },
    "bdt_t1_bomb_zone_09": {
      "type": "Sphere",
      "tm": [
        [
          -227.278,
          0.0,
          388.387
        ],
        [
          0.0,
          450.0,
          0.0
        ],
        [
          -388.387,
          0.0,
          -227.278
        ],
        [
          -6229.4,
          640.465,
          2489.43
        ]
      ],
      "objLayer": 0,
      "props": {}
    },
    "bdt_t1_bomb_zone_10": {
      "type": "Sphere",
      "tm": [
        [
          -227.278,
          0.0,
          388.387
        ],
        [
          0.0,
          450.0,
          0.0
        ],
        [
          -388.387,
          0.0,
          -227.278
        ],
        [
          -8686.28,
          544.624,
          1323.1
        ]
      ],
      "objLayer": 0,
      "props": {}
    },
    "bdt_t1_bomb_zone_05_aaa_point_01": {
      "type": "Point",
      "tm": [
        [
          -0.847384,
          0.0,
          0.530981
        ],
        [
          0.0,
          1.0,
          0.0
        ],
        [
          -0.530981,
          0.0,
          -0.847384
        ],
        [
          2155.58,
          504.938,
          5991.4
        ]
      ],
      "objLayer": 0,
      "props": {}
    },
    "bdt_t1_bomb_zone_05_aaa_point_02": {
      "type": "Point",
      "tm": [
        [
          -0.847384,
          0.0,
          0.530981
        ],
        [
          0.0,
          1.0,
          0.0
        ],
        [
          -0.530981,
          0.0,
          -0.847384
        ],
        [
          2091.28,
          515.888,
          6167.48
        ]
      ],
      "objLayer": 0,
      "props": {}
    },
    "bdt_t1_bomb_zone_05_aaa_point_03": {
      "type": "Point",
      "tm": [
        [
          -0.847384,
          0.0,
          0.530981
        ],
        [
          0.0,
          1.0,
          0.0
        ],
        [
          -0.530981,
          0.0,
          -0.847384
        ],
        [
          1712.74,
          528.078,
          6336.91
        ]
      ],
      "objLayer": 0,
      "props": {}
    },
    "bdt_t1_bomb_zone_05_aaa_point_04": {
      "type": "Point",
      "tm": [
        [
          -0.847384,
          0.0,
          0.530981
        ],
        [
          0.0,
          1.0,
          0.0
        ],
        [
          -0.530981,
          0.0,
          -0.847384
        ],
        [
          1662.94,
          506.878,
          6107.58
        ]
      ],
      "objLayer": 0,
      "props": {}
    },
    "bdt_t1_bomb_zone_06_aaa_point_01": {
      "type": "Point",
      "tm": [
        [
          -0.847384,
          0.0,
          0.530981
        ],
        [
          0.0,
          1.0,
          0.0
        ],
        [
          -0.530981,
          0.0,
          -0.847384
        ],
        [
          -1692.18,
          577.411,
          9415.7
        ]
      ],
      "objLayer": 0,
      "props": {}
    },
    "bdt_t1_bomb_zone_06_aaa_point_02": {
      "type": "Point",
      "tm": [
        [
          -0.847384,
          0.0,
          0.530981
        ],
        [
          0.0,
          1.0,
          0.0
        ],
        [
          -0.530981,
          0.0,
          -0.847384
        ],
        [
          -1693.47,
          525.061,
          9152.21
        ]
      ],
      "objLayer": 0,
      "props": {}
    },
    "bdt_t1_bomb_zone_06_aaa_point_03": {
      "type": "Point",
      "tm": [
        [
          -0.847384,
          0.0,
          0.530981
        ],
        [
          0.0,
          1.0,
          0.0
        ],
        [
          -0.530981,
          0.0,
          -0.847384
        ],
        [
          -2168.75,
          465.391,
          9013.07
        ]
      ],
      "objLayer": 0,
      "props": {}
    },
    "bdt_t1_bomb_zone_06_aaa_point_04": {
      "type": "Point",
      "tm": [
        [
          -0.847384,
          0.0,
          0.530981
        ],
        [
          0.0,
          1.0,
          0.0
        ],
        [
          -0.530981,
          0.0,
          -0.847384
        ],
        [
          -2153.54,
          486.881,
          9522.11
        ]
      ],
      "objLayer": 0,
      "props": {}
    },
    "bdt_t1_bomb_zone_07_aaa_point_01": {
      "type": "Point",
      "tm": [
        [
          -0.847384,
          0.0,
          0.530981
        ],
        [
          0.0,
          1.0,
          0.0
        ],
        [
          -0.530981,
          0.0,
          -0.847384
        ],
        [
          1570.44,
          1899.63,
          10162.9
        ]
      ],
      "objLayer": 0,
      "props": {}
    },
    "bdt_t1_bomb_zone_07_aaa_point_02": {
      "type": "Point",
      "tm": [
        [
          -0.847384,
          0.0,
          0.530981
        ],
        [
          0.0,
          1.0,
          0.0
        ],
        [
          -0.530981,
          0.0,
          -0.847384
        ],
        [
          2145.56,
          2176.48,
          10465.9
        ]
      ],
      "objLayer": 0,
      "props": {}
    },
    "bdt_t1_bomb_zone_07_aaa_point_03": {
      "type": "Point",
      "tm": [
        [
          -0.847384,
          0.0,
          0.530981
        ],
        [
          0.0,
          1.0,
          0.0
        ],
        [
          -0.530981,
          0.0,
          -0.847384
        ],
        [
          1666.64,
          2003.71,
          10595.5
        ]
      ],
      "objLayer": 0,
      "props": {}
    },
    "bdt_t1_bomb_zone_07_aaa_point_04": {
      "type": "Point",
      "tm": [
        [
          -0.847384,
          0.0,
          0.530981
        ],
        [
          0.0,
          1.0,
          0.0
        ],
        [
          -0.530981,
          0.0,
          -0.847384
        ],
        [
          1811.67,
          1874.87,
          9904.26
        ]
      ],
      "objLayer": 0,
      "props": {}
    },
    "bdt_t1_bomb_zone_08_aaa_point_01": {
      "type": "Point",
      "tm": [
        [
          -0.901047,
          0.0,
          0.433722
        ],
        [
          0.0,
          1.0,
          0.0
        ],
        [
          -0.433722,
          0.0,
          -0.901047
        ],
        [
          -6906.15,
          528.823,
          -3418.55
        ]
      ],
      "objLayer": 0,
      "props": {}
    },
    "bdt_t1_bomb_zone_08_aaa_point_02": {
      "type": "Point",
      "tm": [
        [
          -0.901047,
          0.0,
          0.433722
        ],
        [
          0.0,
          1.0,
          0.0
        ],
        [
          -0.433722,
          0.0,
          -0.901047
        ],
        [
          -6540.2,
          459.853,
          -3135.08
        ]
      ],
      "objLayer": 0,
      "props": {}
    },
    "bdt_t1_bomb_zone_08_aaa_point_03": {
      "type": "Point",
      "tm": [
        [
          -0.901047,
          0.0,
          0.433722
        ],
        [
          0.0,
          1.0,
          0.0
        ],
        [
          -0.433722,
          0.0,
          -0.901047
        ],
        [
          -6747.63,
          479.802,
          -2769.59
        ]
      ],
      "objLayer": 0,
      "props": {}
    },
    "bdt_t1_bomb_zone_08_aaa_point_04": {
      "type": "Point",
      "tm": [
        [
          -0.901047,
          0.0,
          0.433722
        ],
        [
          0.0,
          1.0,
          0.0
        ],
        [
          -0.433722,
          0.0,
          -0.901047
        ],
        [
          -7093.14,
          625.913,
          -3001.14
        ]
      ],
      "objLayer": 0,
      "props": {}
    },
    "bdt_t1_bomb_zone_09_aaa_point_01": {
      "type": "Point",
      "tm": [
        [
          -0.901047,
          0.0,
          0.433722
        ],
        [
          0.0,
          1.0,
          0.0
        ],
        [
          -0.433722,
          0.0,
          -0.901047
        ],
        [
          -5869.18,
          640.165,
          2223.22
        ]
      ],
      "objLayer": 0,
      "props": {}
    },
    "bdt_t1_bomb_zone_09_aaa_point_02": {
      "type": "Point",
      "tm": [
        [
          -0.901047,
          0.0,
          0.433722
        ],
        [
          0.0,
          1.0,
          0.0
        ],
        [
          -0.433722,
          0.0,
          -0.901047
        ],
        [
          -5887.96,
          631.645,
          2716.84
        ]
      ],
      "objLayer": 0,
      "props": {}
    },
    "bdt_t1_bomb_zone_09_aaa_point_03": {
      "type": "Point",
      "tm": [
        [
          -0.901047,
          0.0,
          0.433722
        ],
        [
          0.0,
          1.0,
          0.0
        ],
        [
          -0.433722,
          0.0,
          -0.901047
        ],
        [
          -6384.44,
          645.855,
          2016.53
        ]
      ],
      "objLayer": 0,
      "props": {}
    },
    "bdt_t1_bomb_zone_09_aaa_point_04": {
      "type": "Point",
      "tm": [
        [
          -0.901047,
          0.0,
          0.433722
        ],
        [
          0.0,
          1.0,
          0.0
        ],
        [
