{
  "selected_tag": "",
  "bin_dump_file": "",
  "mission_settings": {
    "player": {
      "army": 1
    },
    "player_teamB": {
      "army": 2
    },
    "mission": {
      "level": "levels/air_smolensk.bin",
      "type": "domination",
      "environment": "Day",
      "weather": "hazy",
      "restoreType": "attempts",
      "optionalTakeOff": false
    }
  },
  "imports": {},
  "triggers": {
    "isCategory": true,
    "is_enabled": true
  },
  "mission_objectives": {
    "isCategory": true,
    "is_enabled": true
  },
  "variables": {},
  "dialogs": {},
  "airfields": {},
  "effects": {},
  "units": {
    "objectGroups": [
      {
        "name": "bdt_t2_bomb_object_01",
        "tm": [
          [
            -0.0850926,
            0.0,
            0.996371
          ],
          [
            0.0,
            1.0,
            0.0
          ],
          [
            -0.996371,
            0.0,
            -0.0850926
          ],
          [
            8771.45,
            581.05,
            -4157.55
          ]
        ],
        "unit_class": "dynBase_hq_camp_square",
        "objLayer": 2,
        "props": {
          "army": 2,
          "active": false
        }
      },
      {
        "name": "bdt_t2_bomb_object_02",
        "tm": [
          [
            0.518788,
            0.0,
            0.854906
          ],
          [
            0.0,
            1.0,
            0.0
          ],
          [
            -0.854906,
            0.0,
            0.518788
          ],
          [
            12607.0,
            2188.7,
            3659.5
          ]
        ],
        "unit_class": "dynBase_fuel_storage_square",
        "objLayer": 2,
        "props": {
          "army": 2,
          "active": false
        }
      },
      {
        "name": "bdt_t2_bomb_object_03",
        "tm": [
          [
            -0.960048,
            0.0,
            0.279842
          ],
          [
            0.0,
            1.0,
            0.0
          ],
          [
            -0.279842,
            0.0,
            -0.960048
          ],
          [
            11969.2,
            1448.5,
            7579.8
          ]
        ],
        "unit_class": "dynBase_oil_storage_small_square",
        "objLayer": 2,
        "props": {
          "army": 2,
          "active": false
        }
      },
      {
        "name": "bdt_t1_bomb_object_01",
        "tm": [
          [
            -0.505064,
            0.0,
            0.863081
          ],
          [
            0.0,
            1.0,
            0.0
          ],
          [
            -0.863081,
            0.0,
            -0.505064
          ],
          [
            -8501.95,
            646.0,
            6177.15
          ]
        ],
        "unit_class": "dynBase_fuel_storage_square",
        "objLayer": 2,
        "props": {
          "army": 1,
          "active": false
        }
      },
      {
        "name": "bdt_t1_bomb_object_02",
        "tm": [
          [
            -0.955462,
            0.0,
            0.295112
          ],
          [
            0.0,
            1.0,
            0.0
          ],
          [
            -0.295112,
            0.0,
            -0.955462
          ],
          [
            -4971.65,
            573.75,
            424.25
          ]
        ],
        "unit_class": "dynBase_small_factory_square",
        "objLayer": 2,
        "props": {
          "army": 1,
          "active": false
        }
      },
      {
        "name": "bdt_t1_bomb_object_03",
        "tm": [
          [
            -0.981071,
            0.0,
            0.193645
          ],
          [
            0.0,
            1.0,
            0.0
          ],
          [
            -0.193645,
            0.0,
            -0.981071
          ],
          [
            -1314.78,
            391.85,
            11318.4
          ]
        ],
        "unit_class": "dynBase_oil_storage_small_square",
        "objLayer": 2,
        "props": {
          "army": 1,
          "active": false
        }
      },
      {
        "name": "bdt_t2_bomb_object_04",
        "tm": [
          [
            -0.641203,
            0.0,
            0.767371
          ],
          [
            0.0,
            1.0,
            0.0
          ],
          [
            -0.767371,
            0.0,
            -0.641203
          ],
          [
            7790.35,
            644.311,
            -8112.9
          ]
        ],
        "unit_class": "dynBase_small_factory_square",
        "objLayer": 2,
        "props": {
          "army": 2,
          "active": false
        }
      },
      {
        "name": "bdt_t1_bomb_object_04",
        "tm": [
          [
            -0.851241,
            0.0,
            0.524776
          ],
          [
            0.0,
            1.0,
            0.0
          ],
          [
            -0.524776,
            0.0,
            -0.851241
          ],
          [
            7653.19,
            1459.65,
            12698.6
          ]
        ],
        "unit_class": "dynBase_field_camp_square",
        "objLayer": 2,
        "props": {
          "army": 1,
          "active": false
        }
      },
      {
        "name": "bdt_t1_bomb_object_05",
        "tm": [
          [
            -0.851241,
            0.0,
            0.524776
          ],
          [
            0.0,
            1.0,
            0.0
          ],
          [
            -0.524776,
            0.0,
            -0.851241
          ],
          [
            3095.7,
            1955.25,
            13157.2
          ]
        ],
        "unit_class": "dynBase_military_base_square",
        "objLayer": 2,
        "props": {
          "army": 1,
          "active": false
        }
      },
      {
        "name": "bdt_t1_bomb_object_06",
        "tm": [
          [
            -0.851241,
            0.0,
            0.524776
          ],
          [
            0.0,
            1.0,
            0.0
          ],
          [
            -0.524776,
            0.0,
            -0.851241
          ],
          [
            -1241.85,
            2015.7,
            15702.2
          ]
        ],
        "unit_class": "dynBase_oil_storage_large_square",
        "objLayer": 2,
        "props": {
          "army": 1,
          "active": false
        }
      },
      {
        "name": "bdt_t1_bomb_object_07",
        "tm": [
          [
            -0.851241,
            0.0,
            0.524776
          ],
          [
            0.0,
            1.0,
            0.0
          ],
          [
            -0.524776,
            0.0,
            -0.851241
          ],
          [
            4547.35,
            2335.15,
            16649.5
          ]
        ],
        "unit_class": "dynBase_oil_storage_large_square",
        "objLayer": 2,
        "props": {
          "army": 1,
          "active": false
        }
      },
      {
        "name": "bdt_t1_bomb_object_08",
        "tm": [
          [
            -0.505064,
            0.0,
            0.863081
          ],
          [
            0.0,
            1.0,
            0.0
          ],
          [
            -0.863081,
            0.0,
            -0.505064
          ],
          [
            -5604.69,
            602.799,
            4292.58
          ]
        ],
        "unit_class": "dynBase_small_factory_square",
        "objLayer": 2,
        "props": {
          "army": 1,
          "active": false
        }
      },
      {
        "name": "bdt_t1_bomb_object_09",
        "tm": [
          [
            -0.505064,
            0.0,
            0.863081
          ],
          [
            0.0,
            1.0,
            0.0
          ],
          [
            -0.863081,
            0.0,
            -0.505064
          ],
          [
            -4872.9,
            736.39,
            7488.85
          ]
        ],
        "unit_class": "dynBase_petrol_camp_square",
        "objLayer": 2,
        "props": {
          "army": 1,
          "active": false
        }
      },
      {
        "name": "bdt_t1_bomb_object_10",
        "tm": [
          [
            -0.505064,
            0.0,
            0.863081
          ],
          [
            0.0,
            1.0,
            0.0
          ],
          [
            -0.863081,
            0.0,
            -0.505064
          ],
          [
            -8553.75,
            504.65,
            1173.6
          ]
        ],
        "unit_class": "dynBase_petrol_camp_square",
        "objLayer": 2,
        "props": {
          "army": 1,
          "active": false
        }
      },
      {
        "name": "bdt_t2_bomb_object_05",
        "tm": [
          [
            -0.641203,
            0.0,
            0.767371
          ],
          [
            0.0,
            1.0,
            0.0
          ],
          [
            -0.767371,
            0.0,
            -0.641203
          ],
          [
            3912.7,
            753.3,
            -8438.55
          ]
        ],
        "unit_class": "dynBase_petrol_camp_square",
        "objLayer": 2,
        "props": {
          "army": 2,
          "active": false
        }
      },
      {
        "name": "bdt_t2_bomb_object_06",
        "tm": [
          [
            -0.926326,
            0.0,
            0.376724
          ],
          [
            0.0,
            1.0,
            0.0
          ],
          [
            -0.376724,
            0.0,
            -0.926326
          ],
          [
            990.77,
            581.7,
            -5414.58
          ]
        ],
        "unit_class": "dynBase_military_base_square",
        "objLayer": 2,
        "props": {
          "army": 2,
          "active": false
        }
      },
      {
        "name": "bdt_t2_bomb_object_07",
        "tm": [
          [
            -0.641203,
            0.0,
            0.767371
          ],
          [
            0.0,
            1.0,
            0.0
          ],
          [
            -0.767371,
            0.0,
            -0.641203
          ],
          [
            5137.65,
            752.632,
            -5884.1
          ]
        ],
        "unit_class": "dynBase_fuel_storage_square",
        "objLayer": 2,
        "props": {
          "army": 2,
          "active": false
        }
      },
      {
        "name": "bdt_t2_bomb_object_08",
        "tm": [
          [
            -0.960048,
            0.0,
            0.279842
          ],
          [
            0.0,
            1.0,
            0.0
          ],
          [
            -0.279842,
            0.0,
            -0.960048
          ],
          [
            15451.2,
            497.591,
            1631.34
          ]
        ],
        "unit_class": "dynBase_ammunition_storage_square",
        "objLayer": 2,
        "props": {
          "army": 2,
          "active": false
        }
      },
      {
        "name": "bdt_t2_bomb_object_09",
        "tm": [
          [
            -0.960048,
            0.0,
            0.279842
          ],
          [
            0.0,
            1.0,
            0.0
          ],
          [
            -0.279842,
            0.0,
            -0.960048
          ],
          [
            15674.2,
            2096.55,
            6417.5
          ]
        ],
        "unit_class": "dynBase_field_camp_square",
        "objLayer": 2,
        "props": {
          "army": 2,
          "active": false
        }
      },
      {
        "name": "bdt_t2_bomb_object_10",
        "tm": [
          [
            -0.960048,
            0.0,
            0.279842
          ],
          [
            0.0,
            1.0,
            0.0
          ],
          [
            -0.279842,
            0.0,
            -0.960048
          ],
          [
            12647.4,
            588.976,
            -603.55
          ]
        ],
        "unit_class": "dynBase_oil_storage_small_square",
        "objLayer": 2,
        "props": {
          "army": 2,
          "active": false
        }
      }
    ]
  },
  "areas": {
    "bdt_t2_bomb_zone_01": {
      "type": "Sphere",
      "tm": [
        [
          -38.2924,
          0.0,
          448.369
        ],
        [
          0.0,
          450.0,
          0.0
        ],
        [
          -448.369,
          0.0,
          -38.2924
        ],
        [
          8778.29,
          582.83,
          -4159.37
        ]
      ],
      "objLayer": 0,
      "props": {}
    },
    "bdt_t2_bomb_zone_02": {
      "type": "Sphere",
      "tm": [
        [
          -87.7839,
          0.0,
          441.356
        ],
        [
          0.0,
          450.0,
          0.0
        ],
        [
          -441.356,
          0.0,
          -87.7839
        ],
        [
          12586.0,
          2176.62,
          3664.94
        ]
      ],
      "objLayer": 0,
      "props": {}
    },
    "bdt_t2_bomb_zone_03": {
      "type": "Sphere",
      "tm": [
        [
          -432.02,
          0.0,
          125.93
        ],
        [
          0.0,
          450.0,
          0.0
        ],
        [
          -125.93,
          0.0,
          -432.02
        ],
        [
          11972.0,
          1447.99,
          7570.34
        ]
      ],
      "objLayer": 0,
      "props": {}
    },
    "bdt_t1_bomb_zone_01": {
      "type": "Sphere",
      "tm": [
        [
          -227.277,
          0.0,
          388.387
        ],
        [
          0.0,
          450.0,
          0.0
        ],
        [
          -388.387,
          0.0,
          -227.277
        ],
        [
          -8511.05,
          646.04,
          6186.26
        ]
      ],
      "objLayer": 0,
      "props": {}
    },
    "bdt_t1_bomb_zone_02": {
      "type": "Sphere",
      "tm": [
        [
          -391.022,
          0.0,
          222.713
        ],
        [
          0.0,
          450.0,
          0.0
        ],
        [
          -222.713,
          0.0,
          -391.022
        ],
        [
          -4976.37,
          574.15,
          424.48
        ]
      ],
      "objLayer": 0,
      "props": {}
    },
    "bdt_t1_bomb_zone_03": {
      "type": "Sphere",
      "tm": [
        [
          -375.109,
          0.0,
          248.58
        ],
        [
          0.0,
          450.0,
          0.0
        ],
        [
          -248.58,
          0.0,
          -375.109
        ],
        [
          -1319.84,
          391.72,
          11321.1
        ]
      ],
      "objLayer": 0,
      "props": {}
    },
    "bdt_t2_bomb_zone_04": {
      "type": "Sphere",
      "tm": [
        [
          -288.54,
          0.0,
          345.316
        ],
        [
          0.0,
          450.0,
          0.0
        ],
        [
          -345.316,
          0.0,
          -288.54
        ],
        [
          7786.76,
          641.48,
          -8105.8
        ]
      ],
      "objLayer": 0,
      "props": {}
    },
    "bdt_t1_bomb_zone_04": {
      "type": "Sphere",
      "tm": [
        [
          -375.109,
          0.0,
          248.58
        ],
        [
          0.0,
          450.0,
          0.0
        ],
        [
          -248.58,
          0.0,
          -375.109
        ],
        [
          7649.78,
          1459.62,
          12694.1
        ]
      ],
      "objLayer": 0,
      "props": {}
    },
    "bdt_t2_bomb_zone_01_aaa_point_01": {
      "type": "Point",
      "tm": [
        [
          -0.62717,
          0.0,
          0.778881
        ],
        [
          0.0,
          1.0,
          0.0
        ],
        [
          -0.778881,
          0.0,
          -0.62717
        ],
        [
          8935.84,
          573.19,
          -3998.12
        ]
      ],
      "objLayer": 0,
      "props": {}
    },
    "bdt_t2_bomb_zone_01_aaa_point_02": {
      "type": "Point",
      "tm": [
        [
          -0.62717,
          0.0,
          0.778881
        ],
        [
          0.0,
          1.0,
          0.0
        ],
        [
          -0.778881,
          0.0,
          -0.62717
        ],
        [
          8663.03,
          626.86,
          -4427.94
        ]
      ],
      "objLayer": 0,
      "props": {}
    },
    "bdt_t2_bomb_zone_01_aaa_point_03": {
      "type": "Point",
      "tm": [
        [
          -0.62717,
          0.0,
          0.778881
        ],
        [
          0.0,
          1.0,
          0.0
        ],
        [
          -0.778881,
          0.0,
          -0.62717
        ],
        [
          8582.28,
          589.01,
          -4340.5
        ]
      ],
      "objLayer": 0,
      "props": {}
    },
    "bdt_t2_bomb_zone_01_aaa_point_04": {
      "type": "Point",
      "tm": [
        [
          -0.62717,
          0.0,
          0.778881
        ],
        [
          0.0,
          1.0,
          0.0
        ],
        [
          -0.778881,
          0.0,
          -0.62717
        ],
        [
          8049.35,
          677.989,
          -4033.22
        ]
      ],
      "objLayer": 0,
      "props": {}
    },
    "bdt_t2_bomb_zone_02_aaa_point_01": {
      "type": "Point",
      "tm": [
        [
          -0.709685,
          0.0,
          0.704516
        ],
        [
          0.0,
          1.0,
          0.0
        ],
        [
          -0.704516,
          0.0,
          -0.709685
        ],
        [
          12832.2,
          2285.83,
          3631.03
        ]
      ],
      "objLayer": 0,
      "props": {}
    },
    "bdt_t2_bomb_zone_02_aaa_point_02": {
      "type": "Point",
      "tm": [
        [
          -0.709685,
          0.0,
          0.704516
        ],
        [
          0.0,
          1.0,
          0.0
        ],
        [
          -0.704516,
          0.0,
          -0.709685
        ],
        [
          12313.8,
          2016.01,
          3483.17
        ]
      ],
      "objLayer": 0,
      "props": {}
    },
    "bdt_t2_bomb_zone_02_aaa_point_03": {
      "type": "Point",
      "tm": [
        [
          -0.709685,
          0.0,
          0.704516
        ],
        [
          0.0,
          1.0,
          0.0
        ],
        [
          -0.704516,
          0.0,
          -0.709685
        ],
        [
          12691.3,
          2176.62,
          3406.02
        ]
      ],
      "objLayer": 0,
      "props": {}
    },
    "bdt_t2_bomb_zone_02_aaa_point_04": {
      "type": "Point",
      "tm": [
        [
          -0.709685,
          0.0,
          0.704516
        ],
        [
          0.0,
          1.0,
          0.0
        ],
        [
          -0.704516,
          0.0,
          -0.709685
        ],
        [
          12453.1,
          2134.17,
          3852.02
        ]
      ],
      "objLayer": 0,
      "props": {}
    },
    "bdt_t2_bomb_zone_03_aaa_point_01": {
      "type": "Point",
      "tm": [
        [
          -0.709685,
          0.0,
          0.704516
        ],
        [
          0.0,
          1.0,
          0.0
        ],
        [
          -0.704516,
          0.0,
          -0.709685
        ],
        [
          12144.5,
          1444.01,
          7813.44
        ]
      ],
      "objLayer": 0,
      "props": {}
    },
    "bdt_t2_bomb_zone_03_aaa_point_02": {
      "type": "Point",
      "tm": [
        [
          -0.709685,
          0.0,
          0.704516
        ],
        [
          0.0,
          1.0,
          0.0
        ],
        [
          -0.704516,
          0.0,
          -0.709685
        ],
        [
          11702.8,
          1311.48,
          7455.83
        ]
      ],
      "objLayer": 0,
      "props": {}
    },
    "bdt_t2_bomb_zone_03_aaa_point_03": {
      "type": "Point",
      "tm": [
        [
          -0.709685,
          0.0,
          0.704516
        ],
        [
          0.0,
          1.0,
          0.0
        ],
        [
          -0.704516,
          0.0,
          -0.709685
        ],
        [
          11933.2,
          1381.89,
          7252.38
        ]
      ],
      "objLayer": 0,
      "props": {}
    },
    "bdt_t2_bomb_zone_03_aaa_point_04": {
      "type": "Point",
      "tm": [
        [
          -0.709685,
          0.0,
          0.704516
        ],
        [
          0.0,
          1.0,
          0.0
        ],
        [
          -0.704516,
          0.0,
          -0.709685
        ],
        [
          12267.9,
          1483.31,
          7620.03
        ]
      ],
      "objLayer": 0,
      "props": {}
    },
    "bdt_t2_bomb_zone_04_aaa_point_01": {
      "type": "Point",
      "tm": [
        [
          -0.62717,
          0.0,
          0.778881
        ],
        [
          0.0,
          1.0,
          0.0
        ],
        [
          -0.778881,
          0.0,
          -0.62717
        ],
        [
          7457.11,
          575.25,
          -8064.1
        ]
      ],
      "objLayer": 0,
      "props": {}
    },
    "bdt_t2_bomb_zone_04_aaa_point_02": {
      "type": "Point",
      "tm": [
        [
          -0.62717,
          0.0,
          0.778881
        ],
        [
          0.0,
          1.0,
          0.0
        ],
        [
          -0.778881,
          0.0,
          -0.62717
        ],
        [
          7760.68,
          688.24,
          -8406.9
        ]
      ],
      "objLayer": 0,
      "props": {}
    },
    "bdt_t2_bomb_zone_04_aaa_point_03": {
      "type": "Point",
      "tm": [
        [
          -0.62717,
          0.0,
          0.778881
        ],
        [
          0.0,
          1.0,
          0.0
        ],
        [
          -0.778881,
          0.0,
          -0.62717
        ],
        [
          7899.41,
          632.4,
          -7864.2
        ]
      ],
      "objLayer": 0,
      "props": {}
    },
    "bdt_t2_bomb_zone_04_aaa_point_04": {
      "type": "Point",
      "tm": [
        [
          -0.62717,
          0.0,
          0.778881
        ],
        [
          0.0,
          1.0,
          0.0
        ],
        [
          -0.778881,
          0.0,
          -0.62717
        ],
        [
          8031.1,
          723.801,
          -8070.1
        ]
      ],
      "objLayer": 0,
      "props": {}
    },
    "bdt_t1_bomb_zone_01_aaa_point_01": {
      "type": "Point",
      "tm": [
        [
          -0.901046,
          0.0,
          0.433723
        ],
        [
          0.0,
          1.0,
          0.0
        ],
        [
          -0.433723,
          0.0,
          -0.901046
        ],
        [
          -8744.15,
          649.43,
          6288.51
        ]
      ],
      "objLayer": 0,
      "props": {}
    },
    "bdt_t1_bomb_zone_01_aaa_point_02": {
      "type": "Point",
      "tm": [
        [
          -0.901046,
          0.0,
          0.433723
        ],
        [
          0.0,
          1.0,
          0.0
        ],
        [
          -0.433723,
          0.0,
          -0.901046
        ],
        [
          -8316.15,
          601.68,
          6024.58
        ]
      ],
      "objLayer": 0,
      "props": {}
    },
    "bdt_t1_bomb_zone_01_aaa_point_03": {
      "type": "Point",
      "tm": [
        [
          -0.901046,
          0.0,
          0.433723
        ],
        [
          0.0,
          1.0,
          0.0
        ],
        [
          -0.433723,
          0.0,
          -0.901046
        ],
        [
          -8384.35,
          658.91,
          6382.13
        ]
      ],
      "objLayer": 0,
      "props": {}
    },
    "bdt_t1_bomb_zone_01_aaa_point_04": {
      "type": "Point",
      "tm": [
        [
          -0.901046,
          0.0,
          0.433723
        ],
        [
          0.0,
          1.0,
          0.0
        ],
        [
          -0.433723,
          0.0,
          -0.901046
        ],
        [
          -8262.75,
          652.15,
          6188.72
        ]
      ],
      "objLayer": 0,
      "props": {}
    },
    "bdt_t1_bomb_zone_02_aaa_point_01": {
      "type": "Point",
      "tm": [
        [
          -0.901046,
          0.0,
          0.433723
        ],
        [
          0.0,
          1.0,
          0.0
        ],
        [
          -0.433723,
          0.0,
          -0.901046
        ],
        [
          -5235.69,
          503.34,
          347.68
        ]
      ],
      "objLayer": 0,
      "props": {}
    },
    "bdt_t1_bomb_zone_02_aaa_point_02": {
      "type": "Point",
      "tm": [
        [
          -0.901046,
          0.0,
          0.433723
        ],
        [
          0.0,
          1.0,
          0.0
        ],
        [
          -0.433723,
          0.0,
          -0.901046
        ],
        [
          -5013.24,
          547.11,
          161.31
        ]
      ],
      "objLayer": 0,
      "props": {}
    },
    "bdt_t1_bomb_zone_02_aaa_point_03": {
      "type": "Point",
      "tm": [
        [
          -0.901046,
          0.0,
          0.433723
        ],
        [
          0.0,
          1.0,
          0.0
        ],
        [
          -0.433723,
          0.0,
          -0.901046
        ],
        [
          -4725.06,
          489.77,
          798.49
        ]
      ],
      "objLayer": 0,
      "props": {}
    },
    "bdt_t1_bomb_zone_02_aaa_point_04": {
      "type": "Point",
      "tm": [
        [
          -0.901046,
          0.0,
          0.433723
        ],
        [
          0.0,
          1.0,
          0.0
        ],
        [
          -0.433723,
          0.0,
          -0.901046
        ],
        [
          -4697.39,
          626.18,
          249.88
        ]
      ],
      "objLayer": 0,
      "props": {}
    },
    "bdt_t1_bomb_zone_03_aaa_point_01": {
      "type": "Point",
      "tm": [
        [
          -0.847384,
          0.0,
          0.530982
        ],
        [
          0.0,
          1.0,
          0.0
        ],
        [
          -0.530982,
          0.0,
          -0.847384
        ],
        [
          -1025.25,
          396.09,
          11410.2
        ]
      ],
      "objLayer": 0,
      "props": {}
    },
    "bdt_t1_bomb_zone_03_aaa_point_02": {
      "type": "Point",
      "tm": [
        [
          -0.847384,
          0.0,
          0.530982
        ],
        [
          0.0,
          1.0,
          0.0
        ],
        [
          -0.530982,
          0.0,
          -0.847384
        ],
        [
          -1546.9,
          388.78,
          11237.0
        ]
      ],
      "objLayer": 0,
      "props": {}
    },
    "bdt_t1_bomb_zone_03_aaa_point_03": {
      "type": "Point",
      "tm": [
        [
          -0.847384,
          0.0,
          0.530982
        ],
        [
          0.0,
          1.0,
          0.0
        ],
        [
          -0.530982,
          0.0,
          -0.847384
        ],
        [
          -1351.98,
          395.54,
          11036.1
        ]
      ],
      "objLayer": 0,
      "props": {}
    },
    "bdt_t1_bomb_zone_03_aaa_point_04": {
      "type": "Point",
      "tm": [
        [
          -0.847384,
          0.0,
          0.530982
        ],
        [
          0.0,
          1.0,
          0.0
        ],
        [
          -0.530982,
          0.0,
          -0.847384
        ],
        [
          -1386.23,
          393.34,
          11573.4
        ]
      ],
      "objLayer": 0,
      "props": {}
    },
    "bdt_t1_bomb_zone_04_aaa_point_01": {
      "type": "Point",
      "tm": [
        [
          -0.847384,
          0.0,
          0.530982
        ],
        [
          0.0,
          1.0,
          0.0
        ],
        [
          -0.530982,
          0.0,
          -0.847384
        ],
        [
          7477.71,
          1461.81,
          12960.0
        ]
      ],
      "objLayer": 0,
      "props": {}
    },
    "bdt_t1_bomb_zone_04_aaa_point_02": {
      "type": "Point",
      "tm": [
        [
          -0.847384,
          0.0,
          0.530982
        ],
        [
          0.0,
          1.0,
          0.0
        ],
        [
          -0.530982,
          0.0,
          -0.847384
        ],
        [
          7401.24,
          1459.74,
          12648.1
        ]
      ],
      "objLayer": 0,
      "props": {}
    },
    "bdt_t1_bomb_zone_04_aaa_point_03": {
      "type": "Point",
      "tm": [
        [
          -0.847384,
          0.0,
          0.530982
        ],
        [
          0.0,
          1.0,
          0.0
        ],
        [
          -0.530982,
          0.0,
          -0.847384
        ],
        [
          7809.32,
          1460.67,
          12937.2
        ]
      ],
      "objLayer": 0,
      "props": {}
    },
    "bdt_t1_bomb_zone_04_aaa_point_04": {
      "type": "Point",
      "tm": [
        [
          -0.847384,
          0.0,
          0.530982
        ],
        [
          0.0,
          1.0,
          0.0
        ],
        [
          -0.530982,
          0.0,
          -0.847384
        ],
        [
          7637.68,
          1459.08,
          12380.4
        ]
      ],
      "objLayer": 0,
      "props": {}
    },
    "bdt_t1_bomb_zone_05": {
      "type": "Sphere",
      "tm": [
        [
          -375.109,
          0.0,
          248.58
        ],
        [
          0.0,
          450.0,
          0.0
        ],
        [
          -248.58,
          0.0,
          -375.109
        ],
        [
          3092.29,
          1953.46,
          13152.5
        ]
      ],
      "objLayer": 0,
      "props": {}
    },
    "bdt_t1_bomb_zone_06": {
      "type": "Sphere",
      "tm": [
        [
          -375.109,
          0.0,
          248.58
        ],
        [
          0.0,
          450.0,
          0.0
        ],
        [
          -248.58,
          0.0,
          -375.109
        ],
        [
          -1245.3,
          2015.76,
          15697.5
        ]
      ],
      "objLayer": 0,
      "props": {}
    },
    "bdt_t1_bomb_zone_07": {
      "type": "Sphere",
      "tm": [
        [
          -375.109,
          0.0,
          248.58
        ],
        [
          0.0,
          450.0,
          0.0
        ],
        [
          -248.58,
          0.0,
          -375.109
        ],
        [
          4543.84,
          2335.27,
          16644.7
        ]
      ],
      "objLayer": 0,
      "props": {}
    },
    "bdt_t1_bomb_zone_08": {
      "type": "Sphere",
      "tm": [
        [
          -227.277,
          0.0,
          388.387
        ],
        [
          0.0,
          450.0,
          0.0
        ],
        [
          -388.387,
          0.0,
          -227.277
        ],
        [
          -5613.52,
          609.349,
          4301.71
        ]
      ],
      "objLayer": 0,
      "props": {}
    },
    "bdt_t1_bomb_zone_09": {
      "type": "Sphere",
      "tm": [
        [
          -227.277,
          0.0,
          388.387
        ],
        [
          0.0,
          450.0,
          0.0
        ],
        [
          -388.387,
          0.0,
          -227.277
        ],
        [
          -4881.52,
          735.34,
          7497.88
        ]
      ],
      "objLayer": 0,
      "props": {}
    },
    "bdt_t1_bomb_zone_10": {
      "type": "Sphere",
      "tm": [
        [
          -227.277,
          0.0,
          388.387
        ],
        [
          0.0,
          450.0,
          0.0
        ],
        [
          -388.387,
          0.0,
          -227.277
        ],
        [
          -8562.65,
          510.85,
          1182.72
        ]
      ],
      "objLayer": 0,
      "props": {}
    },
    "bdt_t1_bomb_zone_05_aaa_point_01": {
      "type": "Point",
      "tm": [
        [
          -0.847384,
          0.0,
          0.530982
        ],
        [
          0.0,
          1.0,
          0.0
        ],
        [
          -0.530982,
          0.0,
          -0.847384
        ],
        [
          3311.61,
          1946.8,
          12988.0
        ]
      ],
      "objLayer": 0,
      "props": {}
    },
    "bdt_t1_bomb_zone_05_aaa_point_02": {
      "type": "Point",
      "tm": [
        [
          -0.847384,
          0.0,
          0.530982
        ],
        [
          0.0,
          1.0,
          0.0
        ],
        [
          -0.530982,
          0.0,
          -0.847384
        ],
        [
          3247.31,
          1981.67,
          13164.0
        ]
      ],
      "objLayer": 0,
      "props": {}
    },
    "bdt_t1_bomb_zone_05_aaa_point_03": {
      "type": "Point",
      "tm": [
        [
          -0.847384,
          0.0,
          0.530982
        ],
        [
          0.0,
          1.0,
          0.0
        ],
        [
          -0.530982,
          0.0,
          -0.847384
        ],
        [
          2868.77,
          1972.32,
          13333.5
        ]
      ],
      "objLayer": 0,
      "props": {}
    },
    "bdt_t1_bomb_zone_05_aaa_point_04": {
      "type": "Point",
      "tm": [
        [
          -0.847384,
          0.0,
          0.530982
        ],
        [
          0.0,
          1.0,
          0.0
        ],
        [
          -0.530982,
          0.0,
          -0.847384
        ],
        [
          2818.96,
          1896.6,
          13104.1
        ]
      ],
      "objLayer": 0,
      "props": {}
    },
    "bdt_t1_bomb_zone_06_aaa_point_01": {
      "type": "Point",
      "tm": [
        [
          -0.847384,
          0.0,
          0.530982
        ],
        [
          0.0,
          1.0,
          0.0
        ],
        [
          -0.530982,
          0.0,
          -0.847384
        ],
        [
          -941.28,
          2011.05,
          15843.7
        ]
      ],
      "objLayer": 0,
      "props": {}
    },
    "bdt_t1_bomb_zone_06_aaa_point_02": {
      "type": "Point",
      "tm": [
        [
          -0.847384,
          0.0,
          0.530982
        ],
        [
          0.0,
          1.0,
          0.0
        ],
        [
          -0.530982,
          0.0,
          -0.847384
        ],
        [
          -942.58,
          2013.31,
          15580.2
        ]
      ],
      "objLayer": 0,
      "props": {}
    },
    "bdt_t1_bomb_zone_06_aaa_point_03": {
      "type": "Point",
      "tm": [
        [
          -0.847384,
          0.0,
          0.530982
        ],
        [
          0.0,
          1.0,
          0.0
        ],
        [
          -0.530982,
          0.0,
          -0.847384
        ],
        [
          -1417.96,
          2017.29,
          15441.2
        ]
      ],
      "objLayer": 0,
      "props": {}
    },
    "bdt_t1_bomb_zone_06_aaa_point_04": {
      "type": "Point",
      "tm": [
        [
          -0.847384,
          0.0,
          0.530982
        ],
        [
          0.0,
          1.0,
          0.0
        ],
        [
          -0.530982,
          0.0,
          -0.847384
        ],
        [
          -1402.84,
          2013.06,
          15950.0
        ]
      ],
      "objLayer": 0,
      "props": {}
    },
    "bdt_t1_bomb_zone_07_aaa_point_01": {
      "type": "Point",
      "tm": [
        [
          -0.847384,
          0.0,
          0.530982
        ],
        [
          0.0,
          1.0,
          0.0
        ],
        [
          -0.530982,
          0.0,
          -0.847384
        ],
        [
          4278.35,
          2336.57,
          16502.4
        ]
      ],
      "objLayer": 0,
      "props": {}
    },
    "bdt_t1_bomb_zone_07_aaa_point_02": {
      "type": "Point",
      "tm": [
        [
          -0.847384,
          0.0,
          0.530982
        ],
        [
          0.0,
          1.0,
          0.0
        ],
        [
          -0.530982,
          0.0,
          -0.847384
        ],
        [
          4853.47,
          2329.28,
          16805.4
        ]
      ],
      "objLayer": 0,
      "props": {}
    },
    "bdt_t1_bomb_zone_07_aaa_point_03": {
      "type": "Point",
      "tm": [
        [
          -0.847384,
          0.0,
          0.530982
        ],
        [
          0.0,
          1.0,
          0.0
        ],
        [
          -0.530982,
          0.0,
          -0.847384
        ],
        [
          4374.58,
          2324.41,
          16935.1
        ]
      ],
      "objLayer": 0,
      "props": {}
    },
    "bdt_t1_bomb_zone_07_aaa_point_04": {
      "type": "Point",
      "tm": [
        [
          -0.847384,
          0.0,
          0.530982
        ],
        [
          0.0,
          1.0,
          0.0
        ],
        [
          -0.530982,
          0.0,
          -0.847384
        ],
        [
          4519.59,
          2333.83,
          16243.8
        ]
      ],
      "objLayer": 0,
      "props": {}
    },
    "bdt_t1_bomb_zone_08_aaa_point_01": {
      "type": "Point",
      "tm": [
        [
          -0.901046,
          0.0,
          0.433723
        ],
        [
          0.0,
          1.0,
          0.0
        ],
        [
          -0.433723,
          0.0,
          -0.901046
        ],
        [
          -5674.29,
          542.519,
          3996.84
        ]
      ],
      "objLayer": 0,
      "props": {}
    },
    "bdt_t1_bomb_zone_08_aaa_point_02": {
      "type": "Point",
      "tm": [
        [
          -0.901046,
          0.0,
          0.433723
        ],
        [
          0.0,
          1.0,
          0.0
        ],
        [
          -0.433723,
          0.0,
          -0.901046
        ],
        [
          -5308.35,
          488.499,
          4280.3
        ]
      ],
      "objLayer": 0,
      "props": {}
    },
    "bdt_t1_bomb_zone_08_aaa_point_03": {
      "type": "Point",
      "tm": [
        [
          -0.901046,
          0.0,
          0.433723
        ],
        [
          0.0,
          1.0,
          0.0
        ],
        [
          -0.433723,
          0.0,
          -0.901046
        ],
        [
          -5515.87,
          732.559,
          4645.79
        ]
      ],
      "objLayer": 0,
      "props": {}
    },
    "bdt_t1_bomb_zone_08_aaa_point_04": {
      "type": "Point",
      "tm": [
        [
          -0.901046,
          0.0,
          0.433723
        ],
        [
          0.0,
          1.0,
          0.0
        ],
        [
          -0.433723,
          0.0,
          -0.901046
        ],
        [
          -5861.29,
          719.229,
          4414.35
        ]
      ],
      "objLayer": 0,
      "props": {}
    },
    "bdt_t1_bomb_zone_09_aaa_point_01": {
      "type": "Point",
      "tm": [
        [
          -0.901046,
          0.0,
          0.433723
        ],
        [
          0.0,
          1.0,
          0.0
        ],
        [
          -0.433723,
          0.0,
          -0.901046
        ],
        [
          -4521.09,
          674.55,
          7231.58
        ]
      ],
      "objLayer": 0,
      "props": {}
    },
    "bdt_t1_bomb_zone_09_aaa_point_02": {
      "type": "Point",
      "tm": [
        [
          -0.901046,
          0.0,
          0.433723
        ],
        [
          0.0,
          1.0,
          0.0
        ],
        [
          -0.433723,
          0.0,
          -0.901046
        ],
        [
          -4539.88,
          579.45,
          7725.31
        ]
      ],
      "objLayer": 0,
      "props": {}
    },
    "bdt_t1_bomb_zone_09_aaa_point_03": {
      "type": "Point",
      "tm": [
        [
          -0.901046,
          0.0,
          0.433723
        ],
        [
          0.0,
          1.0,
          0.0
        ],
        [
          -0.433723,
          0.0,
          -0.901046
        ],
        [
          -4912.95,
          809.6,
          7142.75
        ]
      ],
      "objLayer": 0,
      "props": {}
    },
    "bdt_t1_bomb_zone_09_aaa_point_04": {
      "type": "Point",
      "tm": [
        [
          -0.901046,
          0.0,
          0.433723
        ],
        [
          0.0,
          1.0,
          0.0
        ],
        [
          -0.433723,
          0.0,
          -0.901046
        ],
        [
