{
  "selected_tag": "",
  "bin_dump_file": "",
  "mission_settings": {
    "player": {
      "army": 1
    },
    "player_teamB": {
      "army": 2
    },
    "mission": {
      "level": "levels/air_smolensk.bin",
      "type": "domination",
      "environment": "Day",
      "weather": "hazy",
      "restoreType": "attempts",
      "optionalTakeOff": false
    }
  },
  "imports": {},
  "triggers": {
    "isCategory": true,
    "is_enabled": true
  },
  "mission_objectives": {
    "isCategory": true,
    "is_enabled": true
  },
  "variables": {},
  "dialogs": {},
  "airfields": {},
  "effects": {},
  "units": {
    "objectGroups": [
      {
        "name": "bdt_t2_bomb_object_01",
        "tm": [
          [
            -0.0850926,
            0.0,
            0.996371
          ],
          [
            0.0,
            1.0,
            0.0
          ],
          [
            -0.996371,
            0.0,
            -0.0850926
          ],
          [
            4964.16,
            701.269,
            -7886.43
          ]
        ],
        "unit_class": "dynBase_hq_camp_square",
        "objLayer": 2,
        "props": {
          "army": 2,
          "active": false
        }
      },
      {
        "name": "bdt_t2_bomb_object_02",
        "tm": [
          [
            0.518788,
            0.0,
            0.854906
          ],
          [
            0.0,
            1.0,
            0.0
          ],
          [
            -0.854906,
            0.0,
            0.518788
          ],
          [
            9072.96,
            2188.7,
            -91.6973
          ]
        ],
        "unit_class": "dynBase_fuel_storage_square",
        "objLayer": 2,
        "props": {
          "army": 2,
          "active": false
        }
      },
      {
        "name": "bdt_t2_bomb_object_03",
        "tm": [
          [
            -0.960048,
            0.0,
            0.279842
          ],
          [
            0.0,
            1.0,
            0.0
          ],
          [
            -0.279842,
            0.0,
            -0.960048
          ],
          [
            8225.12,
            2014.34,
            3721.92
          ]
        ],
        "unit_class": "dynBase_oil_storage_small_square",
        "objLayer": 2,
        "props": {
          "army": 2,
          "active": false
        }
      },
      {
        "name": "bdt_t1_bomb_object_01",
        "tm": [
          [
            -0.505064,
            0.0,
            0.863081
          ],
          [
            0.0,
            1.0,
            0.0
          ],
          [
            -0.863081,
            0.0,
            -0.505064
          ],
          [
            -13813.6,
            2524.49,
            844.162
          ]
        ],
        "unit_class": "dynBase_fuel_storage_square",
        "objLayer": 2,
        "props": {
          "army": 1,
          "active": false
        }
      },
      {
        "name": "bdt_t1_bomb_object_02",
        "tm": [
          [
            -0.955462,
            0.0,
            0.295112
          ],
          [
            0.0,
            1.0,
            0.0
          ],
          [
            -0.295112,
            0.0,
            -0.955462
          ],
          [
            -7134.08,
            489.517,
            -2812.05
          ]
        ],
        "unit_class": "dynBase_small_factory_square",
        "objLayer": 2,
        "props": {
          "army": 1,
          "active": false
        }
      },
      {
        "name": "bdt_t1_bomb_object_03",
        "tm": [
          [
            -0.981071,
            0.0,
            0.193645
          ],
          [
            0.0,
            1.0,
            0.0
          ],
          [
            -0.193645,
            0.0,
            -0.981071
          ],
          [
            -4848.78,
            733.766,
            7567.19
          ]
        ],
        "unit_class": "dynBase_oil_storage_small_square",
        "objLayer": 2,
        "props": {
          "army": 1,
          "active": false
        }
      },
      {
        "name": "bdt_t2_bomb_object_04",
        "tm": [
          [
            -0.641203,
            0.0,
            0.767371
          ],
          [
            0.0,
            1.0,
            0.0
          ],
          [
            -0.767371,
            0.0,
            -0.641203
          ],
          [
            3809.2,
            644.311,
            -11793.3
          ]
        ],
        "unit_class": "dynBase_small_factory_square",
        "objLayer": 2,
        "props": {
          "army": 2,
          "active": false
        }
      },
      {
        "name": "bdt_t1_bomb_object_04",
        "tm": [
          [
            -0.851241,
            0.0,
            0.524776
          ],
          [
            0.0,
            1.0,
            0.0
          ],
          [
            -0.524776,
            0.0,
            -0.851241
          ],
          [
            4119.19,
            2278.84,
            8947.38
          ]
        ],
        "unit_class": "dynBase_field_camp_square",
        "objLayer": 2,
        "props": {
          "army": 1,
          "active": false
        }
      },
      {
        "name": "bdt_t1_bomb_object_05",
        "tm": [
          [
            -0.851241,
            0.0,
            0.524776
          ],
          [
            0.0,
            1.0,
            0.0
          ],
          [
            -0.524776,
            0.0,
            -0.851241
          ],
          [
            -652.71,
            436.988,
            8848.96
          ]
        ],
        "unit_class": "dynBase_military_base_square",
        "objLayer": 2,
        "props": {
          "army": 1,
          "active": false
        }
      },
      {
        "name": "bdt_t1_bomb_object_06",
        "tm": [
          [
            -0.851241,
            0.0,
            0.524776
          ],
          [
            0.0,
            1.0,
            0.0
          ],
          [
            -0.524776,
            0.0,
            -0.851241
          ],
          [
            -4213.63,
            613.237,
            11825.0
          ]
        ],
        "unit_class": "dynBase_oil_storage_large_square",
        "objLayer": 2,
        "props": {
          "army": 1,
          "active": false
        }
      },
      {
        "name": "bdt_t1_bomb_object_07",
        "tm": [
          [
            -0.851241,
            0.0,
            0.524776
          ],
          [
            0.0,
            1.0,
            0.0
          ],
          [
            -0.524776,
            0.0,
            -0.851241
          ],
          [
            1068.19,
            1895.74,
            12340.3
          ]
        ],
        "unit_class": "dynBase_oil_storage_large_square",
        "objLayer": 2,
        "props": {
          "army": 1,
          "active": false
        }
      },
      {
        "name": "bdt_t1_bomb_object_08",
        "tm": [
          [
            -0.505064,
            0.0,
            0.863081
          ],
          [
            0.0,
            1.0,
            0.0
          ],
          [
            -0.863081,
            0.0,
            -0.505064
          ],
          [
            -9138.69,
            602.799,
            541.382
          ]
        ],
        "unit_class": "dynBase_small_factory_square",
        "objLayer": 2,
        "props": {
          "army": 1,
          "active": false
        }
      },
      {
        "name": "bdt_t1_bomb_object_09",
        "tm": [
          [
            -0.505064,
            0.0,
            0.863081
          ],
          [
            0.0,
            1.0,
            0.0
          ],
          [
            -0.863081,
            0.0,
            -0.505064
          ],
          [
            -8328.92,
            574.501,
            4959.52
          ]
        ],
        "unit_class": "dynBase_petrol_camp_square",
        "objLayer": 2,
        "props": {
          "army": 1,
          "active": false
        }
      },
      {
        "name": "bdt_t1_bomb_object_10",
        "tm": [
          [
            -0.505064,
            0.0,
            0.863081
          ],
          [
            0.0,
            1.0,
            0.0
          ],
          [
            -0.863081,
            0.0,
            -0.505064
          ],
          [
            -12988.9,
            2762.88,
            -2608.34
          ]
        ],
        "unit_class": "dynBase_petrol_camp_square",
        "objLayer": 2,
        "props": {
          "army": 1,
          "active": false
        }
      },
      {
        "name": "bdt_t2_bomb_object_05",
        "tm": [
          [
            -0.641203,
            0.0,
            0.767371
          ],
          [
            0.0,
            1.0,
            0.0
          ],
          [
            -0.767371,
            0.0,
            -0.641203
          ],
          [
            710.406,
            592.434,
            -12702.5
          ]
        ],
        "unit_class": "dynBase_petrol_camp_square",
        "objLayer": 2,
        "props": {
          "army": 2,
          "active": false
        }
      },
      {
        "name": "bdt_t2_bomb_object_06",
        "tm": [
          [
            -0.926326,
            0.0,
            0.376724
          ],
          [
            0.0,
            1.0,
            0.0
          ],
          [
            -0.376724,
            0.0,
            -0.926326
          ],
          [
            -2543.23,
            999.932,
            -9165.78
          ]
        ],
        "unit_class": "dynBase_military_base_square",
        "objLayer": 2,
        "props": {
          "army": 2,
          "active": false
        }
      },
      {
        "name": "bdt_t2_bomb_object_07",
        "tm": [
          [
            -0.641203,
            0.0,
            0.767371
          ],
          [
            0.0,
            1.0,
            0.0
          ],
          [
            -0.767371,
            0.0,
            -0.641203
          ],
          [
            1587.84,
            752.632,
            -9566.75
          ]
        ],
        "unit_class": "dynBase_fuel_storage_square",
        "objLayer": 2,
        "props": {
          "army": 2,
          "active": false
        }
      },
      {
        "name": "bdt_t2_bomb_object_08",
        "tm": [
          [
            -0.960048,
            0.0,
            0.279842
          ],
          [
            0.0,
            1.0,
            0.0
          ],
          [
            -0.279842,
            0.0,
            -0.960048
          ],
          [
            11917.2,
            497.591,
            -2119.86
          ]
        ],
        "unit_class": "dynBase_ammunition_storage_square",
        "objLayer": 2,
        "props": {
          "army": 2,
          "active": false
        }
      },
      {
        "name": "bdt_t2_bomb_object_09",
        "tm": [
          [
            -0.960048,
            0.0,
            0.279842
          ],
          [
            0.0,
            1.0,
            0.0
          ],
          [
            -0.279842,
            0.0,
            -0.960048
          ],
          [
            12115.0,
            2248.14,
            2901.45
          ]
        ],
        "unit_class": "dynBase_field_camp_square",
        "objLayer": 2,
        "props": {
          "army": 2,
          "active": false
        }
      },
      {
        "name": "bdt_t2_bomb_object_10",
        "tm": [
          [
            -0.960048,
            0.0,
            0.279842
          ],
          [
            0.0,
            1.0,
            0.0
          ],
          [
            -0.279842,
            0.0,
            -0.960048
          ],
          [
            8750.44,
            588.975,
            -4003.22
          ]
        ],
        "unit_class": "dynBase_oil_storage_small_square",
        "objLayer": 2,
        "props": {
          "army": 2,
          "active": false
        }
      }
    ]
  },
  "areas": {
    "bdt_t2_bomb_zone_01": {
      "type": "Sphere",
      "tm": [
        [
          -38.2924,
          0.0,
          448.369
        ],
        [
          0.0,
          450.0,
          0.0
        ],
        [
          -448.369,
          0.0,
          -38.2924
        ],
        [
          4971.0,
          703.049,
          -7888.25
        ]
      ],
      "objLayer": 0,
      "props": {}
    },
    "bdt_t2_bomb_zone_02": {
      "type": "Sphere",
      "tm": [
        [
          -87.7839,
          0.0,
          441.356
        ],
        [
          0.0,
          450.0,
          0.0
        ],
        [
          -441.356,
          0.0,
          -87.7839
        ],
        [
          9052.0,
          2176.62,
          -86.2598
        ]
      ],
      "objLayer": 0,
      "props": {}
    },
    "bdt_t2_bomb_zone_03": {
      "type": "Sphere",
      "tm": [
        [
          -432.02,
          0.0,
          125.93
        ],
        [
          0.0,
          450.0,
          0.0
        ],
        [
          -125.93,
          0.0,
          -432.02
        ],
        [
          8227.9,
          2013.83,
          3712.46
        ]
      ],
      "objLayer": 0,
      "props": {}
    },
    "bdt_t1_bomb_zone_01": {
      "type": "Sphere",
      "tm": [
        [
          -227.277,
          0.0,
          388.387
        ],
        [
          0.0,
          450.0,
          0.0
        ],
        [
          -388.387,
          0.0,
          -227.277
        ],
        [
          -13822.7,
          2524.53,
          853.272
        ]
      ],
      "objLayer": 0,
      "props": {}
    },
    "bdt_t1_bomb_zone_02": {
      "type": "Sphere",
      "tm": [
        [
          -391.022,
          0.0,
          222.713
        ],
        [
          0.0,
          450.0,
          0.0
        ],
        [
          -222.713,
          0.0,
          -391.022
        ],
        [
          -7138.8,
          489.917,
          -2811.82
        ]
      ],
      "objLayer": 0,
      "props": {}
    },
    "bdt_t1_bomb_zone_03": {
      "type": "Sphere",
      "tm": [
        [
          -375.109,
          0.0,
          248.58
        ],
        [
          0.0,
          450.0,
          0.0
        ],
        [
          -248.58,
          0.0,
          -375.109
        ],
        [
          -4853.84,
          733.636,
          7569.91
        ]
      ],
      "objLayer": 0,
      "props": {}
    },
    "bdt_t2_bomb_zone_04": {
      "type": "Sphere",
      "tm": [
        [
          -288.54,
          0.0,
          345.316
        ],
        [
          0.0,
          450.0,
          0.0
        ],
        [
          -345.316,
          0.0,
          -288.54
        ],
        [
          3805.61,
          641.48,
          -11786.2
        ]
      ],
      "objLayer": 0,
      "props": {}
    },
    "bdt_t1_bomb_zone_04": {
      "type": "Sphere",
      "tm": [
        [
          -375.109,
          0.0,
          248.58
        ],
        [
          0.0,
          450.0,
          0.0
        ],
        [
          -248.58,
          0.0,
          -375.109
        ],
        [
          4115.78,
          2278.81,
          8942.88
        ]
      ],
      "objLayer": 0,
      "props": {}
    },
    "bdt_t2_bomb_zone_01_aaa_point_01": {
      "type": "Point",
      "tm": [
        [
          -0.62717,
          0.0,
          0.778881
        ],
        [
          0.0,
          1.0,
          0.0
        ],
        [
          -0.778881,
          0.0,
          -0.62717
        ],
        [
          5128.55,
          693.409,
          -7727.0
        ]
      ],
      "objLayer": 0,
      "props": {}
    },
    "bdt_t2_bomb_zone_01_aaa_point_02": {
      "type": "Point",
      "tm": [
        [
          -0.62717,
          0.0,
          0.778881
        ],
        [
          0.0,
          1.0,
          0.0
        ],
        [
          -0.778881,
          0.0,
          -0.62717
        ],
        [
          4855.74,
          747.079,
          -8156.82
        ]
      ],
      "objLayer": 0,
      "props": {}
    },
    "bdt_t2_bomb_zone_01_aaa_point_03": {
      "type": "Point",
      "tm": [
        [
          -0.62717,
          0.0,
          0.778881
        ],
        [
          0.0,
          1.0,
          0.0
        ],
        [
          -0.778881,
          0.0,
          -0.62717
        ],
        [
          4774.99,
          709.229,
          -8069.38
        ]
      ],
      "objLayer": 0,
      "props": {}
    },
    "bdt_t2_bomb_zone_01_aaa_point_04": {
      "type": "Point",
      "tm": [
        [
          -0.62717,
          0.0,
          0.778881
        ],
        [
          0.0,
          1.0,
          0.0
        ],
        [
          -0.778881,
          0.0,
          -0.62717
        ],
        [
          4515.35,
          677.989,
          -7784.42
        ]
      ],
      "objLayer": 0,
      "props": {}
    },
    "bdt_t2_bomb_zone_02_aaa_point_01": {
      "type": "Point",
      "tm": [
        [
          -0.709685,
          0.0,
          0.704516
        ],
        [
          0.0,
          1.0,
          0.0
        ],
        [
          -0.704516,
          0.0,
          -0.709685
        ],
        [
          9298.2,
          2285.83,
          -120.17
        ]
      ],
      "objLayer": 0,
      "props": {}
    },
    "bdt_t2_bomb_zone_02_aaa_point_02": {
      "type": "Point",
      "tm": [
        [
          -0.709685,
          0.0,
          0.704516
        ],
        [
          0.0,
          1.0,
          0.0
        ],
        [
          -0.704516,
          0.0,
          -0.709685
        ],
        [
          8779.83,
          2016.01,
          -268.034
        ]
      ],
      "objLayer": 0,
      "props": {}
    },
    "bdt_t2_bomb_zone_02_aaa_point_03": {
      "type": "Point",
      "tm": [
        [
          -0.709685,
          0.0,
          0.704516
        ],
        [
          0.0,
          1.0,
          0.0
        ],
        [
          -0.704516,
          0.0,
          -0.709685
        ],
        [
          9157.35,
          2176.62,
          -345.184
        ]
      ],
      "objLayer": 0,
      "props": {}
    },
    "bdt_t2_bomb_zone_02_aaa_point_04": {
      "type": "Point",
      "tm": [
        [
          -0.709685,
          0.0,
          0.704516
        ],
        [
          0.0,
          1.0,
          0.0
        ],
        [
          -0.704516,
          0.0,
          -0.709685
        ],
        [
          8919.13,
          2134.17,
          100.816
        ]
      ],
      "objLayer": 0,
      "props": {}
    },
    "bdt_t2_bomb_zone_03_aaa_point_01": {
      "type": "Point",
      "tm": [
        [
          -0.709685,
          0.0,
          0.704516
        ],
        [
          0.0,
          1.0,
          0.0
        ],
        [
          -0.704516,
          0.0,
          -0.709685
        ],
        [
          8400.27,
          2009.85,
          3955.56
        ]
      ],
      "objLayer": 0,
      "props": {}
    },
    "bdt_t2_bomb_zone_03_aaa_point_02": {
      "type": "Point",
      "tm": [
        [
          -0.709685,
          0.0,
          0.704516
        ],
        [
          0.0,
          1.0,
          0.0
        ],
        [
          -0.704516,
          0.0,
          -0.709685
        ],
        [
          7958.64,
          1877.32,
          3597.95
        ]
      ],
      "objLayer": 0,
      "props": {}
    },
    "bdt_t2_bomb_zone_03_aaa_point_03": {
      "type": "Point",
      "tm": [
        [
          -0.709685,
          0.0,
          0.704516
        ],
        [
          0.0,
          1.0,
          0.0
        ],
        [
          -0.704516,
          0.0,
          -0.709685
        ],
        [
          8189.11,
          1947.73,
          3394.5
        ]
      ],
      "objLayer": 0,
      "props": {}
    },
    "bdt_t2_bomb_zone_03_aaa_point_04": {
      "type": "Point",
      "tm": [
        [
          -0.709685,
          0.0,
          0.704516
        ],
        [
          0.0,
          1.0,
          0.0
        ],
        [
          -0.704516,
          0.0,
          -0.709685
        ],
        [
          8523.74,
          2049.15,
          3762.15
        ]
      ],
      "objLayer": 0,
      "props": {}
    },
    "bdt_t2_bomb_zone_04_aaa_point_01": {
      "type": "Point",
      "tm": [
        [
          -0.62717,
          0.0,
          0.778881
        ],
        [
          0.0,
          1.0,
          0.0
        ],
        [
          -0.778881,
          0.0,
          -0.62717
        ],
        [
          3475.96,
          575.25,
          -11744.5
        ]
      ],
      "objLayer": 0,
      "props": {}
    },
    "bdt_t2_bomb_zone_04_aaa_point_02": {
      "type": "Point",
      "tm": [
        [
          -0.62717,
          0.0,
          0.778881
        ],
        [
          0.0,
          1.0,
          0.0
        ],
        [
          -0.778881,
          0.0,
          -0.62717
        ],
        [
          3779.53,
          688.24,
          -12087.3
        ]
      ],
      "objLayer": 0,
      "props": {}
    },
    "bdt_t2_bomb_zone_04_aaa_point_03": {
      "type": "Point",
      "tm": [
        [
          -0.62717,
          0.0,
          0.778881
        ],
        [
          0.0,
          1.0,
          0.0
        ],
        [
          -0.778881,
          0.0,
          -0.62717
        ],
        [
          3918.26,
          632.4,
          -11544.6
        ]
      ],
      "objLayer": 0,
      "props": {}
    },
    "bdt_t2_bomb_zone_04_aaa_point_04": {
      "type": "Point",
      "tm": [
        [
          -0.62717,
          0.0,
          0.778881
        ],
        [
          0.0,
          1.0,
          0.0
        ],
        [
          -0.778881,
          0.0,
          -0.62717
        ],
        [
          4049.95,
          723.801,
          -11750.5
        ]
      ],
      "objLayer": 0,
      "props": {}
    },
    "bdt_t1_bomb_zone_01_aaa_point_01": {
      "type": "Point",
      "tm": [
        [
          -0.901046,
          0.0,
          0.433723
        ],
        [
          0.0,
          1.0,
          0.0
        ],
        [
          -0.433723,
          0.0,
          -0.901046
        ],
        [
          -14055.8,
          2527.92,
          955.521
        ]
      ],
      "objLayer": 0,
      "props": {}
    },
    "bdt_t1_bomb_zone_01_aaa_point_02": {
      "type": "Point",
      "tm": [
        [
          -0.901046,
          0.0,
          0.433723
        ],
        [
          0.0,
          1.0,
          0.0
        ],
        [
          -0.433723,
          0.0,
          -0.901046
        ],
        [
          -13627.8,
          2480.17,
          691.592
        ]
      ],
      "objLayer": 0,
      "props": {}
    },
    "bdt_t1_bomb_zone_01_aaa_point_03": {
      "type": "Point",
      "tm": [
        [
          -0.901046,
          0.0,
          0.433723
        ],
        [
          0.0,
          1.0,
          0.0
        ],
        [
          -0.433723,
          0.0,
          -0.901046
        ],
        [
          -13696.0,
          2537.4,
          1049.14
        ]
      ],
      "objLayer": 0,
      "props": {}
    },
    "bdt_t1_bomb_zone_01_aaa_point_04": {
      "type": "Point",
      "tm": [
        [
          -0.901046,
          0.0,
          0.433723
        ],
        [
          0.0,
          1.0,
          0.0
        ],
        [
          -0.433723,
          0.0,
          -0.901046
        ],
        [
          -13574.4,
          2530.64,
          855.732
        ]
      ],
      "objLayer": 0,
      "props": {}
    },
    "bdt_t1_bomb_zone_02_aaa_point_01": {
      "type": "Point",
      "tm": [
        [
          -0.901046,
          0.0,
          0.433723
        ],
        [
          0.0,
          1.0,
          0.0
        ],
        [
          -0.433723,
          0.0,
          -0.901046
        ],
        [
          -7398.12,
          419.107,
          -2888.62
        ]
      ],
      "objLayer": 0,
      "props": {}
    },
    "bdt_t1_bomb_zone_02_aaa_point_02": {
      "type": "Point",
      "tm": [
        [
          -0.901046,
          0.0,
          0.433723
        ],
        [
          0.0,
          1.0,
          0.0
        ],
        [
          -0.433723,
          0.0,
          -0.901046
        ],
        [
          -7175.67,
          462.877,
          -3074.99
        ]
      ],
      "objLayer": 0,
      "props": {}
    },
    "bdt_t1_bomb_zone_02_aaa_point_03": {
      "type": "Point",
      "tm": [
        [
          -0.901046,
          0.0,
          0.433723
        ],
        [
          0.0,
          1.0,
          0.0
        ],
        [
          -0.433723,
          0.0,
          -0.901046
        ],
        [
          -6887.49,
          405.537,
          -2437.81
        ]
      ],
      "objLayer": 0,
      "props": {}
    },
    "bdt_t1_bomb_zone_02_aaa_point_04": {
      "type": "Point",
      "tm": [
        [
          -0.901046,
          0.0,
          0.433723
        ],
        [
          0.0,
          1.0,
          0.0
        ],
        [
          -0.433723,
          0.0,
          -0.901046
        ],
        [
          -6859.82,
          541.947,
          -2986.42
        ]
      ],
      "objLayer": 0,
      "props": {}
    },
    "bdt_t1_bomb_zone_03_aaa_point_01": {
      "type": "Point",
      "tm": [
        [
          -0.847384,
          0.0,
          0.530982
        ],
        [
          0.0,
          1.0,
          0.0
        ],
        [
          -0.530982,
          0.0,
          -0.847384
        ],
        [
          -4559.25,
          738.006,
          7659.0
        ]
      ],
      "objLayer": 0,
      "props": {}
    },
    "bdt_t1_bomb_zone_03_aaa_point_02": {
      "type": "Point",
      "tm": [
        [
          -0.847384,
          0.0,
          0.530982
        ],
        [
          0.0,
          1.0,
          0.0
        ],
        [
          -0.530982,
          0.0,
          -0.847384
        ],
        [
          -5080.9,
          730.696,
          7485.81
        ]
      ],
      "objLayer": 0,
      "props": {}
    },
    "bdt_t1_bomb_zone_03_aaa_point_03": {
      "type": "Point",
      "tm": [
        [
          -0.847384,
          0.0,
          0.530982
        ],
        [
          0.0,
          1.0,
          0.0
        ],
        [
          -0.530982,
          0.0,
          -0.847384
        ],
        [
          -4885.98,
          737.456,
          7284.88
        ]
      ],
      "objLayer": 0,
      "props": {}
    },
    "bdt_t1_bomb_zone_03_aaa_point_04": {
      "type": "Point",
      "tm": [
        [
          -0.847384,
          0.0,
          0.530982
        ],
        [
          0.0,
          1.0,
          0.0
        ],
        [
          -0.530982,
          0.0,
          -0.847384
        ],
        [
          -4920.23,
          735.256,
          7822.2
        ]
      ],
      "objLayer": 0,
      "props": {}
    },
    "bdt_t1_bomb_zone_04_aaa_point_01": {
      "type": "Point",
      "tm": [
        [
          -0.847384,
          0.0,
          0.530982
        ],
        [
          0.0,
          1.0,
          0.0
        ],
        [
          -0.530982,
          0.0,
          -0.847384
        ],
        [
          3943.71,
          2281.0,
          9208.79
        ]
      ],
      "objLayer": 0,
      "props": {}
    },
    "bdt_t1_bomb_zone_04_aaa_point_02": {
      "type": "Point",
      "tm": [
        [
          -0.847384,
          0.0,
          0.530982
        ],
        [
          0.0,
          1.0,
          0.0
        ],
        [
          -0.530982,
          0.0,
          -0.847384
        ],
        [
          3867.24,
          2278.93,
          8896.94
        ]
      ],
      "objLayer": 0,
      "props": {}
    },
    "bdt_t1_bomb_zone_04_aaa_point_03": {
      "type": "Point",
      "tm": [
        [
          -0.847384,
          0.0,
          0.530982
        ],
        [
          0.0,
          1.0,
          0.0
        ],
        [
          -0.530982,
          0.0,
          -0.847384
        ],
        [
          4275.32,
          2279.86,
          9185.97
        ]
      ],
      "objLayer": 0,
      "props": {}
    },
    "bdt_t1_bomb_zone_04_aaa_point_04": {
      "type": "Point",
      "tm": [
        [
          -0.847384,
          0.0,
          0.530982
        ],
        [
          0.0,
          1.0,
          0.0
        ],
        [
          -0.530982,
          0.0,
          -0.847384
        ],
        [
          4103.68,
          2278.27,
          8629.22
        ]
      ],
      "objLayer": 0,
      "props": {}
    },
    "bdt_t1_bomb_zone_05": {
      "type": "Sphere",
      "tm": [
        [
          -375.109,
          0.0,
          248.58
        ],
        [
          0.0,
          450.0,
          0.0
        ],
        [
          -248.58,
          0.0,
          -375.109
        ],
        [
          -656.116,
          435.198,
          8844.17
        ]
      ],
      "objLayer": 0,
      "props": {}
    },
    "bdt_t1_bomb_zone_06": {
      "type": "Sphere",
      "tm": [
        [
          -375.109,
          0.0,
          248.58
        ],
        [
          0.0,
          450.0,
          0.0
        ],
        [
          -248.58,
          0.0,
          -375.109
        ],
        [
          -4217.08,
          613.297,
          11820.4
        ]
      ],
      "objLayer": 0,
      "props": {}
    },
    "bdt_t1_bomb_zone_07": {
      "type": "Sphere",
      "tm": [
        [
          -375.109,
          0.0,
          248.58
        ],
        [
          0.0,
          450.0,
          0.0
        ],
        [
          -248.58,
          0.0,
          -375.109
        ],
        [
          1064.68,
          1895.86,
          12335.5
        ]
      ],
      "objLayer": 0,
      "props": {}
    },
    "bdt_t1_bomb_zone_08": {
      "type": "Sphere",
      "tm": [
        [
          -227.277,
          0.0,
          388.387
        ],
        [
          0.0,
          450.0,
          0.0
        ],
        [
          -388.387,
          0.0,
          -227.277
        ],
        [
          -9147.52,
          609.349,
          550.505
        ]
      ],
      "objLayer": 0,
      "props": {}
    },
    "bdt_t1_bomb_zone_09": {
      "type": "Sphere",
      "tm": [
        [
          -227.277,
          0.0,
          388.387
        ],
        [
          0.0,
          450.0,
          0.0
        ],
        [
          -388.387,
          0.0,
          -227.277
        ],
        [
          -8337.54,
          573.451,
          4968.55
        ]
      ],
      "objLayer": 0,
      "props": {}
    },
    "bdt_t1_bomb_zone_10": {
      "type": "Sphere",
      "tm": [
        [
          -227.277,
          0.0,
          388.387
        ],
        [
          0.0,
          450.0,
          0.0
        ],
        [
          -388.387,
          0.0,
          -227.277
        ],
        [
          -12997.8,
          2769.08,
          -2599.22
        ]
      ],
      "objLayer": 0,
      "props": {}
    },
    "bdt_t1_bomb_zone_05_aaa_point_01": {
      "type": "Point",
      "tm": [
        [
          -0.847384,
          0.0,
          0.530982
        ],
        [
          0.0,
          1.0,
          0.0
        ],
        [
          -0.530982,
          0.0,
          -0.847384
        ],
        [
          -436.803,
          428.538,
          8679.85
        ]
      ],
      "objLayer": 0,
      "props": {}
    },
    "bdt_t1_bomb_zone_05_aaa_point_02": {
      "type": "Point",
      "tm": [
        [
          -0.847384,
          0.0,
          0.530982
        ],
        [
          0.0,
          1.0,
          0.0
        ],
        [
          -0.530982,
          0.0,
          -0.847384
        ],
        [
          -501.097,
          463.408,
          8855.84
        ]
      ],
      "objLayer": 0,
      "props": {}
    },
    "bdt_t1_bomb_zone_05_aaa_point_03": {
      "type": "Point",
      "tm": [
        [
          -0.847384,
          0.0,
          0.530982
        ],
        [
          0.0,
          1.0,
          0.0
        ],
        [
          -0.530982,
          0.0,
          -0.847384
        ],
        [
          -879.635,
          454.058,
          9025.27
        ]
      ],
      "objLayer": 0,
      "props": {}
    },
    "bdt_t1_bomb_zone_05_aaa_point_04": {
      "type": "Point",
      "tm": [
        [
          -0.847384,
          0.0,
          0.530982
        ],
        [
          0.0,
          1.0,
          0.0
        ],
        [
          -0.530982,
          0.0,
          -0.847384
        ],
        [
          -929.45,
          378.338,
          8795.93
        ]
      ],
      "objLayer": 0,
      "props": {}
    },
    "bdt_t1_bomb_zone_06_aaa_point_01": {
      "type": "Point",
      "tm": [
        [
          -0.847384,
          0.0,
          0.530982
        ],
        [
          0.0,
          1.0,
          0.0
        ],
        [
          -0.530982,
          0.0,
          -0.847384
        ],
        [
          -3913.06,
          608.587,
          11966.5
        ]
      ],
      "objLayer": 0,
      "props": {}
    },
    "bdt_t1_bomb_zone_06_aaa_point_02": {
      "type": "Point",
      "tm": [
        [
          -0.847384,
          0.0,
          0.530982
        ],
        [
          0.0,
          1.0,
          0.0
        ],
        [
          -0.530982,
          0.0,
          -0.847384
        ],
        [
          -3914.36,
          610.847,
          11703.0
        ]
      ],
      "objLayer": 0,
      "props": {}
    },
    "bdt_t1_bomb_zone_06_aaa_point_03": {
      "type": "Point",
      "tm": [
        [
          -0.847384,
          0.0,
          0.530982
        ],
        [
          0.0,
          1.0,
          0.0
        ],
        [
          -0.530982,
          0.0,
          -0.847384
        ],
        [
          -4389.74,
          614.827,
          11564.0
        ]
      ],
      "objLayer": 0,
      "props": {}
    },
    "bdt_t1_bomb_zone_06_aaa_point_04": {
      "type": "Point",
      "tm": [
        [
          -0.847384,
          0.0,
          0.530982
        ],
        [
          0.0,
          1.0,
          0.0
        ],
        [
          -0.530982,
          0.0,
          -0.847384
        ],
        [
          -4374.62,
          610.597,
          12072.9
        ]
      ],
      "objLayer": 0,
      "props": {}
    },
    "bdt_t1_bomb_zone_07_aaa_point_01": {
      "type": "Point",
      "tm": [
        [
          -0.847384,
          0.0,
          0.530982
        ],
        [
          0.0,
          1.0,
          0.0
        ],
        [
          -0.530982,
          0.0,
          -0.847384
        ],
        [
          799.185,
          1897.16,
          12193.2
        ]
      ],
      "objLayer": 0,
      "props": {}
    },
    "bdt_t1_bomb_zone_07_aaa_point_02": {
      "type": "Point",
      "tm": [
        [
          -0.847384,
          0.0,
          0.530982
        ],
        [
          0.0,
          1.0,
          0.0
        ],
        [
          -0.530982,
          0.0,
          -0.847384
        ],
        [
          1374.31,
          1889.87,
          12496.2
        ]
      ],
      "objLayer": 0,
      "props": {}
    },
    "bdt_t1_bomb_zone_07_aaa_point_03": {
      "type": "Point",
      "tm": [
        [
          -0.847384,
          0.0,
          0.530982
        ],
        [
          0.0,
          1.0,
          0.0
        ],
        [
          -0.530982,
          0.0,
          -0.847384
        ],
        [
          895.424,
          1885.0,
          12625.9
        ]
      ],
      "objLayer": 0,
      "props": {}
    },
    "bdt_t1_bomb_zone_07_aaa_point_04": {
      "type": "Point",
      "tm": [
        [
          -0.847384,
          0.0,
          0.530982
        ],
        [
          0.0,
          1.0,
          0.0
        ],
        [
          -0.530982,
          0.0,
          -0.847384
        ],
        [
          1040.43,
          1894.42,
          11934.6
        ]
      ],
      "objLayer": 0,
      "props": {}
    },
    "bdt_t1_bomb_zone_08_aaa_point_01": {
      "type": "Point",
      "tm": [
        [
          -0.901046,
          0.0,
          0.433723
        ],
        [
          0.0,
          1.0,
          0.0
        ],
        [
          -0.433723,
          0.0,
          -0.901046
        ],
        [
          -9208.29,
          542.519,
          245.638
        ]
      ],
      "objLayer": 0,
      "props": {}
    },
    "bdt_t1_bomb_zone_08_aaa_point_02": {
      "type": "Point",
      "tm": [
        [
          -0.901046,
          0.0,
          0.433723
        ],
        [
          0.0,
          1.0,
          0.0
        ],
        [
          -0.433723,
          0.0,
          -0.901046
        ],
        [
          -8842.35,
          488.499,
          529.104
        ]
      ],
      "objLayer": 0,
      "props": {}
    },
    "bdt_t1_bomb_zone_08_aaa_point_03": {
      "type": "Point",
      "tm": [
        [
          -0.901046,
          0.0,
          0.433723
        ],
        [
          0.0,
          1.0,
          0.0
        ],
        [
          -0.433723,
          0.0,
          -0.901046
        ],
        [
          -9049.87,
          732.559,
          894.591
        ]
      ],
      "objLayer": 0,
      "props": {}
    },
    "bdt_t1_bomb_zone_08_aaa_point_04": {
      "type": "Point",
      "tm": [
        [
          -0.901046,
          0.0,
          0.433723
        ],
        [
          0.0,
          1.0,
          0.0
        ],
        [
          -0.433723,
          0.0,
          -0.901046
        ],
        [
          -9395.29,
          719.229,
          663.15
        ]
      ],
      "objLayer": 0,
      "props": {}
    },
    "bdt_t1_bomb_zone_09_aaa_point_01": {
      "type": "Point",
      "tm": [
        [
          -0.901046,
          0.0,
          0.433723
        ],
        [
          0.0,
          1.0,
          0.0
        ],
        [
          -0.433723,
          0.0,
          -0.901046
        ],
        [
          -7977.11,
          512.661,
          4702.25
        ]
      ],
      "objLayer": 0,
      "props": {}
    },
    "bdt_t1_bomb_zone_09_aaa_point_02": {
      "type": "Point",
      "tm": [
        [
          -0.901046,
          0.0,
          0.433723
        ],
        [
          0.0,
          1.0,
          0.0
        ],
        [
          -0.433723,
          0.0,
          -0.901046
        ],
        [
          -7995.9,
          417.561,
          5195.98
        ]
      ],
      "objLayer": 0,
      "props": {}
    },
    "bdt_t1_bomb_zone_09_aaa_point_03": {
      "type": "Point",
      "tm": [
        [
          -0.901046,
          0.0,
          0.433723
        ],
        [
          0.0,
          1.0,
          0.0
        ],
        [
          -0.433723,
          0.0,
          -0.901046
        ],
        [
          -8247.92,
          647.711,
          3978.21
        ]
      ],
      "objLayer": 0,
      "props": {}
    },
    "bdt_t1_bomb_zone_09_aaa_point_04": {
      "type": "Point",
      "tm": [
        [
          -0.901046,
          0.0,
          0.433723
        ],
        [
          0.0,
          1.0,
          0.0
        ],
        [
          -0.433723,
