{
  "selected_tag": "",
  "bin_dump_file": "",
  "mission_settings": {
    "player": {
      "army": 1
    },
    "player_teamB": {
      "army": 2
    },
    "mission": {
      "level": "levels/air_smolensk.bin",
      "type": "domination",
      "environment": "Day",
      "weather": "hazy",
      "restoreType": "attempts",
      "optionalTakeOff": false
    }
  },
  "imports": {},
  "triggers": {
    "isCategory": true,
    "is_enabled": true
  },
  "mission_objectives": {
    "isCategory": true,
    "is_enabled": true
  },
  "variables": {},
  "dialogs": {},
  "airfields": {},
  "effects": {},
  "units": {
    "objectGroups": [
      {
        "name": "bdt_t2_bomb_object_01",
        "tm": [
          [
            0.745259,
            0.0,
            -0.666772
          ],
          [
            0.0,
            1.0,
            0.0
          ],
          [
            0.666772,
            0.0,
            0.745259
          ],
          [
            -6837.74,
            169.865,
            -5751.97
          ]
        ],
        "unit_class": "dynBase_hq_camp_square",
        "objLayer": 2,
        "props": {
          "army": 2,
          "active": false
        }
      },
      {
        "name": "bdt_t2_bomb_object_02",
        "tm": [
          [
            0.208753,
            0.0,
            -0.977971
          ],
          [
            0.0,
            1.0,
            0.0
          ],
          [
            0.977971,
            0.0,
            0.208753
          ],
          [
            -5677.22,
            143.196,
            -13929.3
          ]
        ],
        "unit_class": "dynBase_fuel_storage_square",
        "objLayer": 2,
        "props": {
          "army": 2,
          "active": false
        }
      },
      {
        "name": "bdt_t2_bomb_object_03",
        "tm": [
          [
            0.890617,
            0.0,
            0.454759
          ],
          [
            0.0,
            1.0,
            0.0
          ],
          [
            -0.454759,
            0.0,
            0.890617
          ],
          [
            -2806.0,
            77.793,
            -16861.0
          ]
        ],
        "unit_class": "dynBase_oil_storage_small_square",
        "objLayer": 2,
        "props": {
          "army": 2,
          "active": false
        }
      },
      {
        "name": "bdt_t1_bomb_object_01",
        "tm": [
          [
            0.95949,
            0.0,
            -0.281742
          ],
          [
            0.0,
            1.0,
            0.0
          ],
          [
            0.281742,
            0.0,
            0.95949
          ],
          [
            12458.9,
            139.471,
            -2535.6
          ]
        ],
        "unit_class": "dynBase_fuel_storage_square",
        "objLayer": 2,
        "props": {
          "army": 1,
          "active": false
        }
      },
      {
        "name": "bdt_t1_bomb_object_02",
        "tm": [
          [
            0.897751,
            0.0,
            0.4405
          ],
          [
            0.0,
            1.0,
            0.0
          ],
          [
            -0.4405,
            0.0,
            0.897751
          ],
          [
            4785.71,
            103.427,
            594.5
          ]
        ],
        "unit_class": "dynBase_small_factory_square",
        "objLayer": 2,
        "props": {
          "army": 1,
          "active": false
        }
      },
      {
        "name": "bdt_t1_bomb_object_03",
        "tm": [
          [
            0.846801,
            0.0,
            0.531909
          ],
          [
            0.0,
            1.0,
            0.0
          ],
          [
            -0.531909,
            0.0,
            0.846801
          ],
          [
            9899.66,
            185.971,
            -10953.8
          ]
        ],
        "unit_class": "dynBase_oil_storage_small_square",
        "objLayer": 2,
        "props": {
          "army": 1,
          "active": false
        }
      },
      {
        "name": "bdt_t2_bomb_object_04",
        "tm": [
          [
            0.992928,
            0.0,
            -0.118721
          ],
          [
            0.0,
            1.0,
            0.0
          ],
          [
            0.118721,
            0.0,
            0.992928
          ],
          [
            -9613.2,
            86.9791,
            -2819.1
          ]
        ],
        "unit_class": "dynBase_small_factory_square",
        "objLayer": 2,
        "props": {
          "army": 2,
          "active": false
        }
      },
      {
        "name": "bdt_t1_bomb_object_04",
        "tm": [
          [
            0.97941,
            0.0,
            0.201882
          ],
          [
            0.0,
            1.0,
            0.0
          ],
          [
            -0.201882,
            0.0,
            0.97941
          ],
          [
            5290.81,
            107.668,
            -17012.5
          ]
        ],
        "unit_class": "dynBase_field_camp_square",
        "objLayer": 2,
        "props": {
          "army": 1,
          "active": false
        }
      },
      {
        "name": "bdt_t1_bomb_object_05",
        "tm": [
          [
            0.97941,
            0.0,
            0.201882
          ],
          [
            0.0,
            1.0,
            0.0
          ],
          [
            -0.201882,
            0.0,
            0.97941
          ],
          [
            8380.25,
            209.722,
            -15310.9
          ]
        ],
        "unit_class": "dynBase_military_base_square",
        "objLayer": 2,
        "props": {
          "army": 1,
          "active": false
        }
      },
      {
        "name": "bdt_t1_bomb_object_06",
        "tm": [
          [
            0.97941,
            0.0,
            0.201882
          ],
          [
            0.0,
            1.0,
            0.0
          ],
          [
            -0.201882,
            0.0,
            0.97941
          ],
          [
            12339.0,
            207.206,
            -13592.3
          ]
        ],
        "unit_class": "dynBase_oil_storage_large_square",
        "objLayer": 2,
        "props": {
          "army": 1,
          "active": false
        }
      },
      {
        "name": "bdt_t1_bomb_object_07",
        "tm": [
          [
            0.97941,
            0.0,
            0.201882
          ],
          [
            0.0,
            1.0,
            0.0
          ],
          [
            -0.201882,
            0.0,
            0.97941
          ],
          [
            10483.5,
            191.244,
            -17806.2
          ]
        ],
        "unit_class": "dynBase_oil_storage_large_square",
        "objLayer": 2,
        "props": {
          "army": 1,
          "active": false
        }
      },
      {
        "name": "bdt_t1_bomb_object_08",
        "tm": [
          [
            0.95949,
            0.0,
            -0.281742
          ],
          [
            0.0,
            1.0,
            0.0
          ],
          [
            0.281742,
            0.0,
            0.95949
          ],
          [
            7445.61,
            131.454,
            -1904.98
          ]
        ],
        "unit_class": "dynBase_small_factory_square",
        "objLayer": 2,
        "props": {
          "army": 1,
          "active": false
        }
      },
      {
        "name": "bdt_t1_bomb_object_09",
        "tm": [
          [
            0.95949,
            0.0,
            -0.281742
          ],
          [
            0.0,
            1.0,
            0.0
          ],
          [
            0.281742,
            0.0,
            0.95949
          ],
          [
            10924.1,
            94.4709,
            -5922.47
          ]
        ],
        "unit_class": "dynBase_petrol_camp_square",
        "objLayer": 2,
        "props": {
          "army": 1,
          "active": false
        }
      },
      {
        "name": "bdt_t1_bomb_object_10",
        "tm": [
          [
            0.95949,
            0.0,
            -0.281742
          ],
          [
            0.0,
            1.0,
            0.0
          ],
          [
            0.281742,
            0.0,
            0.95949
          ],
          [
            8548.3,
            47.3007,
            1256.9
          ]
        ],
        "unit_class": "dynBase_petrol_camp_square",
        "objLayer": 2,
        "props": {
          "army": 1,
          "active": false
        }
      },
      {
        "name": "bdt_t2_bomb_object_05",
        "tm": [
          [
            0.992928,
            0.0,
            -0.118721
          ],
          [
            0.0,
            1.0,
            0.0
          ],
          [
            0.118721,
            0.0,
            0.992928
          ],
          [
            -6591.42,
            121.403,
            678.899
          ]
        ],
        "unit_class": "dynBase_petrol_camp_square",
        "objLayer": 2,
        "props": {
          "army": 2,
          "active": false
        }
      },
      {
        "name": "bdt_t2_bomb_object_06",
        "tm": [
          [
            0.932518,
            0.0,
            0.361125
          ],
          [
            0.0,
            1.0,
            0.0
          ],
          [
            -0.361125,
            0.0,
            0.932518
          ],
          [
            -2781.68,
            175.408,
            -176.3
          ]
        ],
        "unit_class": "dynBase_military_base_square",
        "objLayer": 2,
        "props": {
          "army": 2,
          "active": false
        }
      },
      {
        "name": "bdt_t2_bomb_object_07",
        "tm": [
          [
            0.992928,
            0.0,
            -0.118721
          ],
          [
            0.0,
            1.0,
            0.0
          ],
          [
            0.118721,
            0.0,
            0.992928
          ],
          [
            -5924.25,
            136.798,
            -2429.9
          ]
        ],
        "unit_class": "dynBase_fuel_storage_square",
        "objLayer": 2,
        "props": {
          "army": 2,
          "active": false
        }
      },
      {
        "name": "bdt_t2_bomb_object_08",
        "tm": [
          [
            0.890617,
            0.0,
            0.454759
          ],
          [
            0.0,
            1.0,
            0.0
          ],
          [
            -0.454759,
            0.0,
            0.890617
          ],
          [
            -8937.7,
            195.35,
            -14830.9
          ]
        ],
        "unit_class": "dynBase_ammunition_storage_square",
        "objLayer": 2,
        "props": {
          "army": 2,
          "active": false
        }
      },
      {
        "name": "bdt_t2_bomb_object_09",
        "tm": [
          [
            0.890617,
            0.0,
            0.454759
          ],
          [
            0.0,
            1.0,
            0.0
          ],
          [
            -0.454759,
            0.0,
            0.890617
          ],
          [
            -5719.72,
            117.011,
            -18509.4
          ]
        ],
        "unit_class": "dynBase_field_camp_square",
        "objLayer": 2,
        "props": {
          "army": 2,
          "active": false
        }
      },
      {
        "name": "bdt_t2_bomb_object_10",
        "tm": [
          [
            0.890617,
            0.0,
            0.454759
          ],
          [
            0.0,
            1.0,
            0.0
          ],
          [
            -0.454759,
            0.0,
            0.890617
          ],
          [
            -7207.58,
            225.367,
            -11260.4
          ]
        ],
        "unit_class": "dynBase_oil_storage_small_square",
        "objLayer": 2,
        "props": {
          "army": 2,
          "active": false
        }
      }
    ]
  },
  "areas": {
    "bdt_t2_bomb_zone_01": {
      "type": "Sphere",
      "tm": [
        [
          335.368,
          0.0,
          -300.048
        ],
        [
          0.0,
          450.0,
          0.0
        ],
        [
          300.048,
          0.0,
          335.368
        ],
        [
          -6843.97,
          169.936,
          -5755.32
        ]
      ],
      "objLayer": 0,
      "props": {}
    },
    "bdt_t2_bomb_zone_02": {
      "type": "Sphere",
      "tm": [
        [
          366.578,
          0.0,
          -261.002
        ],
        [
          0.0,
          450.0,
          0.0
        ],
        [
          261.002,
          0.0,
          366.578
        ],
        [
          -5658.17,
          143.516,
          -13918.9
        ]
      ],
      "objLayer": 0,
      "props": {}
    },
    "bdt_t2_bomb_zone_03": {
      "type": "Sphere",
      "tm": [
        [
          400.777,
          0.0,
          204.639
        ],
        [
          0.0,
          450.0,
          0.0
        ],
        [
          -204.639,
          0.0,
          400.777
        ],
        [
          -2814.47,
          77.743,
          -16856.0
        ]
      ],
      "objLayer": 0,
      "props": {}
    },
    "bdt_t1_bomb_zone_01": {
      "type": "Sphere",
      "tm": [
        [
          431.769,
          0.0,
          -126.785
        ],
        [
          0.0,
          450.0,
          0.0
        ],
        [
          126.785,
          0.0,
          431.769
        ],
        [
          12471.7,
          139.513,
          -2536.1
        ]
      ],
      "objLayer": 0,
      "props": {}
    },
    "bdt_t1_bomb_zone_02": {
      "type": "Sphere",
      "tm": [
        [
          437.316,
          0.0,
          106.087
        ],
        [
          0.0,
          450.0,
          0.0
        ],
        [
          -106.087,
          0.0,
          437.316
        ],
        [
          4789.35,
          101.942,
          597.5
        ]
      ],
      "objLayer": 0,
      "props": {}
    },
    "bdt_t1_bomb_zone_03": {
      "type": "Sphere",
      "tm": [
        [
          443.475,
          0.0,
          76.3484
        ],
        [
          0.0,
          450.0,
          0.0
        ],
        [
          -76.3484,
          0.0,
          443.475
        ],
        [
          9905.14,
          185.84,
          -10952.3
        ]
      ],
      "objLayer": 0,
      "props": {}
    },
    "bdt_t2_bomb_zone_04": {
      "type": "Sphere",
      "tm": [
        [
          446.816,
          0.0,
          -53.4248
        ],
        [
          0.0,
          450.0,
          0.0
        ],
        [
          53.4248,
          0.0,
          446.816
        ],
        [
          -9605.7,
          86.9131,
          -2821.7
        ]
      ],
      "objLayer": 0,
      "props": {}
    },
    "bdt_t1_bomb_zone_04": {
      "type": "Sphere",
      "tm": [
        [
          443.475,
          0.0,
          76.3484
        ],
        [
          0.0,
          450.0,
          0.0
        ],
        [
          -76.3484,
          0.0,
          443.475
        ],
        [
          5290.1,
          107.635,
          -17006.8
        ]
      ],
      "objLayer": 0,
      "props": {}
    },
    "bdt_t2_bomb_zone_01_aaa_point_01": {
      "type": "Point",
      "tm": [
        [
          0.990609,
          0.0,
          -0.136721
        ],
        [
          0.0,
          1.0,
          0.0
        ],
        [
          0.136721,
          0.0,
          0.990609
        ],
        [
          -6848.05,
          172.068,
          -5980.71
        ]
      ],
      "objLayer": 0,
      "props": {}
    },
    "bdt_t2_bomb_zone_01_aaa_point_02": {
      "type": "Point",
      "tm": [
        [
          0.990609,
          0.0,
          -0.136721
        ],
        [
          0.0,
          1.0,
          0.0
        ],
        [
          0.136721,
          0.0,
          0.990609
        ],
        [
          -6944.24,
          171.694,
          -5480.86
        ]
      ],
      "objLayer": 0,
      "props": {}
    },
    "bdt_t2_bomb_zone_01_aaa_point_03": {
      "type": "Point",
      "tm": [
        [
          0.990609,
          0.0,
          -0.136721
        ],
        [
          0.0,
          1.0,
          0.0
        ],
        [
          0.136721,
          0.0,
          0.990609
        ],
        [
          -6825.52,
          170.277,
          -5489.1
        ]
      ],
      "objLayer": 0,
      "props": {}
    },
    "bdt_t2_bomb_zone_01_aaa_point_04": {
      "type": "Point",
      "tm": [
        [
          0.990609,
          0.0,
          -0.136721
        ],
        [
          0.0,
          1.0,
          0.0
        ],
        [
          0.136721,
          0.0,
          0.990609
        ],
        [
          -6441.17,
          166.539,
          -5518.38
        ]
      ],
      "objLayer": 0,
      "props": {}
    },
    "bdt_t2_bomb_zone_02_aaa_point_01": {
      "type": "Point",
      "tm": [
        [
          0.99966,
          0.0,
          -0.0260099
        ],
        [
          0.0,
          1.0,
          0.0
        ],
        [
          0.0260099,
          0.0,
          0.99966
        ],
        [
          -5860.63,
          140.876,
          -14063.1
        ]
      ],
      "objLayer": 0,
      "props": {}
    },
    "bdt_t2_bomb_zone_02_aaa_point_02": {
      "type": "Point",
      "tm": [
        [
          0.99966,
          0.0,
          -0.0260099
        ],
        [
          0.0,
          1.0,
          0.0
        ],
        [
          0.0260099,
          0.0,
          0.99966
        ],
        [
          -5506.16,
          133.015,
          -13834.8
        ]
      ],
      "objLayer": 0,
      "props": {}
    },
    "bdt_t2_bomb_zone_02_aaa_point_03": {
      "type": "Point",
      "tm": [
        [
          0.99966,
          0.0,
          -0.0260099
        ],
        [
          0.0,
          1.0,
          0.0
        ],
        [
          0.0260099,
          0.0,
          0.99966
        ],
        [
          -5900.33,
          146.526,
          -13858.1
        ]
      ],
      "objLayer": 0,
      "props": {}
    },
    "bdt_t2_bomb_zone_02_aaa_point_04": {
      "type": "Point",
      "tm": [
        [
          0.99966,
          0.0,
          -0.0260099
        ],
        [
          0.0,
          1.0,
          0.0
        ],
        [
          0.0260099,
          0.0,
          0.99966
        ],
        [
          -5433.22,
          140.806,
          -13963.9
        ]
      ],
      "objLayer": 0,
      "props": {}
    },
    "bdt_t2_bomb_zone_03_aaa_point_01": {
      "type": "Point",
      "tm": [
        [
          0.99966,
          0.0,
          -0.0260099
        ],
        [
          0.0,
          1.0,
          0.0
        ],
        [
          0.0260099,
          0.0,
          0.99966
        ],
        [
          -2498.48,
          80.543,
          -16713.3
        ]
      ],
      "objLayer": 0,
      "props": {}
    },
    "bdt_t2_bomb_zone_03_aaa_point_02": {
      "type": "Point",
      "tm": [
        [
          0.99966,
          0.0,
          -0.0260099
        ],
        [
          0.0,
          1.0,
          0.0
        ],
        [
          0.0260099,
          0.0,
          0.99966
        ],
        [
          -2697.11,
          74.483,
          -16588.0
        ]
      ],
      "objLayer": 0,
      "props": {}
    },
    "bdt_t2_bomb_zone_03_aaa_point_03": {
      "type": "Point",
      "tm": [
        [
          0.99966,
          0.0,
          -0.0260099
        ],
        [
          0.0,
          1.0,
          0.0
        ],
        [
          0.0260099,
          0.0,
          0.99966
        ],
        [
          -3039.17,
          85.582,
          -16680.0
        ]
      ],
      "objLayer": 0,
      "props": {}
    },
    "bdt_t2_bomb_zone_03_aaa_point_04": {
      "type": "Point",
      "tm": [
        [
          0.99966,
          0.0,
          -0.0260099
        ],
        [
          0.0,
          1.0,
          0.0
        ],
        [
          0.0260099,
          0.0,
          0.99966
        ],
        [
          -3129.91,
          89.505,
          -16902.0
        ]
      ],
      "objLayer": 0,
      "props": {}
    },
    "bdt_t2_bomb_zone_04_aaa_point_01": {
      "type": "Point",
      "tm": [
        [
          0.990609,
          0.0,
          -0.136721
        ],
        [
          0.0,
          1.0,
          0.0
        ],
        [
          0.136721,
          0.0,
          0.990609
        ],
        [
          -9337.2,
          82.7661,
          -2626.0
        ]
      ],
      "objLayer": 0,
      "props": {}
    },
    "bdt_t2_bomb_zone_04_aaa_point_02": {
      "type": "Point",
      "tm": [
        [
          0.990609,
          0.0,
          -0.136721
        ],
        [
          0.0,
          1.0,
          0.0
        ],
        [
          0.136721,
          0.0,
          0.990609
        ],
        [
          -9793.2,
          82.5271,
          -2584.7
        ]
      ],
      "objLayer": 0,
      "props": {}
    },
    "bdt_t2_bomb_zone_04_aaa_point_03": {
      "type": "Point",
      "tm": [
        [
          0.990609,
          0.0,
          -0.136721
        ],
        [
          0.0,
          1.0,
          0.0
        ],
        [
          0.136721,
          0.0,
          0.990609
        ],
        [
          -9522.0,
          82.3701,
          -3074.8
        ]
      ],
      "objLayer": 0,
      "props": {}
    },
    "bdt_t2_bomb_zone_04_aaa_point_04": {
      "type": "Point",
      "tm": [
        [
          0.990609,
          0.0,
          -0.136721
        ],
        [
          0.0,
          1.0,
          0.0
        ],
        [
          0.136721,
          0.0,
          0.990609
        ],
        [
          -9759.0,
          42.6251,
          -3015.3
        ]
      ],
      "objLayer": 0,
      "props": {}
    },
    "bdt_t1_bomb_zone_01_aaa_point_01": {
      "type": "Point",
      "tm": [
        [
          0.953211,
          0.0,
          0.302305
        ],
        [
          0.0,
          1.0,
          0.0
        ],
        [
          -0.302305,
          0.0,
          0.953211
        ],
        [
          12711.5,
          142.895,
          -2450.6
        ]
      ],
      "objLayer": 0,
      "props": {}
    },
    "bdt_t1_bomb_zone_01_aaa_point_02": {
      "type": "Point",
      "tm": [
        [
          0.953211,
          0.0,
          0.302305
        ],
        [
          0.0,
          1.0,
          0.0
        ],
        [
          -0.302305,
          0.0,
          0.953211
        ],
        [
          12219.0,
          136.842,
          -2552.1
        ]
      ],
      "objLayer": 0,
      "props": {}
    },
    "bdt_t1_bomb_zone_01_aaa_point_03": {
      "type": "Point",
      "tm": [
        [
          0.953211,
          0.0,
          0.302305
        ],
        [
          0.0,
          1.0,
          0.0
        ],
        [
          -0.302305,
          0.0,
          0.953211
        ],
        [
          12513.9,
          152.374,
          -2765.5
        ]
      ],
      "objLayer": 0,
      "props": {}
    },
    "bdt_t1_bomb_zone_01_aaa_point_04": {
      "type": "Point",
      "tm": [
        [
          0.953211,
          0.0,
          0.302305
        ],
        [
          0.0,
          1.0,
          0.0
        ],
        [
          -0.302305,
          0.0,
          0.953211
        ],
        [
          12292.7,
          145.612,
          -2708.2
        ]
      ],
      "objLayer": 0,
      "props": {}
    },
    "bdt_t1_bomb_zone_02_aaa_point_01": {
      "type": "Point",
      "tm": [
        [
          0.953211,
          0.0,
          0.302305
        ],
        [
          0.0,
          1.0,
          0.0
        ],
        [
          -0.302305,
          0.0,
          0.953211
        ],
        [
          4811.97,
          99.6832,
          862.6
        ]
      ],
      "objLayer": 0,
      "props": {}
    },
    "bdt_t1_bomb_zone_02_aaa_point_02": {
      "type": "Point",
      "tm": [
        [
          0.953211,
          0.0,
          0.302305
        ],
        [
          0.0,
          1.0,
          0.0
        ],
        [
          -0.302305,
          0.0,
          0.953211
        ],
        [
          4589.51,
          169.244,
          694.5
        ]
      ],
      "objLayer": 0,
      "props": {}
    },
    "bdt_t1_bomb_zone_02_aaa_point_03": {
      "type": "Point",
      "tm": [
        [
          0.953211,
          0.0,
          0.302305
        ],
        [
          0.0,
          1.0,
          0.0
        ],
        [
          -0.302305,
          0.0,
          0.953211
        ],
        [
          4971.53,
          130.366,
          321.6
        ]
      ],
      "objLayer": 0,
      "props": {}
    },
    "bdt_t1_bomb_zone_02_aaa_point_04": {
      "type": "Point",
      "tm": [
        [
          0.953211,
          0.0,
          0.302305
        ],
        [
          0.0,
          1.0,
          0.0
        ],
        [
          -0.302305,
          0.0,
          0.953211
        ],
        [
          4535.44,
          178.016,
          482.399
        ]
      ],
      "objLayer": 0,
      "props": {}
    },
    "bdt_t1_bomb_zone_03_aaa_point_01": {
      "type": "Point",
      "tm": [
        [
          0.980859,
          0.0,
          0.19472
        ],
        [
          0.0,
          1.0,
          0.0
        ],
        [
          -0.19472,
          0.0,
          0.980859
        ],
        [
          9751.87,
          190.211,
          -11219.2
        ]
      ],
      "objLayer": 0,
      "props": {}
    },
    "bdt_t1_bomb_zone_03_aaa_point_02": {
      "type": "Point",
      "tm": [
        [
          0.980859,
          0.0,
          0.19472
        ],
        [
          0.0,
          1.0,
          0.0
        ],
        [
          -0.19472,
          0.0,
          0.980859
        ],
        [
          10012.7,
          182.893,
          -10735.3
        ]
      ],
      "objLayer": 0,
      "props": {}
    },
    "bdt_t1_bomb_zone_03_aaa_point_03": {
      "type": "Point",
      "tm": [
        [
          0.980859,
          0.0,
          0.19472
        ],
        [
          0.0,
          1.0,
          0.0
        ],
        [
          -0.19472,
          0.0,
          0.980859
        ],
        [
          9733.08,
          189.66,
          -10722.8
        ]
      ],
      "objLayer": 0,
      "props": {}
    },
    "bdt_t1_bomb_zone_03_aaa_point_04": {
      "type": "Point",
      "tm": [
        [
          0.980859,
          0.0,
          0.19472
        ],
        [
          0.0,
          1.0,
          0.0
        ],
        [
          -0.19472,
          0.0,
          0.980859
        ],
        [
          10126.5,
          187.454,
          -11090.4
        ]
      ],
      "objLayer": 0,
      "props": {}
    },
    "bdt_t1_bomb_zone_04_aaa_point_01": {
      "type": "Point",
      "tm": [
        [
          0.980859,
          0.0,
          0.19472
        ],
        [
          0.0,
          1.0,
          0.0
        ],
        [
          -0.19472,
          0.0,
          0.980859
        ],
        [
          5597.78,
          146.039,
          -17082.4
        ]
      ],
      "objLayer": 0,
      "props": {}
    },
    "bdt_t1_bomb_zone_04_aaa_point_02": {
      "type": "Point",
      "tm": [
        [
          0.980859,
          0.0,
          0.19472
        ],
        [
          0.0,
          1.0,
          0.0
        ],
        [
          -0.19472,
          0.0,
          0.980859
        ],
        [
          5439.5,
          107.752,
          -16802.9
        ]
      ],
      "objLayer": 0,
      "props": {}
    },
    "bdt_t1_bomb_zone_04_aaa_point_03": {
      "type": "Point",
      "tm": [
        [
          0.980859,
          0.0,
          0.19472
        ],
        [
          0.0,
          1.0,
          0.0
        ],
        [
          -0.19472,
          0.0,
          0.980859
        ],
        [
          5340.81,
          144.894,
          -17293.2
        ]
      ],
      "objLayer": 0,
      "props": {}
    },
    "bdt_t1_bomb_zone_04_aaa_point_04": {
      "type": "Point",
      "tm": [
        [
          0.980859,
          0.0,
          0.19472
        ],
        [
          0.0,
          1.0,
          0.0
        ],
        [
          -0.19472,
          0.0,
          0.980859
        ],
        [
          5083.8,
          107.093,
          -16770.2
        ]
      ],
      "objLayer": 0,
      "props": {}
    },
    "bdt_t1_bomb_zone_05": {
      "type": "Sphere",
      "tm": [
        [
          443.475,
          0.0,
          76.3484
        ],
        [
          0.0,
          450.0,
          0.0
        ],
        [
          -76.3484,
          0.0,
          443.475
        ],
        [
          8379.43,
          209.744,
          -15305.1
        ]
      ],
      "objLayer": 0,
      "props": {}
    },
    "bdt_t1_bomb_zone_06": {
      "type": "Sphere",
      "tm": [
        [
          443.475,
          0.0,
          76.3484
        ],
        [
          0.0,
          450.0,
          0.0
        ],
        [
          -76.3484,
          0.0,
          443.475
        ],
        [
          12338.3,
          243.478,
          -13586.7
        ]
      ],
      "objLayer": 0,
      "props": {}
    },
    "bdt_t1_bomb_zone_07": {
      "type": "Sphere",
      "tm": [
        [
          443.475,
          0.0,
          76.3484
        ],
        [
          0.0,
          450.0,
          0.0
        ],
        [
          -76.3484,
          0.0,
          443.475
        ],
        [
          10482.8,
          227.573,
          -17800.3
        ]
      ],
      "objLayer": 0,
      "props": {}
    },
    "bdt_t1_bomb_zone_08": {
      "type": "Sphere",
      "tm": [
        [
          431.769,
          0.0,
          -126.785
        ],
        [
          0.0,
          450.0,
          0.0
        ],
        [
          126.785,
          0.0,
          431.769
        ],
        [
          7458.29,
          131.873,
          -1905.58
        ]
      ],
      "objLayer": 0,
      "props": {}
    },
    "bdt_t1_bomb_zone_09": {
      "type": "Sphere",
      "tm": [
        [
          431.769,
          0.0,
          -126.785
        ],
        [
          0.0,
          450.0,
          0.0
        ],
        [
          126.785,
          0.0,
          431.769
        ],
        [
          10936.5,
          94.7618,
          -5923.01
        ]
      ],
      "objLayer": 0,
      "props": {}
    },
    "bdt_t1_bomb_zone_10": {
      "type": "Sphere",
      "tm": [
        [
          431.769,
          0.0,
          -126.785
        ],
        [
          0.0,
          450.0,
          0.0
        ],
        [
          126.785,
          0.0,
          431.769
        ],
        [
          8560.98,
          61.6058,
          1256.3
        ]
      ],
      "objLayer": 0,
      "props": {}
    },
    "bdt_t1_bomb_zone_05_aaa_point_01": {
      "type": "Point",
      "tm": [
        [
          0.980859,
          0.0,
          0.19472
        ],
        [
          0.0,
          1.0,
          0.0
        ],
        [
          -0.19472,
          0.0,
          0.980859
        ],
        [
          8107.13,
          210.002,
          -15335.9
        ]
      ],
      "objLayer": 0,
      "props": {}
    },
    "bdt_t1_bomb_zone_05_aaa_point_02": {
      "type": "Point",
      "tm": [
        [
          0.980859,
          0.0,
          0.19472
        ],
        [
          0.0,
          1.0,
          0.0
        ],
        [
          -0.19472,
          0.0,
          0.980859
        ],
        [
          8274.68,
          209.101,
          -15419.9
        ]
      ],
      "objLayer": 0,
      "props": {}
    },
    "bdt_t1_bomb_zone_05_aaa_point_03": {
      "type": "Point",
      "tm": [
        [
          0.980859,
          0.0,
          0.19472
        ],
        [
          0.0,
          1.0,
          0.0
        ],
        [
          -0.19472,
          0.0,
          0.980859
        ],
        [
          8666.36,
          210.311,
          -15283.6
        ]
      ],
      "objLayer": 0,
      "props": {}
    },
    "bdt_t1_bomb_zone_05_aaa_point_04": {
      "type": "Point",
      "tm": [
        [
          0.980859,
          0.0,
          0.19472
        ],
        [
          0.0,
          1.0,
          0.0
        ],
        [
          -0.19472,
          0.0,
          0.980859
        ],
        [
          8545.3,
          211.013,
          -15082.5
        ]
      ],
      "objLayer": 0,
      "props": {}
    },
    "bdt_t1_bomb_zone_06_aaa_point_01": {
      "type": "Point",
      "tm": [
        [
          0.980859,
          0.0,
          0.19472
        ],
        [
          0.0,
          1.0,
          0.0
        ],
        [
          -0.19472,
          0.0,
          0.980859
        ],
        [
          12217.3,
          238.77,
          -13901.6
        ]
      ],
      "objLayer": 0,
      "props": {}
    },
    "bdt_t1_bomb_zone_06_aaa_point_02": {
      "type": "Point",
      "tm": [
        [
          0.980859,
          0.0,
          0.19472
        ],
        [
          0.0,
          1.0,
          0.0
        ],
        [
          -0.19472,
          0.0,
          0.980859
        ],
        [
          12037.5,
          241.028,
          -13708.9
        ]
      ],
      "objLayer": 0,
      "props": {}
    },
    "bdt_t1_bomb_zone_06_aaa_point_03": {
      "type": "Point",
      "tm": [
        [
          0.980859,
          0.0,
          0.19472
        ],
        [
          0.0,
          1.0,
          0.0
        ],
        [
          -0.19472,
          0.0,
          0.980859
        ],
        [
          12288.1,
          245.003,
          -13281.6
        ]
      ],
      "objLayer": 0,
      "props": {}
    },
    "bdt_t1_bomb_zone_06_aaa_point_04": {
      "type": "Point",
      "tm": [
        [
          0.980859,
          0.0,
          0.19472
        ],
        [
          0.0,
          1.0,
          0.0
        ],
        [
          -0.19472,
          0.0,
          0.980859
        ],
        [
          12626.2,
          240.777,
          -13662.4
        ]
      ],
      "objLayer": 0,
      "props": {}
    },
    "bdt_t1_bomb_zone_07_aaa_point_01": {
      "type": "Point",
      "tm": [
        [
          0.980859,
          0.0,
          0.19472
        ],
        [
          0.0,
          1.0,
          0.0
        ],
        [
          -0.19472,
          0.0,
          0.980859
        ],
        [
          10578.5,
          228.875,
          -17514.8
        ]
      ],
      "objLayer": 0,
      "props": {}
    },
    "bdt_t1_bomb_zone_07_aaa_point_02": {
      "type": "Point",
      "tm": [
        [
          0.980859,
          0.0,
          0.19472
        ],
        [
          0.0,
          1.0,
          0.0
        ],
        [
          -0.19472,
          0.0,
          0.980859
        ],
        [
          10367.7,
          221.579,
          -18129.7
        ]
      ],
      "objLayer": 0,
      "props": {}
    },
    "bdt_t1_bomb_zone_07_aaa_point_03": {
      "type": "Point",
      "tm": [
        [
          0.980859,
          0.0,
          0.19472
        ],
        [
          0.0,
          1.0,
          0.0
        ],
        [
          -0.19472,
          0.0,
          0.980859
        ],
        [
          10805.1,
          216.716,
          -17895.6
        ]
      ],
      "objLayer": 0,
      "props": {}
    },
    "bdt_t1_bomb_zone_07_aaa_point_04": {
      "type": "Point",
      "tm": [
        [
          0.980859,
          0.0,
          0.19472
        ],
        [
          0.0,
          1.0,
          0.0
        ],
        [
          -0.19472,
          0.0,
          0.980859
        ],
        [
          10440.5,
          226.144,
          -17360.8
        ]
      ],
      "objLayer": 0,
      "props": {}
    },
    "bdt_t1_bomb_zone_08_aaa_point_01": {
      "type": "Point",
      "tm": [
        [
          0.953211,
          0.0,
          0.302305
        ],
        [
          0.0,
          1.0,
          0.0
        ],
        [
          -0.302305,
          0.0,
          0.953211
        ],
        [
          7293.46,
          75.717,
          -1642.08
        ]
      ],
      "objLayer": 0,
      "props": {}
    },
    "bdt_t1_bomb_zone_08_aaa_point_02": {
      "type": "Point",
      "tm": [
        [
          0.953211,
          0.0,
          0.302305
        ],
        [
          0.0,
          1.0,
          0.0
        ],
        [
          -0.302305,
          0.0,
          0.953211
        ],
        [
          7221.57,
          133.076,
          -2099.38
        ]
      ],
      "objLayer": 0,
      "props": {}
    },
    "bdt_t1_bomb_zone_08_aaa_point_03": {
      "type": "Point",
      "tm": [
        [
          0.953211,
          0.0,
          0.302305
        ],
        [
          0.0,
          1.0,
          0.0
        ],
        [
          -0.302305,
          0.0,
          0.953211
        ],
        [
          7623.16,
          130.648,
          -2223.08
        ]
      ],
      "objLayer": 0,
      "props": {}
    },
    "bdt_t1_bomb_zone_08_aaa_point_04": {
      "type": "Point",
      "tm": [
        [
          0.953211,
          0.0,
          0.302305
        ],
        [
          0.0,
          1.0,
          0.0
        ],
        [
          -0.302305,
          0.0,
          0.953211
        ],
        [
          7715.88,
          133.764,
          -1817.68
        ]
      ],
      "objLayer": 0,
      "props": {}
    },
    "bdt_t1_bomb_zone_09_aaa_point_01": {
      "type": "Point",
      "tm": [
        [
          0.953211,
          0.0,
          0.302305
        ],
        [
          0.0,
          1.0,
          0.0
        ],
        [
          -0.302305,
          0.0,
          0.953211
        ],
        [
          10491.7,
          94.4529,
          -5976.38
        ]
      ],
      "objLayer": 0,
      "props": {}
    },
    "bdt_t1_bomb_zone_09_aaa_point_02": {
      "type": "Point",
      "tm": [
        [
          0.953211,
          0.0,
          0.302305
        ],
        [
          0.0,
          1.0,
          0.0
        ],
        [
          -0.302305,
          0.0,
          0.953211
        ],
        [
          10843.9,
          85.9409,
          -6322.73
        ]
      ],
      "objLayer": 0,
      "props": {}
    },
    "bdt_t1_bomb_zone_09_aaa_point_03": {
      "type": "Point",
      "tm": [
        [
          0.953211,
          0.0,
          0.302305
        ],
        [
          0.0,
          1.0,
          0.0
        ],
        [
          -0.302305,
          0.0,
          0.953211
        ],
        [
          10724.9,
          100.148,
          -5472.58
        ]
      ],
      "objLayer": 0,
      "props": {}
    },
    "bdt_t1_bomb_zone_09_aaa_point_04": {
      "type": "Point",
      "tm": [
        [
          0.953211,
          0.0,
          0.302305
        ],
        [
          0.0,
          1.0,
          0.0
        ],
        [
          -0.302305,
          0.0,
          0.953211
        ],
        [
          11267.1,
          86.5349,
          -6155.26
        ]
      ],
      "objLayer": 0,
      "props": {}
    },
