{
  "selected_tag": "",
  "bin_dump_file": "",
  "mission_settings": {
    "player": {
      "army": 1
    },
    "player_teamB": {
      "army": 2
    },
    "mission": {
      "level": "levels/air_smolensk.bin",
      "type": "domination",
      "environment": "Day",
      "weather": "hazy",
      "restoreType": "attempts",
      "optionalTakeOff": false
    }
  },
  "imports": {},
  "triggers": {
    "isCategory": true,
    "is_enabled": true
  },
  "mission_objectives": {
    "isCategory": true,
    "is_enabled": true
  },
  "variables": {},
  "dialogs": {},
  "airfields": {},
  "effects": {},
  "units": {
    "objectGroups": [
      {
        "name": "bdt_t2_bomb_object_01",
        "tm": [
          [
            0.745259,
            0.0,
            -0.666772
          ],
          [
            0.0,
            1.0,
            0.0
          ],
          [
            0.666772,
            0.0,
            0.745259
          ],
          [
            -6956.71,
            179.46,
            -1504.42
          ]
        ],
        "unit_class": "dynBase_hq_camp_square",
        "objLayer": 2,
        "props": {
          "army": 2,
          "active": false
        }
      },
      {
        "name": "bdt_t2_bomb_object_02",
        "tm": [
          [
            0.208752,
            0.0,
            -0.977971
          ],
          [
            0.0,
            1.0,
            0.0
          ],
          [
            0.977971,
            0.0,
            0.208752
          ],
          [
            -7288.85,
            62.0806,
            -14609.0
          ]
        ],
        "unit_class": "dynBase_fuel_storage_square",
        "objLayer": 2,
        "props": {
          "army": 2,
          "active": false
        }
      },
      {
        "name": "bdt_t2_bomb_object_03",
        "tm": [
          [
            0.890617,
            0.0,
            0.454759
          ],
          [
            0.0,
            1.0,
            0.0
          ],
          [
            -0.454759,
            0.0,
            0.890617
          ],
          [
            -3130.81,
            85.5984,
            -18964.2
          ]
        ],
        "unit_class": "dynBase_oil_storage_small_square",
        "objLayer": 2,
        "props": {
          "army": 2,
          "active": false
        }
      },
      {
        "name": "bdt_t1_bomb_object_01",
        "tm": [
          [
            0.95949,
            0.0,
            -0.281743
          ],
          [
            0.0,
            1.0,
            0.0
          ],
          [
            0.281743,
            0.0,
            0.95949
          ],
          [
            13078.4,
            75.4077,
            -317.101
          ]
        ],
        "unit_class": "dynBase_fuel_storage_square",
        "objLayer": 2,
        "props": {
          "army": 1,
          "active": false
        }
      },
      {
        "name": "bdt_t1_bomb_object_02",
        "tm": [
          [
            0.897751,
            0.0,
            0.4405
          ],
          [
            0.0,
            1.0,
            0.0
          ],
          [
            -0.4405,
            0.0,
            0.897751
          ],
          [
            6635.86,
            91.5887,
            3566.39
          ]
        ],
        "unit_class": "dynBase_small_factory_square",
        "objLayer": 2,
        "props": {
          "army": 1,
          "active": false
        }
      },
      {
        "name": "bdt_t1_bomb_object_03",
        "tm": [
          [
            0.846801,
            0.0,
            0.531908
          ],
          [
            0.0,
            1.0,
            0.0
          ],
          [
            -0.531908,
            0.0,
            0.846801
          ],
          [
            12674.9,
            143.225,
            -10043.2
          ]
        ],
        "unit_class": "dynBase_oil_storage_small_square",
        "objLayer": 2,
        "props": {
          "army": 1,
          "active": false
        }
      },
      {
        "name": "bdt_t2_bomb_object_04",
        "tm": [
          [
            0.992928,
            0.0,
            -0.118721
          ],
          [
            0.0,
            1.0,
            0.0
          ],
          [
            0.118721,
            0.0,
            0.992928
          ],
          [
            -10808.3,
            115.799,
            -1077.8
          ]
        ],
        "unit_class": "dynBase_small_factory_square",
        "objLayer": 2,
        "props": {
          "army": 2,
          "active": false
        }
      },
      {
        "name": "bdt_t1_bomb_object_04",
        "tm": [
          [
            0.979411,
            0.0,
            0.201881
          ],
          [
            0.0,
            1.0,
            0.0
          ],
          [
            -0.201881,
            0.0,
            0.979411
          ],
          [
            7419.0,
            148.788,
            -18693.5
          ]
        ],
        "unit_class": "dynBase_field_camp_square",
        "objLayer": 2,
        "props": {
          "army": 1,
          "active": false
        }
      },
      {
        "name": "bdt_t1_bomb_object_05",
        "tm": [
          [
            0.979411,
            0.0,
            0.201881
          ],
          [
            0.0,
            1.0,
            0.0
          ],
          [
            -0.201881,
            0.0,
            0.979411
          ],
          [
            11772.9,
            167.168,
            -18600.0
          ]
        ],
        "unit_class": "dynBase_military_base_square",
        "objLayer": 2,
        "props": {
          "army": 1,
          "active": false
        }
      },
      {
        "name": "bdt_t1_bomb_object_06",
        "tm": [
          [
            0.979411,
            0.0,
            0.201881
          ],
          [
            0.0,
            1.0,
            0.0
          ],
          [
            -0.201881,
            0.0,
            0.979411
          ],
          [
            14552.9,
            201.815,
            -14396.7
          ]
        ],
        "unit_class": "dynBase_oil_storage_large_square",
        "objLayer": 2,
        "props": {
          "army": 1,
          "active": false
        }
      },
      {
        "name": "bdt_t1_bomb_object_07",
        "tm": [
          [
            0.979411,
            0.0,
            0.201881
          ],
          [
            0.0,
            1.0,
            0.0
          ],
          [
            -0.201881,
            0.0,
            0.979411
          ],
          [
            11131.0,
            187.708,
            -14433.6
          ]
        ],
        "unit_class": "dynBase_oil_storage_large_square",
        "objLayer": 2,
        "props": {
          "army": 1,
          "active": false
        }
      },
      {
        "name": "bdt_t1_bomb_object_08",
        "tm": [
          [
            0.95949,
            0.0,
            -0.281743
          ],
          [
            0.0,
            1.0,
            0.0
          ],
          [
            0.281743,
            0.0,
            0.95949
          ],
          [
            10214.5,
            103.059,
            2608.4
          ]
        ],
        "unit_class": "dynBase_small_factory_square",
        "objLayer": 2,
        "props": {
          "army": 1,
          "active": false
        }
      },
      {
        "name": "bdt_t1_bomb_object_09",
        "tm": [
          [
            0.95949,
            0.0,
            -0.281743
          ],
          [
            0.0,
            1.0,
            0.0
          ],
          [
            0.281743,
            0.0,
            0.95949
          ],
          [
            12582.6,
            57.4573,
            -4651.12
          ]
        ],
        "unit_class": "dynBase_petrol_camp_square",
        "objLayer": 2,
        "props": {
          "army": 1,
          "active": false
        }
      },
      {
        "name": "bdt_t1_bomb_object_10",
        "tm": [
          [
            0.95949,
            0.0,
            -0.281743
          ],
          [
            0.0,
            1.0,
            0.0
          ],
          [
            0.281743,
            0.0,
            0.95949
          ],
          [
            10524.1,
            123.549,
            -1321.82
          ]
        ],
        "unit_class": "dynBase_petrol_camp_square",
        "objLayer": 2,
        "props": {
          "army": 1,
          "active": false
        }
      },
      {
        "name": "bdt_t2_bomb_object_05",
        "tm": [
          [
            0.992928,
            0.0,
            -0.118721
          ],
          [
            0.0,
            1.0,
            0.0
          ],
          [
            0.118721,
            0.0,
            0.992928
          ],
          [
            -7155.7,
            39.0054,
            3069.0
          ]
        ],
        "unit_class": "dynBase_petrol_camp_square",
        "objLayer": 2,
        "props": {
          "army": 2,
          "active": false
        }
      },
      {
        "name": "bdt_t2_bomb_object_06",
        "tm": [
          [
            0.932518,
            0.0,
            0.361125
          ],
          [
            0.0,
            1.0,
            0.0
          ],
          [
            -0.361125,
            0.0,
            0.932518
          ],
          [
            -2851.25,
            134.697,
            2472.56
          ]
        ],
        "unit_class": "dynBase_military_base_square",
        "objLayer": 2,
        "props": {
          "army": 2,
          "active": false
        }
      },
      {
        "name": "bdt_t2_bomb_object_07",
        "tm": [
          [
            0.992928,
            0.0,
            -0.118721
          ],
          [
            0.0,
            1.0,
            0.0
          ],
          [
            0.118721,
            0.0,
            0.992928
          ],
          [
            -9383.0,
            81.8586,
            -5899.82
          ]
        ],
        "unit_class": "dynBase_fuel_storage_square",
        "objLayer": 2,
        "props": {
          "army": 2,
          "active": false
        }
      },
      {
        "name": "bdt_t2_bomb_object_08",
        "tm": [
          [
            0.890617,
            0.0,
            0.454759
          ],
          [
            0.0,
            1.0,
            0.0
          ],
          [
            -0.454759,
            0.0,
            0.890617
          ],
          [
            -10804.1,
            160.486,
            -15460.2
          ]
        ],
        "unit_class": "dynBase_ammunition_storage_square",
        "objLayer": 2,
        "props": {
          "army": 2,
          "active": false
        }
      },
      {
        "name": "bdt_t2_bomb_object_09",
        "tm": [
          [
            0.890617,
            0.0,
            0.454759
          ],
          [
            0.0,
            1.0,
            0.0
          ],
          [
            -0.454759,
            0.0,
            0.890617
          ],
          [
            -6147.71,
            137.733,
            -20170.4
          ]
        ],
        "unit_class": "dynBase_field_camp_square",
        "objLayer": 2,
        "props": {
          "army": 2,
          "active": false
        }
      },
      {
        "name": "bdt_t2_bomb_object_10",
        "tm": [
          [
            0.890617,
            0.0,
            0.454759
          ],
          [
            0.0,
            1.0,
            0.0
          ],
          [
            -0.454759,
            0.0,
            0.890617
          ],
          [
            -8994.6,
            160.868,
            -11503.3
          ]
        ],
        "unit_class": "dynBase_oil_storage_small_square",
        "objLayer": 2,
        "props": {
          "army": 2,
          "active": false
        }
      }
    ]
  },
  "areas": {
    "bdt_t2_bomb_zone_01": {
      "type": "Sphere",
      "tm": [
        [
          335.369,
          0.0,
          -300.049
        ],
        [
          0.0,
          450.0,
          0.0
        ],
        [
          300.049,
          0.0,
          335.369
        ],
        [
          -6962.94,
          193.078,
          -1507.82
        ]
      ],
      "objLayer": 0,
      "props": {}
    },
    "bdt_t2_bomb_zone_02": {
      "type": "Sphere",
      "tm": [
        [
          366.578,
          0.0,
          -261.002
        ],
        [
          0.0,
          450.0,
          0.0
        ],
        [
          261.002,
          0.0,
          366.578
        ],
        [
          -7269.85,
          62.4006,
          -14598.6
        ]
      ],
      "objLayer": 0,
      "props": {}
    },
    "bdt_t2_bomb_zone_03": {
      "type": "Sphere",
      "tm": [
        [
          400.777,
          0.0,
          204.639
        ],
        [
          0.0,
          450.0,
          0.0
        ],
        [
          -204.639,
          0.0,
          400.777
        ],
        [
          -3139.27,
          85.5484,
          -18959.3
        ]
      ],
      "objLayer": 0,
      "props": {}
    },
    "bdt_t1_bomb_zone_01": {
      "type": "Sphere",
      "tm": [
        [
          431.769,
          0.0,
          -126.786
        ],
        [
          0.0,
          450.0,
          0.0
        ],
        [
          126.786,
          0.0,
          431.769
        ],
        [
          13091.2,
          75.4497,
          -317.601
        ]
      ],
      "objLayer": 0,
      "props": {}
    },
    "bdt_t1_bomb_zone_02": {
      "type": "Sphere",
      "tm": [
        [
          437.316,
          0.0,
          106.087
        ],
        [
          0.0,
          450.0,
          0.0
        ],
        [
          -106.087,
          0.0,
          437.316
        ],
        [
          6639.46,
          121.041,
          3569.39
        ]
      ],
      "objLayer": 0,
      "props": {}
    },
    "bdt_t1_bomb_zone_03": {
      "type": "Sphere",
      "tm": [
        [
          443.475,
          0.0,
          76.3484
        ],
        [
          0.0,
          450.0,
          0.0
        ],
        [
          -76.3484,
          0.0,
          443.475
        ],
        [
          12680.4,
          143.094,
          -10041.7
        ]
      ],
      "objLayer": 0,
      "props": {}
    },
    "bdt_t2_bomb_zone_04": {
      "type": "Sphere",
      "tm": [
        [
          446.816,
          0.0,
          -53.4256
        ],
        [
          0.0,
          450.0,
          0.0
        ],
        [
          53.4256,
          0.0,
          446.816
        ],
        [
          -10800.9,
          131.432,
          -1080.4
        ]
      ],
      "objLayer": 0,
      "props": {}
    },
    "bdt_t1_bomb_zone_04": {
      "type": "Sphere",
      "tm": [
        [
          443.475,
          0.0,
          76.3484
        ],
        [
          0.0,
          450.0,
          0.0
        ],
        [
          -76.3484,
          0.0,
          443.475
        ],
        [
          7418.31,
          148.755,
          -18687.8
        ]
      ],
      "objLayer": 0,
      "props": {}
    },
    "bdt_t2_bomb_zone_01_aaa_point_01": {
      "type": "Point",
      "tm": [
        [
          0.990608,
          0.0,
          -0.136721
        ],
        [
          0.0,
          1.0,
          0.0
        ],
        [
          0.136721,
          0.0,
          0.990608
        ],
        [
          -6967.02,
          195.211,
          -1733.22
        ]
      ],
      "objLayer": 0,
      "props": {}
    },
    "bdt_t2_bomb_zone_01_aaa_point_02": {
      "type": "Point",
      "tm": [
        [
          0.990608,
          0.0,
          -0.136721
        ],
        [
          0.0,
          1.0,
          0.0
        ],
        [
          0.136721,
          0.0,
          0.990608
        ],
        [
          -7063.22,
          194.837,
          -1233.32
        ]
      ],
      "objLayer": 0,
      "props": {}
    },
    "bdt_t2_bomb_zone_01_aaa_point_03": {
      "type": "Point",
      "tm": [
        [
          0.990608,
          0.0,
          -0.136721
        ],
        [
          0.0,
          1.0,
          0.0
        ],
        [
          0.136721,
          0.0,
          0.990608
        ],
        [
          -6944.49,
          193.419,
          -1241.52
        ]
      ],
      "objLayer": 0,
      "props": {}
    },
    "bdt_t2_bomb_zone_01_aaa_point_04": {
      "type": "Point",
      "tm": [
        [
          0.990608,
          0.0,
          -0.136721
        ],
        [
          0.0,
          1.0,
          0.0
        ],
        [
          0.136721,
          0.0,
          0.990608
        ],
        [
          -6560.14,
          189.681,
          -1270.82
        ]
      ],
      "objLayer": 0,
      "props": {}
    },
    "bdt_t2_bomb_zone_02_aaa_point_01": {
      "type": "Point",
      "tm": [
        [
          0.99966,
          0.0,
          -0.02601
        ],
        [
          0.0,
          1.0,
          0.0
        ],
        [
          0.02601,
          0.0,
          0.99966
        ],
        [
          -7472.26,
          59.7606,
          -14742.8
        ]
      ],
      "objLayer": 0,
      "props": {}
    },
    "bdt_t2_bomb_zone_02_aaa_point_02": {
      "type": "Point",
      "tm": [
        [
          0.99966,
          0.0,
          -0.02601
        ],
        [
          0.0,
          1.0,
          0.0
        ],
        [
          0.02601,
          0.0,
          0.99966
        ],
        [
          -7196.35,
          61.6006,
          -14279.7
        ]
      ],
      "objLayer": 0,
      "props": {}
    },
    "bdt_t2_bomb_zone_02_aaa_point_03": {
      "type": "Point",
      "tm": [
        [
          0.99966,
          0.0,
          -0.02601
        ],
        [
          0.0,
          1.0,
          0.0
        ],
        [
          0.02601,
          0.0,
          0.99966
        ],
        [
          -7524.05,
          65.4106,
          -14482.4
        ]
      ],
      "objLayer": 0,
      "props": {}
    },
    "bdt_t2_bomb_zone_02_aaa_point_04": {
      "type": "Point",
      "tm": [
        [
          0.99966,
          0.0,
          -0.02601
        ],
        [
          0.0,
          1.0,
          0.0
        ],
        [
          0.02601,
          0.0,
          0.99966
        ],
        [
          -7044.85,
          59.6906,
          -14643.6
        ]
      ],
      "objLayer": 0,
      "props": {}
    },
    "bdt_t2_bomb_zone_03_aaa_point_01": {
      "type": "Point",
      "tm": [
        [
          0.99966,
          0.0,
          -0.02601
        ],
        [
          0.0,
          1.0,
          0.0
        ],
        [
          0.02601,
          0.0,
          0.99966
        ],
        [
          -3098.03,
          88.3484,
          -19254.4
        ]
      ],
      "objLayer": 0,
      "props": {}
    },
    "bdt_t2_bomb_zone_03_aaa_point_02": {
      "type": "Point",
      "tm": [
        [
          0.99966,
          0.0,
          -0.02601
        ],
        [
          0.0,
          1.0,
          0.0
        ],
        [
          0.02601,
          0.0,
          0.99966
        ],
        [
          -3021.91,
          82.2884,
          -18691.2
        ]
      ],
      "objLayer": 0,
      "props": {}
    },
    "bdt_t2_bomb_zone_03_aaa_point_03": {
      "type": "Point",
      "tm": [
        [
          0.99966,
          0.0,
          -0.02601
        ],
        [
          0.0,
          1.0,
          0.0
        ],
        [
          0.02601,
          0.0,
          0.99966
        ],
        [
          -3329.14,
          82.6784,
          -18701.2
        ]
      ],
      "objLayer": 0,
      "props": {}
    },
    "bdt_t2_bomb_zone_03_aaa_point_04": {
      "type": "Point",
      "tm": [
        [
          0.99966,
          0.0,
          -0.02601
        ],
        [
          0.0,
          1.0,
          0.0
        ],
        [
          0.02601,
          0.0,
          0.99966
        ],
        [
          -3320.54,
          88.2084,
          -19198.3
        ]
      ],
      "objLayer": 0,
      "props": {}
    },
    "bdt_t2_bomb_zone_04_aaa_point_01": {
      "type": "Point",
      "tm": [
        [
          0.990608,
          0.0,
          -0.136721
        ],
        [
          0.0,
          1.0,
          0.0
        ],
        [
          0.136721,
          0.0,
          0.990608
        ],
        [
          -10532.4,
          127.285,
          -884.7
        ]
      ],
      "objLayer": 0,
      "props": {}
    },
    "bdt_t2_bomb_zone_04_aaa_point_02": {
      "type": "Point",
      "tm": [
        [
          0.990608,
          0.0,
          -0.136721
        ],
        [
          0.0,
          1.0,
          0.0
        ],
        [
          0.136721,
          0.0,
          0.990608
        ],
        [
          -10988.4,
          127.046,
          -843.5
        ]
      ],
      "objLayer": 0,
      "props": {}
    },
    "bdt_t2_bomb_zone_04_aaa_point_03": {
      "type": "Point",
      "tm": [
        [
          0.990608,
          0.0,
          -0.136721
        ],
        [
          0.0,
          1.0,
          0.0
        ],
        [
          0.136721,
          0.0,
          0.990608
        ],
        [
          -10717.1,
          126.889,
          -1333.6
        ]
      ],
      "objLayer": 0,
      "props": {}
    },
    "bdt_t2_bomb_zone_04_aaa_point_04": {
      "type": "Point",
      "tm": [
        [
          0.990608,
          0.0,
          -0.136721
        ],
        [
          0.0,
          1.0,
          0.0
        ],
        [
          0.136721,
          0.0,
          0.990608
        ],
        [
          -10954.1,
          87.1438,
          -1274.1
        ]
      ],
      "objLayer": 0,
      "props": {}
    },
    "bdt_t1_bomb_zone_01_aaa_point_01": {
      "type": "Point",
      "tm": [
        [
          0.95321,
          0.0,
          0.302304
        ],
        [
          0.0,
          1.0,
          0.0
        ],
        [
          -0.302304,
          0.0,
          0.95321
        ],
        [
          13331.0,
          78.8317,
          -232.101
        ]
      ],
      "objLayer": 0,
      "props": {}
    },
    "bdt_t1_bomb_zone_01_aaa_point_02": {
      "type": "Point",
      "tm": [
        [
          0.95321,
          0.0,
          0.302304
        ],
        [
          0.0,
          1.0,
          0.0
        ],
        [
          -0.302304,
          0.0,
          0.95321
        ],
        [
          12838.5,
          72.7787,
          -333.7
        ]
      ],
      "objLayer": 0,
      "props": {}
    },
    "bdt_t1_bomb_zone_01_aaa_point_03": {
      "type": "Point",
      "tm": [
        [
          0.95321,
          0.0,
          0.302304
        ],
        [
          0.0,
          1.0,
          0.0
        ],
        [
          -0.302304,
          0.0,
          0.95321
        ],
        [
          13133.4,
          88.3107,
          -547.0
        ]
      ],
      "objLayer": 0,
      "props": {}
    },
    "bdt_t1_bomb_zone_01_aaa_point_04": {
      "type": "Point",
      "tm": [
        [
          0.95321,
          0.0,
          0.302304
        ],
        [
          0.0,
          1.0,
          0.0
        ],
        [
          -0.302304,
          0.0,
          0.95321
        ],
        [
          12912.2,
          81.5487,
          -489.7
        ]
      ],
      "objLayer": 0,
      "props": {}
    },
    "bdt_t1_bomb_zone_02_aaa_point_01": {
      "type": "Point",
      "tm": [
        [
          0.95321,
          0.0,
          0.302304
        ],
        [
          0.0,
          1.0,
          0.0
        ],
        [
          -0.302304,
          0.0,
          0.95321
        ],
        [
          6775.56,
          144.421,
          3803.09
        ]
      ],
      "objLayer": 0,
      "props": {}
    },
    "bdt_t1_bomb_zone_02_aaa_point_02": {
      "type": "Point",
      "tm": [
        [
          0.95321,
          0.0,
          0.302304
        ],
        [
          0.0,
          1.0,
          0.0
        ],
        [
          -0.302304,
          0.0,
          0.95321
        ],
        [
          6524.81,
          213.982,
          3931.59
        ]
      ],
      "objLayer": 0,
      "props": {}
    },
    "bdt_t1_bomb_zone_02_aaa_point_03": {
      "type": "Point",
      "tm": [
        [
          0.95321,
          0.0,
          0.302304
        ],
        [
          0.0,
          1.0,
          0.0
        ],
        [
          -0.302304,
          0.0,
          0.95321
        ],
        [
          6762.52,
          149.465,
          3660.89
        ]
      ],
      "objLayer": 0,
      "props": {}
    },
    "bdt_t1_bomb_zone_02_aaa_point_04": {
      "type": "Point",
      "tm": [
        [
          0.95321,
          0.0,
          0.302304
        ],
        [
          0.0,
          1.0,
          0.0
        ],
        [
          -0.302304,
          0.0,
          0.95321
        ],
        [
          6624.76,
          197.114,
          3618.49
        ]
      ],
      "objLayer": 0,
      "props": {}
    },
    "bdt_t1_bomb_zone_03_aaa_point_01": {
      "type": "Point",
      "tm": [
        [
          0.980858,
          0.0,
          0.194719
        ],
        [
          0.0,
          1.0,
          0.0
        ],
        [
          -0.194719,
          0.0,
          0.980858
        ],
        [
          12476.7,
          147.466,
          -10115.3
        ]
      ],
      "objLayer": 0,
      "props": {}
    },
    "bdt_t1_bomb_zone_03_aaa_point_02": {
      "type": "Point",
      "tm": [
        [
          0.980858,
          0.0,
          0.194719
        ],
        [
          0.0,
          1.0,
          0.0
        ],
        [
          -0.194719,
          0.0,
          0.980858
        ],
        [
          12787.9,
          140.147,
          -9824.73
        ]
      ],
      "objLayer": 0,
      "props": {}
    },
    "bdt_t1_bomb_zone_03_aaa_point_03": {
      "type": "Point",
      "tm": [
        [
          0.980858,
          0.0,
          0.194719
        ],
        [
          0.0,
          1.0,
          0.0
        ],
        [
          -0.194719,
          0.0,
          0.980858
        ],
        [
          12508.3,
          146.914,
          -9812.2
        ]
      ],
      "objLayer": 0,
      "props": {}
    },
    "bdt_t1_bomb_zone_03_aaa_point_04": {
      "type": "Point",
      "tm": [
        [
          0.980858,
          0.0,
          0.194719
        ],
        [
          0.0,
          1.0,
          0.0
        ],
        [
          -0.194719,
          0.0,
          0.980858
        ],
        [
          12748.7,
          144.708,
          -10225.8
        ]
      ],
      "objLayer": 0,
      "props": {}
    },
    "bdt_t1_bomb_zone_04_aaa_point_01": {
      "type": "Point",
      "tm": [
        [
          0.980858,
          0.0,
          0.194719
        ],
        [
          0.0,
          1.0,
          0.0
        ],
        [
          -0.194719,
          0.0,
          0.980858
        ],
        [
          7726.0,
          150.945,
          -18763.4
        ]
      ],
      "objLayer": 0,
      "props": {}
    },
    "bdt_t1_bomb_zone_04_aaa_point_02": {
      "type": "Point",
      "tm": [
        [
          0.980858,
          0.0,
          0.194719
        ],
        [
          0.0,
          1.0,
          0.0
        ],
        [
          -0.194719,
          0.0,
          0.980858
        ],
        [
          7567.74,
          148.873,
          -18484.0
        ]
      ],
      "objLayer": 0,
      "props": {}
    },
    "bdt_t1_bomb_zone_04_aaa_point_03": {
      "type": "Point",
      "tm": [
        [
          0.980858,
          0.0,
          0.194719
        ],
        [
          0.0,
          1.0,
          0.0
        ],
        [
          -0.194719,
          0.0,
          0.980858
        ],
        [
          7469.04,
          149.8,
          -18974.3
        ]
      ],
      "objLayer": 0,
      "props": {}
    },
    "bdt_t1_bomb_zone_04_aaa_point_04": {
      "type": "Point",
      "tm": [
        [
          0.980858,
          0.0,
          0.194719
        ],
        [
          0.0,
          1.0,
          0.0
        ],
        [
          -0.194719,
          0.0,
          0.980858
        ],
        [
          7212.02,
          148.214,
          -18451.3
        ]
      ],
      "objLayer": 0,
      "props": {}
    },
    "bdt_t1_bomb_zone_05": {
      "type": "Sphere",
      "tm": [
        [
          443.475,
          0.0,
          76.3484
        ],
        [
          0.0,
          450.0,
          0.0
        ],
        [
          -76.3484,
          0.0,
          443.475
        ],
        [
          11772.0,
          167.19,
          -18594.2
        ]
      ],
      "objLayer": 0,
      "props": {}
    },
    "bdt_t1_bomb_zone_06": {
      "type": "Sphere",
      "tm": [
        [
          443.475,
          0.0,
          76.3484
        ],
        [
          0.0,
          450.0,
          0.0
        ],
        [
          -76.3484,
          0.0,
          443.475
        ],
        [
          14552.2,
          201.873,
          -14390.9
        ]
      ],
      "objLayer": 0,
      "props": {}
    },
    "bdt_t1_bomb_zone_07": {
      "type": "Sphere",
      "tm": [
        [
          443.475,
          0.0,
          76.3484
        ],
        [
          0.0,
          450.0,
          0.0
        ],
        [
          -76.3484,
          0.0,
          443.475
        ],
        [
          11130.3,
          187.823,
          -14427.7
        ]
      ],
      "objLayer": 0,
      "props": {}
    },
    "bdt_t1_bomb_zone_08": {
      "type": "Sphere",
      "tm": [
        [
          431.769,
          0.0,
          -126.786
        ],
        [
          0.0,
          450.0,
          0.0
        ],
        [
          126.786,
          0.0,
          431.769
        ],
        [
          10227.2,
          134.415,
          2607.9
        ]
      ],
      "objLayer": 0,
      "props": {}
    },
    "bdt_t1_bomb_zone_09": {
      "type": "Sphere",
      "tm": [
        [
          431.769,
          0.0,
          -126.786
        ],
        [
          0.0,
          450.0,
          0.0
        ],
        [
          126.786,
          0.0,
          431.769
        ],
        [
          12595.0,
          57.7483,
          -4651.65
        ]
      ],
      "objLayer": 0,
      "props": {}
    },
    "bdt_t1_bomb_zone_10": {
      "type": "Sphere",
      "tm": [
        [
          431.769,
          0.0,
          -126.786
        ],
        [
          0.0,
          450.0,
          0.0
        ],
        [
          126.786,
          0.0,
          431.769
        ],
        [
          10536.8,
          156.654,
          -1322.42
        ]
      ],
      "objLayer": 0,
      "props": {}
    },
    "bdt_t1_bomb_zone_05_aaa_point_01": {
      "type": "Point",
      "tm": [
        [
          0.980858,
          0.0,
          0.194719
        ],
        [
          0.0,
          1.0,
          0.0
        ],
        [
          -0.194719,
          0.0,
          0.980858
        ],
        [
          11499.7,
          167.448,
          -18625.0
        ]
      ],
      "objLayer": 0,
      "props": {}
    },
    "bdt_t1_bomb_zone_05_aaa_point_02": {
      "type": "Point",
      "tm": [
        [
          0.980858,
          0.0,
          0.194719
        ],
        [
          0.0,
          1.0,
          0.0
        ],
        [
          -0.194719,
          0.0,
          0.980858
        ],
        [
          11667.3,
          166.547,
          -18709.0
        ]
      ],
      "objLayer": 0,
      "props": {}
    },
    "bdt_t1_bomb_zone_05_aaa_point_03": {
      "type": "Point",
      "tm": [
        [
          0.980858,
          0.0,
          0.194719
        ],
        [
          0.0,
          1.0,
          0.0
        ],
        [
          -0.194719,
          0.0,
          0.980858
        ],
        [
          12059.0,
          167.757,
          -18572.8
        ]
      ],
      "objLayer": 0,
      "props": {}
    },
    "bdt_t1_bomb_zone_05_aaa_point_04": {
      "type": "Point",
      "tm": [
        [
          0.980858,
          0.0,
          0.194719
        ],
        [
          0.0,
          1.0,
          0.0
        ],
        [
          -0.194719,
          0.0,
          0.980858
        ],
        [
          11937.9,
          168.459,
          -18371.7
        ]
      ],
      "objLayer": 0,
      "props": {}
    },
    "bdt_t1_bomb_zone_06_aaa_point_01": {
      "type": "Point",
      "tm": [
        [
          0.980858,
          0.0,
          0.194719
        ],
        [
          0.0,
          1.0,
          0.0
        ],
        [
          -0.194719,
          0.0,
          0.980858
        ],
        [
          14431.2,
          197.165,
          -14705.8
        ]
      ],
      "objLayer": 0,
      "props": {}
    },
    "bdt_t1_bomb_zone_06_aaa_point_02": {
      "type": "Point",
      "tm": [
        [
          0.980858,
          0.0,
          0.194719
        ],
        [
          0.0,
          1.0,
          0.0
        ],
        [
          -0.194719,
          0.0,
          0.980858
        ],
        [
          14251.4,
          199.423,
          -14513.2
        ]
      ],
      "objLayer": 0,
      "props": {}
    },
    "bdt_t1_bomb_zone_06_aaa_point_03": {
      "type": "Point",
      "tm": [
        [
          0.980858,
          0.0,
          0.194719
        ],
        [
          0.0,
          1.0,
          0.0
        ],
        [
          -0.194719,
          0.0,
          0.980858
        ],
        [
          14501.9,
          203.399,
          -14086.0
        ]
      ],
      "objLayer": 0,
      "props": {}
    },
    "bdt_t1_bomb_zone_06_aaa_point_04": {
      "type": "Point",
      "tm": [
        [
          0.980858,
          0.0,
          0.194719
        ],
        [
          0.0,
          1.0,
          0.0
        ],
        [
          -0.194719,
          0.0,
          0.980858
        ],
        [
          14840.0,
          199.172,
          -14466.8
        ]
      ],
      "objLayer": 0,
      "props": {}
    },
    "bdt_t1_bomb_zone_07_aaa_point_01": {
      "type": "Point",
      "tm": [
        [
          0.980858,
          0.0,
          0.194719
        ],
        [
          0.0,
          1.0,
          0.0
        ],
        [
          -0.194719,
          0.0,
          0.980858
        ],
        [
          11226.0,
          189.125,
          -14142.0
        ]
      ],
      "objLayer": 0,
      "props": {}
    },
    "bdt_t1_bomb_zone_07_aaa_point_02": {
      "type": "Point",
      "tm": [
        [
          0.980858,
          0.0,
          0.194719
        ],
        [
          0.0,
          1.0,
          0.0
        ],
        [
          -0.194719,
          0.0,
          0.980858
        ],
        [
          11015.2,
          181.829,
          -14756.9
        ]
      ],
      "objLayer": 0,
      "props": {}
    },
    "bdt_t1_bomb_zone_07_aaa_point_03": {
      "type": "Point",
      "tm": [
        [
          0.980858,
          0.0,
          0.194719
        ],
        [
          0.0,
          1.0,
          0.0
        ],
        [
          -0.194719,
          0.0,
          0.980858
        ],
        [
          11452.5,
          176.966,
          -14522.8
        ]
      ],
      "objLayer": 0,
      "props": {}
    },
    "bdt_t1_bomb_zone_07_aaa_point_04": {
      "type": "Point",
      "tm": [
        [
          0.980858,
          0.0,
          0.194719
        ],
        [
          0.0,
          1.0,
          0.0
        ],
        [
          -0.194719,
          0.0,
          0.980858
        ],
        [
          10873.0,
          186.395,
          -14119.2
        ]
      ],
      "objLayer": 0,
      "props": {}
    },
    "bdt_t1_bomb_zone_08_aaa_point_01": {
      "type": "Point",
      "tm": [
        [
          0.95321,
          0.0,
          0.302304
        ],
        [
          0.0,
          1.0,
          0.0
        ],
        [
          -0.302304,
          0.0,
          0.95321
        ],
        [
          10062.3,
          78.2592,
          2871.3
        ]
      ],
      "objLayer": 0,
      "props": {}
    },
    "bdt_t1_bomb_zone_08_aaa_point_02": {
      "type": "Point",
      "tm": [
        [
          0.95321,
          0.0,
          0.302304
        ],
        [
          0.0,
          1.0,
          0.0
        ],
        [
          -0.302304,
          0.0,
          0.95321
        ],
        [
          10118.5,
          135.618,
          2367.4
        ]
      ],
      "objLayer": 0,
      "props": {}
    },
    "bdt_t1_bomb_zone_08_aaa_point_03": {
      "type": "Point",
      "tm": [
        [
          0.95321,
          0.0,
          0.302304
        ],
        [
          0.0,
          1.0,
          0.0
        ],
        [
          -0.302304,
          0.0,
          0.95321
        ],
        [
          10443.2,
          133.19,
          2464.2
        ]
      ],
      "objLayer": 0,
      "props": {}
    },
    "bdt_t1_bomb_zone_08_aaa_point_04": {
      "type": "Point",
      "tm": [
        [
          0.95321,
          0.0,
          0.302304
        ],
        [
          0.0,
          1.0,
          0.0
        ],
        [
          -0.302304,
          0.0,
          0.95321
        ],
        [
          10484.8,
          136.306,
          2695.7
        ]
      ],
      "objLayer": 0,
      "props": {}
    },
    "bdt_t1_bomb_zone_09_aaa_point_01": {
      "type": "Point",
      "tm": [
        [
          0.95321,
          0.0,
          0.302304
        ],
        [
          0.0,
          1.0,
          0.0
        ],
        [
          -0.302304,
          0.0,
          0.95321
        ],
        [
          12167.1,
          57.4393,
          -4545.03
        ]
      ],
      "objLayer": 0,
      "props": {}
    },
    "bdt_t1_bomb_zone_09_aaa_point_02": {
      "type": "Point",
      "tm": [
        [
          0.95321,
          0.0,
          0.302304
        ],
        [
          0.0,
          1.0,
          0.0
        ],
        [
          -0.302304,
          0.0,
          0.95321
        ],
        [
          12713.7,
          48.9272,
          -4976.95
        ]
      ],
      "objLayer": 0,
      "props": {}
    },
    "bdt_t1_bomb_zone_09_aaa_point_03": {
      "type": "Point",
      "tm": [
        [
          0.95321,
          0.0,
          0.302304
        ],
        [
          0.0,
          1.0,
          0.0
        ],
        [
          -0.302304,
          0.0,
          0.95321
        ],
        [
          12383.5,
          63.1343,
          -4201.23
        ]
      ],
      "objLayer": 0,
      "props": {}
    },
    "bdt_t1_bomb_zone_09_aaa_point_04": {
      "type": "Point",
      "tm": [
        [
          0.95321,
          0.0,
          0.302304
        ],
        [
          0.0,
          1.0,
          0.0
        ],
        [
          -0.302304,
          0.0,
          0.95321
        ],
        [
          12925.6,
          49.5213,
          -4883.9
        ]
      ],
      "objLayer": 0,
      "props": {}
    },
