{
  "selected_tag": "",
  "bin_dump_file": "",
  "mission_settings": {
    "player": {
      "army": 1
    },
    "player_teamB": {
      "army": 2
    },
    "mission": {
      "level": "levels/air_smolensk.bin",
      "type": "domination",
      "environment": "Day",
      "weather": "hazy",
      "restoreType": "attempts",
      "optionalTakeOff": false
    }
  },
  "imports": {},
  "triggers": {
    "isCategory": true,
    "is_enabled": true
  },
  "mission_objectives": {
    "isCategory": true,
    "is_enabled": true
  },
  "variables": {},
  "dialogs": {},
  "airfields": {},
  "effects": {},
  "units": {
    "objectGroups": [
      {
        "name": "bdt_t2_bomb_object_01",
        "tm": [
          [
            0.74526,
            0.0,
            -0.666771
          ],
          [
            0.0,
            1.0,
            0.0
          ],
          [
            0.666771,
            0.0,
            0.74526
          ],
          [
            -4295.64,
            175.754,
            -4213.62
          ]
        ],
        "unit_class": "dynBase_hq_camp_square",
        "objLayer": 2,
        "props": {
          "army": 2,
          "active": false
        }
      },
      {
        "name": "bdt_t2_bomb_object_02",
        "tm": [
          [
            0.208753,
            0.0,
            -0.977971
          ],
          [
            0.0,
            1.0,
            0.0
          ],
          [
            0.977971,
            0.0,
            0.208753
          ],
          [
            -5237.67,
            128.926,
            -10451.2
          ]
        ],
        "unit_class": "dynBase_fuel_storage_square",
        "objLayer": 2,
        "props": {
          "army": 2,
          "active": false
        }
      },
      {
        "name": "bdt_t2_bomb_object_03",
        "tm": [
          [
            0.890617,
            0.0,
            0.45476
          ],
          [
            0.0,
            1.0,
            0.0
          ],
          [
            -0.45476,
            0.0,
            0.890617
          ],
          [
            -3341.82,
            81.4941,
            -13011.6
          ]
        ],
        "unit_class": "dynBase_oil_storage_small_square",
        "objLayer": 2,
        "props": {
          "army": 2,
          "active": false
        }
      },
      {
        "name": "bdt_t1_bomb_object_01",
        "tm": [
          [
            0.95949,
            0.0,
            -0.281741
          ],
          [
            0.0,
            1.0,
            0.0
          ],
          [
            0.281741,
            0.0,
            0.95949
          ],
          [
            7220.04,
            113.065,
            -675.4
          ]
        ],
        "unit_class": "dynBase_fuel_storage_square",
        "objLayer": 2,
        "props": {
          "army": 1,
          "active": false
        }
      },
      {
        "name": "bdt_t1_bomb_object_02",
        "tm": [
          [
            0.897751,
            0.0,
            0.440501
          ],
          [
            0.0,
            1.0,
            0.0
          ],
          [
            -0.440501,
            0.0,
            0.897751
          ],
          [
            6190.26,
            79.9813,
            -3244.7
          ]
        ],
        "unit_class": "dynBase_small_factory_square",
        "objLayer": 2,
        "props": {
          "army": 1,
          "active": false
        }
      },
      {
        "name": "bdt_t1_bomb_object_03",
        "tm": [
          [
            0.8468,
            0.0,
            0.53191
          ],
          [
            0.0,
            1.0,
            0.0
          ],
          [
            -0.53191,
            0.0,
            0.8468
          ],
          [
            8492.09,
            112.625,
            -10944.1
          ]
        ],
        "unit_class": "dynBase_oil_storage_small_square",
        "objLayer": 2,
        "props": {
          "army": 1,
          "active": false
        }
      },
      {
        "name": "bdt_t2_bomb_object_04",
        "tm": [
          [
            0.992928,
            0.0,
            -0.118719
          ],
          [
            0.0,
            1.0,
            0.0
          ],
          [
            0.118719,
            0.0,
            0.992928
          ],
          [
            -6795.16,
            189.155,
            -4443.21
          ]
        ],
        "unit_class": "dynBase_small_factory_square",
        "objLayer": 2,
        "props": {
          "army": 2,
          "active": false
        }
      },
      {
        "name": "bdt_t1_bomb_object_04",
        "tm": [
          [
            0.97941,
            0.0,
            0.201883
          ],
          [
            0.0,
            1.0,
            0.0
          ],
          [
            -0.201883,
            0.0,
            0.97941
          ],
          [
            6405.66,
            191.223,
            -13603.5
          ]
        ],
        "unit_class": "dynBase_field_camp_square",
        "objLayer": 2,
        "props": {
          "army": 1,
          "active": false
        }
      },
      {
        "name": "bdt_t1_bomb_object_05",
        "tm": [
          [
            0.97941,
            0.0,
            0.201883
          ],
          [
            0.0,
            1.0,
            0.0
          ],
          [
            -0.201883,
            0.0,
            0.97941
          ],
          [
            3678.67,
            126.324,
            -16012.1
          ]
        ],
        "unit_class": "dynBase_military_base_square",
        "objLayer": 2,
        "props": {
          "army": 1,
          "active": false
        }
      },
      {
        "name": "bdt_t1_bomb_object_06",
        "tm": [
          [
            0.97941,
            0.0,
            0.201883
          ],
          [
            0.0,
            1.0,
            0.0
          ],
          [
            -0.201883,
            0.0,
            0.97941
          ],
          [
            9263.96,
            176.706,
            -13252.7
          ]
        ],
        "unit_class": "dynBase_oil_storage_large_square",
        "objLayer": 2,
        "props": {
          "army": 1,
          "active": false
        }
      },
      {
        "name": "bdt_t1_bomb_object_07",
        "tm": [
          [
            0.97941,
            0.0,
            0.201883
          ],
          [
            0.0,
            1.0,
            0.0
          ],
          [
            -0.201883,
            0.0,
            0.97941
          ],
          [
            5659.4,
            134.234,
            -16873.9
          ]
        ],
        "unit_class": "dynBase_oil_storage_large_square",
        "objLayer": 2,
        "props": {
          "army": 1,
          "active": false
        }
      },
      {
        "name": "bdt_t1_bomb_object_08",
        "tm": [
          [
            0.95949,
            0.0,
            -0.281741
          ],
          [
            0.0,
            1.0,
            0.0
          ],
          [
            0.281741,
            0.0,
            0.95949
          ],
          [
            4071.96,
            93.8374,
            -1893.9
          ]
        ],
        "unit_class": "dynBase_small_factory_square",
        "objLayer": 2,
        "props": {
          "army": 1,
          "active": false
        }
      },
      {
        "name": "bdt_t1_bomb_object_09",
        "tm": [
          [
            0.95949,
            0.0,
            -0.281741
          ],
          [
            0.0,
            1.0,
            0.0
          ],
          [
            0.281741,
            0.0,
            0.95949
          ],
          [
            7925.83,
            144.795,
            -5871.64
          ]
        ],
        "unit_class": "dynBase_petrol_camp_square",
        "objLayer": 2,
        "props": {
          "army": 1,
          "active": false
        }
      },
      {
        "name": "bdt_t1_bomb_object_10",
        "tm": [
          [
            0.95949,
            0.0,
            -0.281741
          ],
          [
            0.0,
            1.0,
            0.0
          ],
          [
            0.281741,
            0.0,
            0.95949
          ],
          [
            8905.62,
            147.225,
            -2967.2
          ]
        ],
        "unit_class": "dynBase_petrol_camp_square",
        "objLayer": 2,
        "props": {
          "army": 1,
          "active": false
        }
      },
      {
        "name": "bdt_t2_bomb_object_05",
        "tm": [
          [
            0.992928,
            0.0,
            -0.118719
          ],
          [
            0.0,
            1.0,
            0.0
          ],
          [
            0.118719,
            0.0,
            0.992928
          ],
          [
            -4133.14,
            114.732,
            -1077.87
          ]
        ],
        "unit_class": "dynBase_petrol_camp_square",
        "objLayer": 2,
        "props": {
          "army": 2,
          "active": false
        }
      },
      {
        "name": "bdt_t2_bomb_object_06",
        "tm": [
          [
            0.932518,
            0.0,
            0.361126
          ],
          [
            0.0,
            1.0,
            0.0
          ],
          [
            -0.361126,
            0.0,
            0.932518
          ],
          [
            -1030.37,
            131.123,
            -1892.0
          ]
        ],
        "unit_class": "dynBase_military_base_square",
        "objLayer": 2,
        "props": {
          "army": 2,
          "active": false
        }
      },
      {
        "name": "bdt_t2_bomb_object_07",
        "tm": [
          [
            0.992928,
            0.0,
            -0.118719
          ],
          [
            0.0,
            1.0,
            0.0
          ],
          [
            0.118719,
            0.0,
            0.992928
          ],
          [
            -5491.83,
            204.714,
            -6614.37
          ]
        ],
        "unit_class": "dynBase_fuel_storage_square",
        "objLayer": 2,
        "props": {
          "army": 2,
          "active": false
        }
      },
      {
        "name": "bdt_t2_bomb_object_08",
        "tm": [
          [
            0.890617,
            0.0,
            0.45476
          ],
          [
            0.0,
            1.0,
            0.0
          ],
          [
            -0.45476,
            0.0,
            0.890617
          ],
          [
            -5888.08,
            125.468,
            -13161.4
          ]
        ],
        "unit_class": "dynBase_ammunition_storage_square",
        "objLayer": 2,
        "props": {
          "army": 2,
          "active": false
        }
      },
      {
        "name": "bdt_t2_bomb_object_09",
        "tm": [
          [
            0.890617,
            0.0,
            0.45476
          ],
          [
            0.0,
            1.0,
            0.0
          ],
          [
            -0.45476,
            0.0,
            0.890617
          ],
          [
            -797.77,
            65.3932,
            -15611.8
          ]
        ],
        "unit_class": "dynBase_field_camp_square",
        "objLayer": 2,
        "props": {
          "army": 2,
          "active": false
        }
      },
      {
        "name": "bdt_t2_bomb_object_10",
        "tm": [
          [
            0.890617,
            0.0,
            0.45476
          ],
          [
            0.0,
            1.0,
            0.0
          ],
          [
            -0.45476,
            0.0,
            0.890617
          ],
          [
            -1925.79,
            75.1683,
            -17230.6
          ]
        ],
        "unit_class": "dynBase_oil_storage_small_square",
        "objLayer": 2,
        "props": {
          "army": 2,
          "active": false
        }
      }
    ]
  },
  "areas": {
    "bdt_t2_bomb_zone_01": {
      "type": "Sphere",
      "tm": [
        [
          335.368,
          0.0,
          -300.048
        ],
        [
          0.0,
          450.0,
          0.0
        ],
        [
          300.048,
          0.0,
          335.368
        ],
        [
          -4301.88,
          175.824,
          -4216.98
        ]
      ],
      "objLayer": 0,
      "props": {}
    },
    "bdt_t2_bomb_zone_02": {
      "type": "Sphere",
      "tm": [
        [
          366.578,
          0.0,
          -261.001
        ],
        [
          0.0,
          450.0,
          0.0
        ],
        [
          261.001,
          0.0,
          366.578
        ],
        [
          -5218.6,
          129.246,
          -10440.9
        ]
      ],
      "objLayer": 0,
      "props": {}
    },
    "bdt_t2_bomb_zone_03": {
      "type": "Sphere",
      "tm": [
        [
          400.777,
          0.0,
          204.639
        ],
        [
          0.0,
          450.0,
          0.0
        ],
        [
          -204.639,
          0.0,
          400.777
        ],
        [
          -3350.3,
          81.4441,
          -13006.6
        ]
      ],
      "objLayer": 0,
      "props": {}
    },
    "bdt_t1_bomb_zone_01": {
      "type": "Sphere",
      "tm": [
        [
          431.77,
          0.0,
          -126.785
        ],
        [
          0.0,
          450.0,
          0.0
        ],
        [
          126.785,
          0.0,
          431.77
        ],
        [
          7232.69,
          113.107,
          -675.9
        ]
      ],
      "objLayer": 0,
      "props": {}
    },
    "bdt_t1_bomb_zone_02": {
      "type": "Sphere",
      "tm": [
        [
          437.316,
          0.0,
          106.087
        ],
        [
          0.0,
          450.0,
          0.0
        ],
        [
          -106.087,
          0.0,
          437.316
        ],
        [
          6193.9,
          78.4963,
          -3241.7
        ]
      ],
      "objLayer": 0,
      "props": {}
    },
    "bdt_t1_bomb_zone_03": {
      "type": "Sphere",
      "tm": [
        [
          443.475,
          0.0,
          76.3484
        ],
        [
          0.0,
          450.0,
          0.0
        ],
        [
          -76.3484,
          0.0,
          443.475
        ],
        [
          8497.57,
          112.494,
          -10942.6
        ]
      ],
      "objLayer": 0,
      "props": {}
    },
    "bdt_t2_bomb_zone_04": {
      "type": "Sphere",
      "tm": [
        [
          446.816,
          0.0,
          -53.4248
        ],
        [
          0.0,
          450.0,
          0.0
        ],
        [
          53.4248,
          0.0,
          446.816
        ],
        [
          -6787.7,
          189.089,
          -4445.89
        ]
      ],
      "objLayer": 0,
      "props": {}
    },
    "bdt_t1_bomb_zone_04": {
      "type": "Sphere",
      "tm": [
        [
          443.475,
          0.0,
          76.3484
        ],
        [
          0.0,
          450.0,
          0.0
        ],
        [
          -76.3484,
          0.0,
          443.475
        ],
        [
          6404.95,
          191.19,
          -13597.8
        ]
      ],
      "objLayer": 0,
      "props": {}
    },
    "bdt_t2_bomb_zone_01_aaa_point_01": {
      "type": "Point",
      "tm": [
        [
          0.990608,
          0.0,
          -0.13672
        ],
        [
          0.0,
          1.0,
          0.0
        ],
        [
          0.13672,
          0.0,
          0.990608
        ],
        [
          -4305.96,
          177.954,
          -4442.36
        ]
      ],
      "objLayer": 0,
      "props": {}
    },
    "bdt_t2_bomb_zone_01_aaa_point_02": {
      "type": "Point",
      "tm": [
        [
          0.990608,
          0.0,
          -0.13672
        ],
        [
          0.0,
          1.0,
          0.0
        ],
        [
          0.13672,
          0.0,
          0.990608
        ],
        [
          -4402.15,
          177.584,
          -3942.51
        ]
      ],
      "objLayer": 0,
      "props": {}
    },
    "bdt_t2_bomb_zone_01_aaa_point_03": {
      "type": "Point",
      "tm": [
        [
          0.990608,
          0.0,
          -0.13672
        ],
        [
          0.0,
          1.0,
          0.0
        ],
        [
          0.13672,
          0.0,
          0.990608
        ],
        [
          -4283.42,
          176.164,
          -3950.75
        ]
      ],
      "objLayer": 0,
      "props": {}
    },
    "bdt_t2_bomb_zone_01_aaa_point_04": {
      "type": "Point",
      "tm": [
        [
          0.990608,
          0.0,
          -0.13672
        ],
        [
          0.0,
          1.0,
          0.0
        ],
        [
          0.13672,
          0.0,
          0.990608
        ],
        [
          -3899.07,
          172.434,
          -3980.03
        ]
      ],
      "objLayer": 0,
      "props": {}
    },
    "bdt_t2_bomb_zone_02_aaa_point_01": {
      "type": "Point",
      "tm": [
        [
          0.99966,
          0.0,
          -0.0260085
        ],
        [
          0.0,
          1.0,
          0.0
        ],
        [
          0.0260085,
          0.0,
          0.99966
        ],
        [
          -5421.07,
          126.606,
          -10585.0
        ]
      ],
      "objLayer": 0,
      "props": {}
    },
    "bdt_t2_bomb_zone_02_aaa_point_02": {
      "type": "Point",
      "tm": [
        [
          0.99966,
          0.0,
          -0.0260085
        ],
        [
          0.0,
          1.0,
          0.0
        ],
        [
          0.0260085,
          0.0,
          0.99966
        ],
        [
          -5145.17,
          128.446,
          -10122.0
        ]
      ],
      "objLayer": 0,
      "props": {}
    },
    "bdt_t2_bomb_zone_02_aaa_point_03": {
      "type": "Point",
      "tm": [
        [
          0.99966,
          0.0,
          -0.0260085
        ],
        [
          0.0,
          1.0,
          0.0
        ],
        [
          0.0260085,
          0.0,
          0.99966
        ],
        [
          -5472.86,
          132.256,
          -10324.7
        ]
      ],
      "objLayer": 0,
      "props": {}
    },
    "bdt_t2_bomb_zone_02_aaa_point_04": {
      "type": "Point",
      "tm": [
        [
          0.99966,
          0.0,
          -0.0260085
        ],
        [
          0.0,
          1.0,
          0.0
        ],
        [
          0.0260085,
          0.0,
          0.99966
        ],
        [
          -4993.66,
          126.536,
          -10485.9
        ]
      ],
      "objLayer": 0,
      "props": {}
    },
    "bdt_t2_bomb_zone_03_aaa_point_01": {
      "type": "Point",
      "tm": [
        [
          0.99966,
          0.0,
          -0.0260085
        ],
        [
          0.0,
          1.0,
          0.0
        ],
        [
          0.0260085,
          0.0,
          0.99966
        ],
        [
          -3309.05,
          84.2441,
          -13301.7
        ]
      ],
      "objLayer": 0,
      "props": {}
    },
    "bdt_t2_bomb_zone_03_aaa_point_02": {
      "type": "Point",
      "tm": [
        [
          0.99966,
          0.0,
          -0.0260085
        ],
        [
          0.0,
          1.0,
          0.0
        ],
        [
          0.0260085,
          0.0,
          0.99966
        ],
        [
          -3232.92,
          78.1841,
          -12738.6
        ]
      ],
      "objLayer": 0,
      "props": {}
    },
    "bdt_t2_bomb_zone_03_aaa_point_03": {
      "type": "Point",
      "tm": [
        [
          0.99966,
          0.0,
          -0.0260085
        ],
        [
          0.0,
          1.0,
          0.0
        ],
        [
          0.0260085,
          0.0,
          0.99966
        ],
        [
          -3564.53,
          78.5741,
          -12823.1
        ]
      ],
      "objLayer": 0,
      "props": {}
    },
    "bdt_t2_bomb_zone_03_aaa_point_04": {
      "type": "Point",
      "tm": [
        [
          0.99966,
          0.0,
          -0.0260085
        ],
        [
          0.0,
          1.0,
          0.0
        ],
        [
          0.0260085,
          0.0,
          0.99966
        ],
        [
          -3531.57,
          84.1041,
          -13245.6
        ]
      ],
      "objLayer": 0,
      "props": {}
    },
    "bdt_t2_bomb_zone_04_aaa_point_01": {
      "type": "Point",
      "tm": [
        [
          0.990608,
          0.0,
          -0.13672
        ],
        [
          0.0,
          1.0,
          0.0
        ],
        [
          0.13672,
          0.0,
          0.990608
        ],
        [
          -6519.19,
          184.942,
          -4250.17
        ]
      ],
      "objLayer": 0,
      "props": {}
    },
    "bdt_t2_bomb_zone_04_aaa_point_02": {
      "type": "Point",
      "tm": [
        [
          0.990608,
          0.0,
          -0.13672
        ],
        [
          0.0,
          1.0,
          0.0
        ],
        [
          0.13672,
          0.0,
          0.990608
        ],
        [
          -6975.19,
          184.703,
          -4208.9
        ]
      ],
      "objLayer": 0,
      "props": {}
    },
    "bdt_t2_bomb_zone_04_aaa_point_03": {
      "type": "Point",
      "tm": [
        [
          0.990608,
          0.0,
          -0.13672
        ],
        [
          0.0,
          1.0,
          0.0
        ],
        [
          0.13672,
          0.0,
          0.990608
        ],
        [
          -6703.99,
          184.546,
          -4698.98
        ]
      ],
      "objLayer": 0,
      "props": {}
    },
    "bdt_t2_bomb_zone_04_aaa_point_04": {
      "type": "Point",
      "tm": [
        [
          0.990608,
          0.0,
          -0.13672
        ],
        [
          0.0,
          1.0,
          0.0
        ],
        [
          0.13672,
          0.0,
          0.990608
        ],
        [
          -6941.0,
          144.801,
          -4639.49
        ]
      ],
      "objLayer": 0,
      "props": {}
    },
    "bdt_t1_bomb_zone_01_aaa_point_01": {
      "type": "Point",
      "tm": [
        [
          0.953211,
          0.0,
          0.302306
        ],
        [
          0.0,
          1.0,
          0.0
        ],
        [
          -0.302306,
          0.0,
          0.953211
        ],
        [
          7472.58,
          116.489,
          -590.4
        ]
      ],
      "objLayer": 0,
      "props": {}
    },
    "bdt_t1_bomb_zone_01_aaa_point_02": {
      "type": "Point",
      "tm": [
        [
          0.953211,
          0.0,
          0.302306
        ],
        [
          0.0,
          1.0,
          0.0
        ],
        [
          -0.302306,
          0.0,
          0.953211
        ],
        [
          6980.01,
          110.436,
          -692.0
        ]
      ],
      "objLayer": 0,
      "props": {}
    },
    "bdt_t1_bomb_zone_01_aaa_point_03": {
      "type": "Point",
      "tm": [
        [
          0.953211,
          0.0,
          0.302306
        ],
        [
          0.0,
          1.0,
          0.0
        ],
        [
          -0.302306,
          0.0,
          0.953211
        ],
        [
          7274.98,
          125.968,
          -905.3
        ]
      ],
      "objLayer": 0,
      "props": {}
    },
    "bdt_t1_bomb_zone_01_aaa_point_04": {
      "type": "Point",
      "tm": [
        [
          0.953211,
          0.0,
          0.302306
        ],
        [
          0.0,
          1.0,
          0.0
        ],
        [
          -0.302306,
          0.0,
          0.953211
        ],
        [
          7053.68,
          119.206,
          -848.0
        ]
      ],
      "objLayer": 0,
      "props": {}
    },
    "bdt_t1_bomb_zone_02_aaa_point_01": {
      "type": "Point",
      "tm": [
        [
          0.953211,
          0.0,
          0.302306
        ],
        [
          0.0,
          1.0,
          0.0
        ],
        [
          -0.302306,
          0.0,
          0.953211
        ],
        [
          6329.95,
          76.2373,
          -3007.9
        ]
      ],
      "objLayer": 0,
      "props": {}
    },
    "bdt_t1_bomb_zone_02_aaa_point_02": {
      "type": "Point",
      "tm": [
        [
          0.953211,
          0.0,
          0.302306
        ],
        [
          0.0,
          1.0,
          0.0
        ],
        [
          -0.302306,
          0.0,
          0.953211
        ],
        [
          6040.21,
          145.798,
          -3024.8
        ]
      ],
      "objLayer": 0,
      "props": {}
    },
    "bdt_t1_bomb_zone_02_aaa_point_03": {
      "type": "Point",
      "tm": [
        [
          0.953211,
          0.0,
          0.302306
        ],
        [
          0.0,
          1.0,
          0.0
        ],
        [
          -0.302306,
          0.0,
          0.953211
        ],
        [
          6267.5,
          106.92,
          -3686.1
        ]
      ],
      "objLayer": 0,
      "props": {}
    },
    "bdt_t1_bomb_zone_02_aaa_point_04": {
      "type": "Point",
      "tm": [
        [
          0.953211,
          0.0,
          0.302306
        ],
        [
          0.0,
          1.0,
          0.0
        ],
        [
          -0.302306,
          0.0,
          0.953211
        ],
        [
          5871.09,
          154.57,
          -3305.9
        ]
      ],
      "objLayer": 0,
      "props": {}
    },
    "bdt_t1_bomb_zone_03_aaa_point_01": {
      "type": "Point",
      "tm": [
        [
          0.980859,
          0.0,
          0.194721
        ],
        [
          0.0,
          1.0,
          0.0
        ],
        [
          -0.194721,
          0.0,
          0.980859
        ],
        [
          8344.29,
          116.865,
          -11209.4
        ]
      ],
      "objLayer": 0,
      "props": {}
    },
    "bdt_t1_bomb_zone_03_aaa_point_02": {
      "type": "Point",
      "tm": [
        [
          0.980859,
          0.0,
          0.194721
        ],
        [
          0.0,
          1.0,
          0.0
        ],
        [
          -0.194721,
          0.0,
          0.980859
        ],
        [
          8605.15,
          109.547,
          -10725.6
        ]
      ],
      "objLayer": 0,
      "props": {}
    },
    "bdt_t1_bomb_zone_03_aaa_point_03": {
      "type": "Point",
      "tm": [
        [
          0.980859,
          0.0,
          0.194721
        ],
        [
          0.0,
          1.0,
          0.0
        ],
        [
          -0.194721,
          0.0,
          0.980859
        ],
        [
          8325.52,
          116.314,
          -10713.1
        ]
      ],
      "objLayer": 0,
      "props": {}
    },
    "bdt_t1_bomb_zone_03_aaa_point_04": {
      "type": "Point",
      "tm": [
        [
          0.980859,
          0.0,
          0.194721
        ],
        [
          0.0,
          1.0,
          0.0
        ],
        [
          -0.194721,
          0.0,
          0.980859
        ],
        [
          8718.91,
          114.108,
          -11080.6
        ]
      ],
      "objLayer": 0,
      "props": {}
    },
    "bdt_t1_bomb_zone_04_aaa_point_01": {
      "type": "Point",
      "tm": [
        [
          0.980859,
          0.0,
          0.194721
        ],
        [
          0.0,
          1.0,
          0.0
        ],
        [
          -0.194721,
          0.0,
          0.980859
        ],
        [
          6712.63,
          193.38,
          -13673.4
        ]
      ],
      "objLayer": 0,
      "props": {}
    },
    "bdt_t1_bomb_zone_04_aaa_point_02": {
      "type": "Point",
      "tm": [
        [
          0.980859,
          0.0,
          0.194721
        ],
        [
          0.0,
          1.0,
          0.0
        ],
        [
          -0.194721,
          0.0,
          0.980859
        ],
        [
          6476.72,
          191.307,
          -13358.3
        ]
      ],
      "objLayer": 0,
      "props": {}
    },
    "bdt_t1_bomb_zone_04_aaa_point_03": {
      "type": "Point",
      "tm": [
        [
          0.980859,
          0.0,
          0.194721
        ],
        [
          0.0,
          1.0,
          0.0
        ],
        [
          -0.194721,
          0.0,
          0.980859
        ],
        [
          6455.65,
          192.235,
          -13884.3
        ]
      ],
      "objLayer": 0,
      "props": {}
    },
    "bdt_t1_bomb_zone_04_aaa_point_04": {
      "type": "Point",
      "tm": [
        [
          0.980859,
          0.0,
          0.194721
        ],
        [
          0.0,
          1.0,
          0.0
        ],
        [
          -0.194721,
          0.0,
          0.980859
        ],
        [
          6198.65,
          190.648,
          -13361.3
        ]
      ],
      "objLayer": 0,
      "props": {}
    },
    "bdt_t1_bomb_zone_05": {
      "type": "Sphere",
      "tm": [
        [
          443.475,
          0.0,
          76.3484
        ],
        [
          0.0,
          450.0,
          0.0
        ],
        [
          -76.3484,
          0.0,
          443.475
        ],
        [
          3677.85,
          126.346,
          -16006.3
        ]
      ],
      "objLayer": 0,
      "props": {}
    },
    "bdt_t1_bomb_zone_06": {
      "type": "Sphere",
      "tm": [
        [
          443.475,
          0.0,
          76.3484
        ],
        [
          0.0,
          450.0,
          0.0
        ],
        [
          -76.3484,
          0.0,
          443.475
        ],
        [
          9263.26,
          176.764,
          -13247.0
        ]
      ],
      "objLayer": 0,
      "props": {}
    },
    "bdt_t1_bomb_zone_07": {
      "type": "Sphere",
      "tm": [
        [
          443.475,
          0.0,
          76.3484
        ],
        [
          0.0,
          450.0,
          0.0
        ],
        [
          -76.3484,
          0.0,
          443.475
        ],
        [
          5658.71,
          134.35,
          -16868.0
        ]
      ],
      "objLayer": 0,
      "props": {}
    },
    "bdt_t1_bomb_zone_08": {
      "type": "Sphere",
      "tm": [
        [
          431.77,
          0.0,
          -126.785
        ],
        [
          0.0,
          450.0,
          0.0
        ],
        [
          126.785,
          0.0,
          431.77
        ],
        [
          4084.65,
          94.2564,
          -1894.4
        ]
      ],
      "objLayer": 0,
      "props": {}
    },
    "bdt_t1_bomb_zone_09": {
      "type": "Sphere",
      "tm": [
        [
          431.77,
          0.0,
          -126.785
        ],
        [
          0.0,
          450.0,
          0.0
        ],
        [
          126.785,
          0.0,
          431.77
        ],
        [
          7938.26,
          145.086,
          -5872.18
        ]
      ],
      "objLayer": 0,
      "props": {}
    },
    "bdt_t1_bomb_zone_10": {
      "type": "Sphere",
      "tm": [
        [
          431.77,
          0.0,
          -126.785
        ],
        [
          0.0,
          450.0,
          0.0
        ],
        [
          126.785,
          0.0,
          431.77
        ],
        [
          8918.29,
          149.393,
          -2967.8
        ]
      ],
      "objLayer": 0,
      "props": {}
    },
    "bdt_t1_bomb_zone_05_aaa_point_01": {
      "type": "Point",
      "tm": [
        [
          0.980859,
          0.0,
          0.194721
        ],
        [
          0.0,
          1.0,
          0.0
        ],
        [
          -0.194721,
          0.0,
          0.980859
        ],
        [
          3405.56,
          126.604,
          -16037.2
        ]
      ],
      "objLayer": 0,
      "props": {}
    },
    "bdt_t1_bomb_zone_05_aaa_point_02": {
      "type": "Point",
      "tm": [
        [
          0.980859,
          0.0,
          0.194721
        ],
        [
          0.0,
          1.0,
          0.0
        ],
        [
          -0.194721,
          0.0,
          0.980859
        ],
        [
          3573.11,
          125.703,
          -16121.2
        ]
      ],
      "objLayer": 0,
      "props": {}
    },
    "bdt_t1_bomb_zone_05_aaa_point_03": {
      "type": "Point",
      "tm": [
        [
          0.980859,
          0.0,
          0.194721
        ],
        [
          0.0,
          1.0,
          0.0
        ],
        [
          -0.194721,
          0.0,
          0.980859
        ],
        [
          3964.78,
          126.913,
          -15984.9
        ]
      ],
      "objLayer": 0,
      "props": {}
    },
    "bdt_t1_bomb_zone_05_aaa_point_04": {
      "type": "Point",
      "tm": [
        [
          0.980859,
          0.0,
          0.194721
        ],
        [
          0.0,
          1.0,
          0.0
        ],
        [
          -0.194721,
          0.0,
          0.980859
        ],
        [
          3843.72,
          127.615,
          -15783.8
        ]
      ],
      "objLayer": 0,
      "props": {}
    },
    "bdt_t1_bomb_zone_06_aaa_point_01": {
      "type": "Point",
      "tm": [
        [
          0.980859,
          0.0,
          0.194721
        ],
        [
          0.0,
          1.0,
          0.0
        ],
        [
          -0.194721,
          0.0,
          0.980859
        ],
        [
          9142.25,
          172.056,
          -13561.8
        ]
      ],
      "objLayer": 0,
      "props": {}
    },
    "bdt_t1_bomb_zone_06_aaa_point_02": {
      "type": "Point",
      "tm": [
        [
          0.980859,
          0.0,
          0.194721
        ],
        [
          0.0,
          1.0,
          0.0
        ],
        [
          -0.194721,
          0.0,
          0.980859
        ],
        [
          8962.5,
          174.314,
          -13369.2
        ]
      ],
      "objLayer": 0,
      "props": {}
    },
    "bdt_t1_bomb_zone_06_aaa_point_03": {
      "type": "Point",
      "tm": [
        [
          0.980859,
          0.0,
          0.194721
        ],
        [
          0.0,
          1.0,
          0.0
        ],
        [
          -0.194721,
          0.0,
          0.980859
        ],
        [
          9213.05,
          178.289,
          -12941.9
        ]
      ],
      "objLayer": 0,
      "props": {}
    },
    "bdt_t1_bomb_zone_06_aaa_point_04": {
      "type": "Point",
      "tm": [
        [
          0.980859,
          0.0,
          0.194721
        ],
        [
          0.0,
          1.0,
          0.0
        ],
        [
          -0.194721,
          0.0,
          0.980859
        ],
        [
          9551.14,
          174.063,
          -13322.8
        ]
      ],
      "objLayer": 0,
      "props": {}
    },
    "bdt_t1_bomb_zone_07_aaa_point_01": {
      "type": "Point",
      "tm": [
        [
          0.980859,
          0.0,
          0.194721
        ],
        [
          0.0,
          1.0,
          0.0
        ],
        [
          -0.194721,
          0.0,
          0.980859
        ],
        [
          5754.37,
          135.652,
          -16582.4
        ]
      ],
      "objLayer": 0,
      "props": {}
    },
    "bdt_t1_bomb_zone_07_aaa_point_02": {
      "type": "Point",
      "tm": [
        [
          0.980859,
          0.0,
          0.194721
        ],
        [
          0.0,
          1.0,
          0.0
        ],
        [
          -0.194721,
          0.0,
          0.980859
        ],
        [
          5543.58,
          128.355,
          -17197.3
        ]
      ],
      "objLayer": 0,
      "props": {}
    },
    "bdt_t1_bomb_zone_07_aaa_point_03": {
      "type": "Point",
      "tm": [
        [
          0.980859,
          0.0,
          0.194721
        ],
        [
          0.0,
          1.0,
          0.0
        ],
        [
          -0.194721,
          0.0,
          0.980859
        ],
        [
          5980.95,
          123.493,
          -16963.2
        ]
      ],
      "objLayer": 0,
      "props": {}
    },
    "bdt_t1_bomb_zone_07_aaa_point_04": {
      "type": "Point",
      "tm": [
        [
          0.980859,
          0.0,
          0.194721
        ],
        [
          0.0,
          1.0,
          0.0
        ],
        [
          -0.194721,
          0.0,
          0.980859
        ],
        [
          5401.36,
          132.921,
          -16559.6
        ]
      ],
      "objLayer": 0,
      "props": {}
    },
    "bdt_t1_bomb_zone_08_aaa_point_01": {
      "type": "Point",
      "tm": [
        [
          0.953211,
          0.0,
          0.302306
        ],
        [
          0.0,
          1.0,
          0.0
        ],
        [
          -0.302306,
          0.0,
          0.953211
        ],
        [
          3827.94,
          80.9604,
          -1732.0
        ]
      ],
      "objLayer": 0,
      "props": {}
    },
    "bdt_t1_bomb_zone_08_aaa_point_02": {
      "type": "Point",
      "tm": [
        [
          0.953211,
          0.0,
          0.302306
        ],
        [
          0.0,
          1.0,
          0.0
        ],
        [
          -0.302306,
          0.0,
          0.953211
        ],
        [
          3847.92,
          95.4594,
          -2088.2
        ]
      ],
      "objLayer": 0,
      "props": {}
    },
    "bdt_t1_bomb_zone_08_aaa_point_03": {
      "type": "Point",
      "tm": [
        [
          0.953211,
          0.0,
          0.302306
        ],
        [
          0.0,
          1.0,
          0.0
        ],
        [
          -0.302306,
          0.0,
          0.953211
        ],
        [
          4249.52,
          93.0314,
          -2212.0
        ]
      ],
      "objLayer": 0,
      "props": {}
    },
    "bdt_t1_bomb_zone_08_aaa_point_04": {
      "type": "Point",
      "tm": [
        [
          0.953211,
          0.0,
          0.302306
        ],
        [
          0.0,
          1.0,
          0.0
        ],
        [
          -0.302306,
          0.0,
          0.953211
        ],
        [
          4272.96,
          96.1474,
          -1813.5
        ]
      ],
      "objLayer": 0,
      "props": {}
    },
    "bdt_t1_bomb_zone_09_aaa_point_01": {
      "type": "Point",
      "tm": [
        [
          0.953211,
          0.0,
          0.302306
        ],
        [
          0.0,
          1.0,
          0.0
        ],
        [
          -0.302306,
          0.0,
          0.953211
        ],
        [
          7493.48,
          144.777,
          -5925.54
        ]
      ],
      "objLayer": 0,
      "props": {}
    },
    "bdt_t1_bomb_zone_09_aaa_point_02": {
      "type": "Point",
      "tm": [
        [
          0.953211,
          0.0,
          0.302306
        ],
        [
          0.0,
          1.0,
          0.0
        ],
        [
          -0.302306,
          0.0,
          0.953211
        ],
        [
          7845.7,
          136.265,
          -6271.88
        ]
      ],
      "objLayer": 0,
      "props": {}
    },
    "bdt_t1_bomb_zone_09_aaa_point_03": {
      "type": "Point",
      "tm": [
        [
          0.953211,
          0.0,
          0.302306
        ],
        [
          0.0,
          1.0,
          0.0
        ],
        [
          -0.302306,
          0.0,
          0.953211
        ],
        [
          7726.69,
          150.472,
          -5421.75
        ]
      ],
      "objLayer": 0,
      "props": {}
    },
    "bdt_t1_bomb_zone_09_aaa_point_04": {
      "type": "Point",
      "tm": [
        [
          0.953211,
          0.0,
          0.302306
        ],
        [
          0.0,
          1.0,
          0.0
        ],
        [
          -0.302306,
          0.0,
          0.953211
        ],
        [
          8268.84,
          136.859,
          -6104.43
        ]
      ],
      "objLayer": 0,
      "props": {}
