{
  "selected_tag": "",
  "bin_dump_file": "",
  "mission_settings": {
    "player": {
      "army": 1,
      "wing": ""
    },
    "player_teamB": {
      "army": 2
    },
    "mission": {
      "type": "singleMission",
      "level": "levels/water.bin",
      "restoreType": "attempts",
      "optionalTakeOff": false,
      "environment": "Day",
      "weather": "hazy"
    },
    "spectator_points": []
  },
  "imports": [],
  "triggers": {
    "isCategory": true,
    "is_enabled": true,
    "flt_tank_part_init": {
      "is_enabled": true,
      "comments": "",
      "props": {
        "actionsType": "PERFORM_ONE_BY_ONE",
        "conditionsType": "ALL",
        "enableAfterComplete": false
      },
      "events": {
        "periodicEvent": {
          "time": 1.0
        }
      },
      "conditions": [],
      "actions": {
        "varSetInt": {
          "value": 156,
          "var": "flt_tank_spots_num"
        }
      },
      "else_actions": []
    }
  },
  "mission_objectives": {
    "isCategory": true,
    "is_enabled": true
  },
  "variables": [],
  "dialogs": [],
  "airfields": [],
  "effects": [],
  "units": [],
  "areas": {
    "flt_tank_spot_01": {
      "type": "Point",
      "tm": [
        [0.608761,0.0,0.793353],
        [0.0,1.0,0.0],
        [-0.793353,0.0,0.608761],
        [5031.78,7.95512,-9096.33]
      ],
      "objLayer": 0,
      "props": []
    },
    "flt_tank_spot_02": {
      "type": "Point",
      "tm": [
        [0.0182293,0.0,0.999834],
        [0.0,1.0,0.0],
        [-0.999834,0.0,0.0182293],
        [5536.61,11.0336,-8170.23]
      ],
      "objLayer": 0,
      "props": []
    },
    "flt_tank_spot_03": {
      "type": "Point",
      "tm": [
        [0.966874,0.0,-0.255253],
        [0.0,1.0,0.0],
        [0.255253,0.0,0.966874],
        [5039.9,7.66816,-7283.47]
      ],
      "objLayer": 0,
      "props": []
    },
    "flt_tank_spot_04": {
      "type": "Point",
      "tm": [
        [0.906583,0.0,0.422026],
        [0.0,1.0,0.0],
        [-0.422026,0.0,0.906583],
        [4733.67,8.22006,-8684.88]
      ],
      "objLayer": 0,
      "props": []
    },
    "flt_tank_spot_05": {
      "type": "Point",
      "tm": [
        [0.992146,0.0,0.125089],
        [0.0,1.0,0.0],
        [-0.125089,0.0,0.992146],
        [3647.64,8.35429,-5328.34]
      ],
      "objLayer": 0,
      "props": []
    },
    "flt_tank_spot_06": {
      "type": "Point",
      "tm": [
        [-0.221192,0.0,0.97523],
        [0.0,1.0,0.0],
        [-0.97523,0.0,-0.221192],
        [3884.52,8.14223,-4905.02]
      ],
      "objLayer": 0,
      "props": []
    },
    "flt_tank_spot_07": {
      "type": "Point",
      "tm": [
        [0.642102,0.0,0.766619],
        [0.0,1.0,0.0],
        [-0.766619,0.0,0.642102],
        [4043.75,8.02589,-3922.4]
      ],
      "objLayer": 0,
      "props": []
    },
    "flt_tank_spot_08": {
      "type": "Point",
      "tm": [
        [0.96198,0.0,0.273118],
        [0.0,1.0,0.0],
        [-0.273118,0.0,0.96198],
        [4759.09,7.60429,-4279.25]
      ],
      "objLayer": 0,
      "props": []
    },
    "flt_tank_spot_09": {
      "type": "Point",
      "tm": [
        [0.992107,0.0,0.125397],
        [0.0,1.0,0.0],
        [-0.125397,0.0,0.992107],
        [5629.2,5.83612,-2565.56]
      ],
      "objLayer": 0,
      "props": []
    },
    "flt_tank_spot_10": {
      "type": "Point",
      "tm": [
        [1.0,0.0,0.0],
        [0.0,1.0,0.0],
        [0.0,0.0,1.0],
        [5634.26,7.87889,-3277.73]
      ],
      "objLayer": 0,
      "props": []
    },
    "flt_tank_spot_11": {
      "type": "Point",
      "tm": [
        [0.985123,0.0,0.17185],
        [0.0,1.0,0.0],
        [-0.17185,0.0,0.985123],
        [5689.16,9.79767,-2252.97]
      ],
      "objLayer": 0,
      "props": []
    },
    "flt_tank_spot_12": {
      "type": "Point",
      "tm": [
        [1.0,0.0,0.0],
        [0.0,1.0,0.0],
        [0.0,0.0,1.0],
        [6625.7,4.44447,-2564.95]
      ],
      "objLayer": 0,
      "props": []
    },
    "flt_tank_spot_13": {
      "type": "Point",
      "tm": [
        [0.943429,0.0,0.331575],
        [0.0,1.0,0.0],
        [-0.331575,0.0,0.943429],
        [2969.96,8.46021,8948.11]
      ],
      "objLayer": 0,
      "props": []
    },
    "flt_tank_spot_14": {
      "type": "Point",
      "tm": [
        [0.891968,0.0,0.452098],
        [0.0,1.0,0.0],
        [-0.452098,0.0,0.891968],
        [3339.65,8.4673,9657.95]
      ],
      "objLayer": 0,
      "props": []
    },
    "flt_tank_spot_15": {
      "type": "Point",
      "tm": [
        [1.0,0.0,0.0],
        [0.0,1.0,0.0],
        [0.0,0.0,1.0],
        [3618.49,11.4361,10032.5]
      ],
      "objLayer": 0,
      "props": []
    },
    "flt_tank_spot_16": {
      "type": "Point",
      "tm": [
        [0.318191,0.0,0.948027],
        [0.0,1.0,0.0],
        [-0.948027,0.0,0.318191],
        [5139.8,19.2799,9587.85]
      ],
      "objLayer": 0,
      "props": []
    },
    "flt_tank_spot_17": {
      "type": "Point",
      "tm": [
        [0.00480346,0.0,-0.999988],
        [0.0,1.0,0.0],
        [0.999988,0.0,0.00480346],
        [14754.3,35.4809,9254.83]
      ],
      "objLayer": 0,
      "props": []
    },
    "flt_tank_spot_18": {
      "type": "Point",
      "tm": [
        [0.117019,0.0,-0.99313],
        [0.0,1.0,0.0],
        [0.99313,0.0,0.117019],
        [15189.4,25.7146,9305.69]
      ],
      "objLayer": 0,
      "props": []
    },
    "flt_tank_spot_19": {
      "type": "Point",
      "tm": [
        [-0.196203,0.0,-0.980563],
        [0.0,1.0,0.0],
        [0.980563,0.0,-0.196203],
        [17130.3,8.26089,9952.3]
      ],
      "objLayer": 0,
      "props": []
    },
    "flt_tank_spot_20": {
      "type": "Point",
      "tm": [
        [-0.996845,0.0,-0.079376],
        [0.0,1.0,0.0],
        [0.079376,0.0,-0.996845],
        [17982.5,12.2015,11056.7]
      ],
      "objLayer": 0,
      "props": []
    },
    "flt_tank_spot_21": {
      "type": "Point",
      "tm": [
        [-0.91415,0.0,-0.405375],
        [0.0,1.0,0.0],
        [0.405375,0.0,-0.91415],
        [11154.7,8.87823,10992.1]
      ],
      "objLayer": 0,
      "props": []
    },
    "flt_tank_spot_22": {
      "type": "Point",
      "tm": [
        [-0.978024,0.0,-0.208494],
        [0.0,1.0,0.0],
        [0.208494,0.0,-0.978024],
        [11852.0,17.2176,10752.9]
      ],
      "objLayer": 0,
      "props": []
    },
    "flt_tank_spot_23": {
      "type": "Point",
      "tm": [
        [-0.9935,0.0,0.113837],
        [0.0,1.0,0.0],
        [-0.113837,0.0,-0.9935],
        [12714.6,10.7862,9601.17]
      ],
      "objLayer": 0,
      "props": []
    },
    "flt_tank_spot_24": {
      "type": "Point",
      "tm": [
        [-0.975357,0.0,-0.220633],
        [0.0,1.0,0.0],
        [0.220633,0.0,-0.975357],
        [11875.2,14.6339,10041.5]
      ],
      "objLayer": 0,
      "props": []
    },
    "flt_tank_spot_25": {
      "type": "Point",
      "tm": [
        [0.299522,0.0,0.954089],
        [0.0,1.0,0.0],
        [-0.954089,0.0,0.299522],
        [20279.0,16.9541,14273.9]
      ],
      "objLayer": 0,
      "props": []
    },
    "flt_tank_spot_26": {
      "type": "Point",
      "tm": [
        [0.0287552,0.0,0.999586],
        [0.0,1.0,0.0],
        [-0.999586,0.0,0.0287552],
        [19872.8,15.8478,14347.8]
      ],
      "objLayer": 0,
      "props": []
    },
    "flt_tank_spot_27": {
      "type": "Point",
      "tm": [
        [0.966524,0.0,0.256577],
        [0.0,1.0,0.0],
        [-0.256577,0.0,0.966524],
        [21093.3,17.2039,15174.2]
      ],
      "objLayer": 0,
      "props": []
    },
    "flt_tank_spot_28": {
      "type": "Point",
      "tm": [
        [0.863874,0.0,0.503708],
        [0.0,1.0,0.0],
        [-0.503708,0.0,0.863874],
        [22615.1,9.58328,15346.7]
      ],
      "objLayer": 0,
      "props": []
    },
    "flt_tank_spot_29": {
      "type": "Point",
      "tm": [
        [-0.155984,0.0,0.98776],
        [0.0,1.0,0.0],
        [-0.98776,0.0,-0.155984],
        [18463.2,11.242,633.076]
      ],
      "objLayer": 0,
      "props": []
    },
    "flt_tank_spot_30": {
      "type": "Point",
      "tm": [
        [-0.86441,0.0,-0.502787],
        [0.0,1.0,0.0],
        [0.502787,0.0,-0.86441],
        [19323.0,8.88929,-95.8181]
      ],
      "objLayer": 0,
      "props": []
    },
    "flt_tank_spot_31": {
      "type": "Point",
      "tm": [
        [-0.98673,0.0,-0.162372],
        [0.0,1.0,0.0],
        [0.162372,0.0,-0.98673],
        [18786.3,7.8778,-224.603]
      ],
      "objLayer": 0,
      "props": []
    },
    "flt_tank_spot_32": {
      "type": "Point",
      "tm": [
        [-0.937496,0.0,-0.347996],
        [0.0,1.0,0.0],
        [0.347996,0.0,-0.937496],
        [18048.3,11.182,-181.937]
      ],
      "objLayer": 0,
      "props": []
    },
    "flt_tank_spot_33": {
      "type": "Point",
      "tm": [
        [0.506442,0.0,-0.862274],
        [0.0,1.0,0.0],
        [0.862274,0.0,0.506442],
        [21838.5,13.7495,-12047.6]
      ],
      "objLayer": 0,
      "props": []
    },
    "flt_tank_spot_34": {
      "type": "Point",
      "tm": [
        [0.221614,0.0,-0.975134],
        [0.0,1.0,0.0],
        [0.975134,0.0,0.221614],
        [21107.1,12.3321,-12069.5]
      ],
      "objLayer": 0,
      "props": []
    },
    "flt_tank_spot_35": {
      "type": "Point",
      "tm": [
        [-0.863621,0.0,0.504142],
        [0.0,1.0,0.0],
        [-0.504142,0.0,-0.863621],
        [23638.7,12.3543,-14097.3]
      ],
      "objLayer": 0,
      "props": []
    },
    "flt_tank_spot_36": {
      "type": "Point",
      "tm": [
        [-0.999739,0.0,0.0228397],
        [0.0,1.0,0.0],
        [-0.0228397,0.0,-0.999739],
        [23715.1,8.13429,-14563.5]
      ],
      "objLayer": 0,
      "props": []
    },
    "flt_tank_spot_37": {
      "type": "Point",
      "tm": [
        [-0.130526,0.0,-0.991445],
        [0.0,1.0,0.0],
        [0.991445,0.0,-0.130526],
        [17827.0,160.594,-7171.3]
      ],
      "objLayer": 0,
      "props": []
    },
    "flt_tank_spot_38": {
      "type": "Point",
      "tm": [
        [-0.258819,0.0,-0.965926],
        [0.0,1.0,0.0],
        [0.965926,0.0,-0.258819],
        [18565.0,156.904,-7065.29]
      ],
      "objLayer": 0,
      "props": []
    },
    "flt_tank_spot_39": {
      "type": "Point",
      "tm": [
        [-0.282429,0.0,0.959288],
        [0.0,1.0,0.0],
        [-0.959288,0.0,-0.282429],
        [19467.6,169.124,-11626.5]
      ],
      "objLayer": 0,
      "props": []
    },
    "flt_tank_spot_40": {
      "type": "Point",
      "tm": [
        [-0.699487,0.0,0.714646],
        [0.0,1.0,0.0],
        [-0.714646,0.0,-0.699487],
        [18891.0,171.094,-11458.6]
      ],
      "objLayer": 0,
      "props": []
    },
    "flt_tank_spot_41": {
      "type": "Point",
      "tm": [
        [-0.0644821,0.0,0.997919],
        [0.0,1.0,0.0],
        [-0.997919,0.0,-0.0644821],
        [21297.7,174.628,-17209.4]
      ],
      "objLayer": 0,
      "props": []
    },
    "flt_tank_spot_42": {
      "type": "Point",
      "tm": [
        [0.0809348,0.0,0.996719],
        [0.0,1.0,0.0],
        [-0.996719,0.0,0.0809348],
        [20906.0,178.821,-17273.5]
      ],
      "objLayer": 0,
      "props": []
    },
    "flt_tank_spot_43": {
      "type": "Point",
      "tm": [
        [0.0927292,0.0,-0.995691],
        [0.0,1.0,0.0],
        [0.995691,0.0,0.0927292],
        [20515.2,173.841,-16790.3]
      ],
      "objLayer": 0,
      "props": []
    },
    "flt_tank_spot_44": {
      "type": "Point",
      "tm": [
        [-0.300061,0.0,-0.95392],
        [0.0,1.0,0.0],
        [0.95392,0.0,-0.300061],
        [20204.6,169.755,-16645.1]
      ],
      "objLayer": 0,
      "props": []
    },
    "flt_tank_spot_45": {
      "type": "Point",
      "tm": [
        [-0.0671266,0.0,0.997744],
        [0.0,1.0,0.0],
        [-0.997744,0.0,-0.0671266],
        [16835.4,16.6305,-12712.1]
      ],
      "objLayer": 0,
      "props": []
    },
    "flt_tank_spot_46": {
      "type": "Point",
      "tm": [
        [-0.160051,0.0,0.987109],
        [0.0,1.0,0.0],
        [-0.987109,0.0,-0.160051],
        [16963.0,35.0658,-11904.8]
      ],
      "objLayer": 0,
      "props": []
    },
    "flt_tank_spot_47": {
      "type": "Point",
      "tm": [
        [0.0928699,0.0,0.995678],
        [0.0,1.0,0.0],
        [-0.995678,0.0,0.0928699],
        [15779.3,41.0681,-13238.2]
      ],
      "objLayer": 0,
      "props": []
    },
    "flt_tank_spot_48": {
      "type": "Point",
      "tm": [
        [-0.373973,0.0,-0.92744],
        [0.0,1.0,0.0],
        [0.92744,0.0,-0.373973],
        [17093.1,40.5939,-12692.8]
      ],
      "objLayer": 0,
      "props": []
    },
    "flt_tank_spot_49": {
      "type": "Point",
      "tm": [
        [0.0187953,0.0,-0.999823],
        [0.0,1.0,0.0],
        [0.999823,0.0,0.0187953],
        [17237.6,6.27954,-19320.1]
      ],
      "objLayer": 0,
      "props": []
    },
    "flt_tank_spot_50": {
      "type": "Point",
      "tm": [
        [-0.0885444,0.0,-0.996072],
        [0.0,1.0,0.0],
        [0.996072,0.0,-0.0885444],
        [16804.3,8.14758,-19396.6]
      ],
      "objLayer": 0,
      "props": []
    },
    "flt_tank_spot_51": {
      "type": "Point",
      "tm": [
        [0.609928,0.0,-0.792457],
        [0.0,1.0,0.0],
        [0.792457,0.0,0.609928],
        [16251.1,10.1845,-21327.3]
      ],
      "objLayer": 0,
      "props": []
    },
    "flt_tank_spot_52": {
      "type": "Point",
      "tm": [
        [0.66672,0.0,0.745309],
        [0.0,1.0,0.0],
        [-0.745309,0.0,0.66672],
        [16222.0,11.6164,-23504.7]
      ],
      "objLayer": 0,
      "props": []
    },
    "flt_tank_spot_53": {
      "type": "Point",
      "tm": [
        [0.118501,0.0,0.992954],
        [0.0,1.0,0.0],
        [-0.992954,0.0,0.118501],
        [4542.66,11.6723,-14142.0]
      ],
      "objLayer": 0,
      "props": []
    },
    "flt_tank_spot_54": {
      "type": "Point",
      "tm": [
        [-0.095833,0.0,0.995397],
        [0.0,1.0,0.0],
        [-0.995397,0.0,-0.095833],
        [3488.09,15.2711,-12901.3]
      ],
      "objLayer": 0,
      "props": []
    },
    "flt_tank_spot_55": {
      "type": "Point",
      "tm": [
        [0.00951879,0.0,0.999955],
        [0.0,1.0,0.0],
        [-0.999955,0.0,0.00951879],
        [3494.6,13.6748,-14348.8]
      ],
      "objLayer": 0,
      "props": []
    },
    "flt_tank_spot_56": {
      "type": "Point",
      "tm": [
        [0.0240153,0.0,0.999712],
        [0.0,1.0,0.0],
        [-0.999712,0.0,0.0240153],
        [3922.85,8.38222,-14301.1]
      ],
      "objLayer": 0,
      "props": []
    },
    "flt_tank_spot_57": {
      "type": "Point",
      "tm": [
        [0.343707,0.0,0.939077],
        [0.0,1.0,0.0],
        [-0.939077,0.0,0.343707],
        [390.009,53.3368,-18493.4]
      ],
      "objLayer": 0,
      "props": []
    },
    "flt_tank_spot_58": {
      "type": "Point",
      "tm": [
        [0.572618,0.0,0.819822],
        [0.0,1.0,0.0],
        [-0.819822,0.0,0.572618],
        [-67.6865,15.1543,-18276.0]
      ],
      "objLayer": 0,
      "props": []
    },
    "flt_tank_spot_59": {
      "type": "Point",
      "tm": [
        [-0.977411,0.0,-0.211346],
        [0.0,1.0,0.0],
        [0.211346,0.0,-0.977411],
        [-1729.73,23.6606,-18661.1]
      ],
      "objLayer": 0,
      "props": []
    },
    "flt_tank_spot_60": {
      "type": "Point",
      "tm": [
        [-0.919928,0.0,-0.392088],
        [0.0,1.0,0.0],
        [0.392088,0.0,-0.919928],
        [-1754.27,15.7379,-18504.9]
      ],
      "objLayer": 0,
      "props": []
    },
    "flt_tank_spot_61": {
      "type": "Point",
      "tm": [
        [0.524481,0.0,0.851422],
        [0.0,1.0,0.0],
        [-0.851422,0.0,0.524481],
        [-6296.74,10.0417,-22482.8]
      ],
      "objLayer": 0,
      "props": []
    },
    "flt_tank_spot_62": {
      "type": "Point",
      "tm": [
        [0.289977,0.0,0.957034],
        [0.0,1.0,0.0],
        [-0.957034,0.0,0.289977],
        [-7148.88,9.45007,-23297.5]
      ],
      "objLayer": 0,
      "props": []
    },
    "flt_tank_spot_63": {
      "type": "Point",
      "tm": [
        [-0.144232,0.0,-0.989544],
        [0.0,1.0,0.0],
        [0.989544,0.0,-0.144232],
        [-6726.71,7.83046,-21359.4]
      ],
      "objLayer": 0,
      "props": []
    },
    "flt_tank_spot_64": {
      "type": "Point",
      "tm": [
        [-0.0450932,0.0,-0.998983],
        [0.0,1.0,0.0],
        [0.998983,0.0,-0.0450932],
        [-7748.24,6.94067,-21177.9]
      ],
      "objLayer": 0,
      "props": []
    },
    "flt_tank_spot_65": {
      "type": "Point",
      "tm": [
        [0.000436858,0.0,1.0],
        [0.0,1.0,0.0],
        [-1.0,0.0,0.000436858],
        [-15938.7,10.2629,-15008.6]
      ],
      "objLayer": 0,
      "props": []
    },
    "flt_tank_spot_66": {
      "type": "Point",
      "tm": [
        [0.200066,0.0,0.979782],
        [0.0,1.0,0.0],
        [-0.979782,0.0,0.200066],
        [-16679.2,7.60669,-14685.9]
      ],
      "objLayer": 0,
      "props": []
    },
    "flt_tank_spot_67": {
      "type": "Point",
      "tm": [
        [0.109167,0.0,-0.994023],
        [0.0,1.0,0.0],
        [0.994023,0.0,0.109167],
        [-17400.2,8.41292,-13623.2]
      ],
      "objLayer": 0,
      "props": []
    },
    "flt_tank_spot_68": {
      "type": "Point",
      "tm": [
        [0.498123,0.0,-0.867106],
        [0.0,1.0,0.0],
        [0.867106,0.0,0.498123],
        [-17953.0,16.8952,-13623.2]
      ],
      "objLayer": 0,
      "props": []
    },
    "flt_tank_spot_69": {
      "type": "Point",
      "tm": [
        [0.173648,0.0,0.984808],
        [0.0,1.0,0.0],
        [-0.984808,0.0,0.173648],
        [-21091.0,8.27524,-14330.2]
      ],
      "objLayer": 0,
      "props": []
    },
    "flt_tank_spot_70": {
      "type": "Point",
      "tm": [
        [-0.19826,0.0,0.980149],
        [0.0,1.0,0.0],
        [-0.980149,0.0,-0.19826],
        [-21500.6,11.8459,-14038.9]
      ],
      "objLayer": 0,
      "props": []
    },
    "flt_tank_spot_71": {
      "type": "Point",
      "tm": [
        [0.978518,0.0,0.20616],
        [0.0,1.0,0.0],
        [-0.20616,0.0,0.978518],
        [-21954.3,32.0433,-14542.6]
      ],
      "objLayer": 0,
      "props": []
    },
    "flt_tank_spot_72": {
      "type": "Point",
      "tm": [
        [0.986615,0.0,0.163069],
        [0.0,1.0,0.0],
        [-0.163069,0.0,0.986615],
        [-21938.2,40.9698,-14845.7]
      ],
      "objLayer": 0,
      "props": []
    },
    "flt_tank_spot_73": {
      "type": "Point",
      "tm": [
        [-0.99292,0.0,-0.118787],
        [0.0,1.0,0.0],
        [0.118787,0.0,-0.99292],
        [-17859.8,7.4714,-8398.57]
      ],
      "objLayer": 0,
      "props": []
    },
    "flt_tank_spot_74": {
      "type": "Point",
      "tm": [
        [-0.910336,0.0,0.41387],
        [0.0,1.0,0.0],
        [-0.41387,0.0,-0.910336],
        [-18239.7,14.7012,-9195.05]
      ],
      "objLayer": 0,
      "props": []
    },
    "flt_tank_spot_75": {
      "type": "Point",
      "tm": [
        [0.459893,0.0,-0.887974],
        [0.0,1.0,0.0],
        [0.887974,0.0,0.459893],
        [-20650.5,11.8228,-6947.22]
      ],
      "objLayer": 0,
      "props": []
    },
    "flt_tank_spot_76": {
      "type": "Point",
      "tm": [
        [0.124089,0.0,-0.992271],
        [0.0,1.0,0.0],
        [0.992271,0.0,0.124089],
        [-20469.2,12.3476,-6539.26]
      ],
      "objLayer": 0,
      "props": []
    },
    "flt_tank_spot_77": {
      "type": "Point",
      "tm": [
        [0.601513,0.0,0.798863],
        [0.0,1.0,0.0],
        [-0.798863,0.0,0.601513],
        [-18693.8,5.13685,2974.64]
      ],
      "objLayer": 0,
      "props": []
    },
    "flt_tank_spot_78": {
      "type": "Point",
      "tm": [
        [0.0342961,0.0,0.999412],
        [0.0,1.0,0.0],
        [-0.999412,0.0,0.0342961],
        [-19024.0,10.2946,3242.1]
      ],
      "objLayer": 0,
      "props": []
    },
    "flt_tank_spot_79": {
      "type": "Point",
      "tm": [
        [0.895386,0.0,0.445291],
        [0.0,1.0,0.0],
        [-0.445291,0.0,0.895386],
        [-18779.3,17.1459,4645.98]
      ],
      "objLayer": 0,
      "props": []
    },
    "flt_tank_spot_80": {
      "type": "Point",
      "tm": [
        [0.143083,0.0,-0.989711],
        [0.0,1.0,0.0],
        [0.989711,0.0,0.143083],
        [-17583.4,8.26308,4212.19]
      ],
      "objLayer": 0,
      "props": []
    },
    "flt_tank_spot_81": {
      "type": "Point",
      "tm": [
        [-0.153168,0.0,-0.9882],
        [0.0,1.0,0.0],
        [0.9882,0.0,-0.153168],
        [-13899.8,76.0926,-2912.46]
      ],
      "objLayer": 0,
      "props": []
    },
    "flt_tank_spot_82": {
      "type": "Point",
      "tm": [
        [0.669638,0.0,0.742688],
        [0.0,1.0,0.0],
        [-0.742688,0.0,0.669638],
        [-13433.8,18.9183,-3000.43]
      ],
      "objLayer": 0,
      "props": []
    },
    "flt_tank_spot_83": {
      "type": "Point",
      "tm": [
        [-0.0166791,0.0,0.999861],
        [0.0,1.0,0.0],
        [-0.999861,0.0,-0.0166791],
        [-12862.7,12.5486,-2720.09]
      ],
      "objLayer": 0,
      "props": []
    },
    "flt_tank_spot_84": {
      "type": "Point",
      "tm": [
        [-0.868845,0.0,0.495084],
        [0.0,1.0,0.0],
        [-0.495084,0.0,-0.868845],
        [-12338.5,9.09354,-3653.0]
      ],
      "objLayer": 0,
      "props": []
    },
    "flt_tank_spot_85": {
      "type": "Point",
      "tm": [
        [0.297877,0.0,-0.954604],
        [0.0,1.0,0.0],
        [0.954604,0.0,0.297877],
        [-13557.7,8.14622,-7861.43]
      ],
      "objLayer": 0,
      "props": []
    },
    "flt_tank_spot_86": {
      "type": "Point",
      "tm": [
        [-0.0324165,0.0,-0.999474],
        [0.0,1.0,0.0],
        [0.999474,0.0,-0.0324165],
        [-12985.5,9.60572,-8238.12]
      ],
      "objLayer": 0,
      "props": []
    },
    "flt_tank_spot_87": {
      "type": "Point",
      "tm": [
        [0.00839064,0.0,0.999965],
        [0.0,1.0,0.0],
        [-0.999965,0.0,0.00839064],
        [-13918.0,10.6395,-8254.9]
      ],
      "objLayer": 0,
      "props": []
    },
    "flt_tank_spot_88": {
      "type": "Point",
      "tm": [
        [-0.549781,0.0,0.835309],
        [0.0,1.0,0.0],
        [-0.835309,0.0,-0.549781],
        [-13412.0,23.7541,-8721.07]
      ],
      "objLayer": 0,
      "props": []
    },
    "flt_tank_spot_89": {
      "type": "Point",
      "tm": [
        [0.00833688,0.0,-0.999965],
        [0.0,1.0,0.0],
        [0.999965,0.0,0.00833688],
        [-8767.67,10.5109,-3745.0]
      ],
      "objLayer": 0,
      "props": []
    },
    "flt_tank_spot_90": {
      "type": "Point",
      "tm": [
        [-0.209047,0.0,0.977906],
        [0.0,1.0,0.0],
        [-0.977906,0.0,-0.209047],
        [-8461.76,7.8957,-3717.39]
      ],
      "objLayer": 0,
      "props": []
    },
    "flt_tank_spot_91": {
      "type": "Point",
      "tm": [
        [0.243328,0.0,0.969944],
        [0.0,1.0,0.0],
        [-0.969944,0.0,0.243328],
        [-8480.03,10.7577,-4407.13]
      ],
      "objLayer": 0,
      "props": []
    },
    "flt_tank_spot_92": {
      "type": "Point",
      "tm": [
        [0.00449687,0.0,-0.99999],
        [0.0,1.0,0.0],
        [0.99999,0.0,0.00449687],
        [-7763.88,15.8573,-3901.38]
      ],
      "objLayer": 0,
      "props": []
    },
    "flt_tank_spot_93": {
      "type": "Point",
      "tm": [
        [-0.0283739,0.0,-0.999597],
        [0.0,1.0,0.0],
        [0.999597,0.0,-0.0283739],
        [-8160.21,7.68198,798.819]
      ],
      "objLayer": 0,
      "props": []
    },
    "flt_tank_spot_94": {
      "type": "Point",
      "tm": [
        [-0.108168,0.0,-0.994133],
        [0.0,1.0,0.0],
        [0.994133,0.0,-0.108168],
        [-7746.13,7.64919,346.265]
      ],
      "objLayer": 0,
      "props": []
    },
    "flt_tank_spot_95": {
      "type": "Point",
      "tm": [
        [-0.062225,0.0,-0.998062],
        [0.0,1.0,0.0],
        [0.998062,0.0,-0.062225],
        [-7149.53,7.75194,1236.06]
      ],
      "objLayer": 0,
      "props": []
    },
    "flt_tank_spot_96": {
      "type": "Point",
      "tm": [
        [-0.182911,0.0,-0.98313],
        [0.0,1.0,0.0],
        [0.98313,0.0,-0.182911],
        [-6354.81,9.18347,2013.93]
      ],
      "objLayer": 0,
      "props": []
    },
    "flt_tank_spot_97": {
      "type": "Point",
      "tm": [
        [0.730655,0.0,-0.682747],
        [0.0,1.0,0.0],
        [0.682747,0.0,0.730655],
        [-20179.1,23.4351,14216.1]
      ],
      "objLayer": 0,
      "props": []
    },
    "flt_tank_spot_98": {
      "type": "Point",
      "tm": [
        [0.59734,0.0,-0.801988],
        [0.0,1.0,0.0],
        [0.801988,0.0,0.59734],
        [-19362.7,7.51192,14276.7]
      ],
      "objLayer": 0,
      "props": []
    },
    "flt_tank_spot_99": {
      "type": "Point",
      "tm": [
        [0.179831,0.0,0.983698],
        [0.0,1.0,0.0],
        [-0.983698,0.0,0.179831],
        [-17990.7,8.47318,12488.6]
      ],
      "objLayer": 0,
      "props": []
    },
    "flt_tank_spot_100": {
      "type": "Point",
      "tm": [
        [0.16788,0.0,0.985807],
        [0.0,1.0,0.0],
        [-0.985807,0.0,0.16788],
        [-16989.7,7.93875,13391.8]
      ],
      "objLayer": 0,
      "props": []
    },
    "flt_tank_spot_101": {
      "type": "Point",
      "tm": [
        [0.0359297,0.0,0.999354],
        [0.0,1.0,0.0],
        [-0.999354,0.0,0.0359297],
        [-14935.9,9.02245,13411.6]
      ],
      "objLayer": 0,
      "props": []
    },
    "flt_tank_spot_102": {
      "type": "Point",
      "tm": [
        [0.312742,0.0,-0.949838],
        [0.0,1.0,0.0],
        [0.949838,0.0,0.312742],
        [-14574.8,7.4929,13606.8]
      ],
      "objLayer": 0,
      "props": []
    },
    "flt_tank_spot_103": {
      "type": "Point",
      "tm": [
        [-0.56705,0.0,-0.823684],
        [0.0,1.0,0.0],
        [0.823684,0.0,-0.56705],
        [-12287.4,7.77686,15567.9]
      ],
      "objLayer": 0,
      "props": []
    },
    "flt_tank_spot_104": {
      "type": "Point",
      "tm": [
        [0.0470975,0.0,0.99889],
        [0.0,1.0,0.0],
        [-0.99889,0.0,0.0470975],
        [-11842.7,9.77963,13531.4]
      ],
      "objLayer": 0,
      "props": []
    },
    "flt_tank_spot_105": {
      "type": "Point",
      "tm": [
        [0.296747,0.0,0.954956],
        [0.0,1.0,0.0],
        [-0.954956,0.0,0.296747],
        [-8505.27,10.5349,12910.9]
      ],
      "objLayer": 0,
      "props": []
    },
    "flt_tank_spot_106": {
      "type": "Point",
      "tm": [
        [0.950162,0.0,0.311756],
        [0.0,1.0,0.0],
        [-0.311756,0.0,0.950162],
        [-8959.43,10.3186,13766.5]
      ],
      "objLayer": 0,
      "props": []
    },
    "flt_tank_spot_107": {
      "type": "Point",
      "tm": [
        [0.785313,0.0,-0.619099],
        [0.0,1.0,0.0],
        [0.619099,0.0,0.785313],
        [-7947.35,6.60169,13119.1]
      ],
      "objLayer": 0,
      "props": []
    },
    "flt_tank_spot_108": {
      "type": "Point",
      "tm": [
        [0.0339179,0.0,0.999425],
        [0.0,1.0,0.0],
        [-0.999425,0.0,0.0339179],
        [-8210.08,76.2615,12142.8]
      ],
      "objLayer": 0,
      "props": []
    },
    "flt_tank_spot_109": {
      "type": "Point",
      "tm": [
        [0.0386909,0.0,0.999251],
        [0.0,1.0,0.0],
        [-0.999251,0.0,0.0386909],
        [-1604.64,7.72197,15660.8]
      ],
      "objLayer": 0,
      "props": []
    },
    "flt_tank_spot_110": {
      "type": "Point",
      "tm": [
        [0.432846,0.0,0.901468],
        [0.0,1.0,0.0],
        [-0.901468,0.0,0.432846],
        [-2259.99,10.7038,15296.6]
      ],
      "objLayer": 0,
      "props": []
    },
    "flt_tank_spot_111": {
      "type": "Point",
      "tm": [
        [1.0,0.0,0.0],
        [0.0,1.0,0.0],
        [0.0,0.0,1.0],
        [-1865.91,12.647,14699.8]
      ],
      "objLayer": 0,
      "props": []
    },
    "flt_tank_spot_112": {
      "type": "Point",
      "tm": [
        [0.905502,0.0,0.424342],
        [0.0,1.0,0.0],
        [-0.424342,0.0,0.905502],
        [-982.501,8.71696,15602.0]
      ],
      "objLayer": 0,
      "props": []
    },
    "flt_tank_spot_113": {
      "type": "Point",
      "tm": [
        [0.829549,0.0,0.558434],
        [0.0,1.0,0.0],
        [-0.558434,0.0,0.829549],
        [-1195.67,7.75719,22220.8]
      ],
      "objLayer": 0,
      "props": []
    },
    "flt_tank_spot_114": {
      "type": "Point",
      "tm": [
        [0.957306,0.0,0.289075],
        [0.0,1.0,0.0],
        [-0.289075,0.0,0.957306],
        [-846.228,8.81891,21248.3]
      ],
      "objLayer": 0,
      "props": []
    },
    "flt_tank_spot_115": {
      "type": "Point",
      "tm": [
        [-0.990668,0.0,-0.136298],
        [0.0,1.0,0.0],
        [0.136298,0.0,-0.990668],
        [1347.53,24.3695,21993.3]
      ],
      "objLayer": 0,
      "props": []
    },
    "flt_tank_spot_116": {
      "type": "Point",
      "tm": [
        [-1.0,0.0,-2.08616e-07],
        [0.0,1.0,0.0],
        [2.08616e-07,0.0,-1.0],
        [380.261,6.85794,21429.3]
      ],
      "objLayer": 0,
      "props": []
    },
    "flt_tank_spot_117": {
      "type": "Point",
      "tm": [
        [0.305072,0.0,-0.952329],
        [0.0,1.0,0.0],
        [0.952329,0.0,0.305072],
        [6712.06,9.97839,16767.0]
      ],
      "objLayer": 0,
      "props": []
    },
    "flt_tank_spot_118": {
      "type": "Point",
      "tm": [
        [0.936698,0.0,-0.350139],
        [0.0,1.0,0.0],
        [0.350139,0.0,0.936698],
        [6999.44,10.5826,16862.8]
      ],
      "objLayer": 0,
      "props": []
    },
    "flt_tank_spot_119": {
      "type": "Point",
      "tm": [
        [-0.73684,0.0,0.676067],
        [0.0,1.0,0.0],
        [-0.676067,0.0,-0.73684],
        [13538.6,7.70056,17697.8]
      ],
      "objLayer": 0,
      "props": []
    },
    "flt_tank_spot_120": {
      "type": "Point",
      "tm": [
        [-0.605454,0.0,-0.79588],
        [0.0,1.0,0.0],
        [0.79588,0.0,-0.605454],
        [13106.0,15.6292,18098.2]
      ],
      "objLayer": 0,
      "props": []
    },
    "flt_tank_spot_121": {
      "type": "Point",
      "tm": [
        [1.0,0.0,0.0],
        [0.0,1.0,0.0],
        [0.0,0.0,1.0],
        [11884.4,9.05912,13113.5]
      ],
      "objLayer": 0,
      "props": []
    },
    "flt_tank_spot_122": {
      "type": "Point",
      "tm": [
        [1.0,0.0,0.0],
        [0.0,1.0,0.0],
        [0.0,0.0,1.0],
        [12149.2,8.58426,13782.2]
      ],
      "objLayer": 0,
      "props": []
    },
    "flt_tank_spot_123": {
      "type": "Point",
      "tm": [
        [0.576336,0.0,-0.817213],
        [0.0,1.0,0.0],
        [0.817213,0.0,0.576336],
        [12660.9,12.5031,14117.1]
      ],
      "objLayer": 0,
      "props": []
    },
    "flt_tank_spot_124": {
      "type": "Point",
      "tm": [
        [0.952264,0.0,0.305275],
        [0.0,1.0,0.0],
        [-0.305275,0.0,0.952264],
        [12970.5,20.9385,13244.1]
      ],
      "objLayer": 0,
      "props": []
    },
    "flt_tank_spot_125": {
      "type": "Point",
      "tm": [
        [-0.0357628,0.0,-0.99936],
        [0.0,1.0,0.0],
        [0.99936,0.0,-0.0357628],
        [9252.11,8.9987,24174.4]
      ],
      "objLayer": 0,
      "props": []
    },
    "flt_tank_spot_126": {
      "type": "Point",
      "tm": [
        [0.341426,0.0,-0.939909],
        [0.0,1.0,0.0],
        [0.939909,0.0,0.341426],
        [8979.62,10.8108,23824.9]
      ],
      "objLayer": 0,
      "props": []
    },
    "flt_tank_spot_127": {
      "type": "Point",
      "tm": [
        [-0.0296842,0.0,-0.999559],
        [0.0,1.0,0.0],
        [0.999559,0.0,-0.0296842],
        [9654.13,13.5279,24760.3]
      ],
      "objLayer": 0,
      "props": []
    },
    "flt_tank_spot_128": {
      "type": "Point",
      "tm": [
        [-0.141771,0.0,-0.989899],
        [0.0,1.0,0.0],
        [0.989899,0.0,-0.141771],
        [9637.75,7.83146,23592.1]
      ],
      "objLayer": 0,
      "props": []
    },
    "flt_tank_spot_129": {
      "type": "Point",
      "tm": [
        [1.0,0.0,0.0],
        [0.0,1.0,0.0],
        [0.0,0.0,1.0],
        [23739.9,172.473,24347.3]
      ],
      "objLayer": 0,
      "props": []
    },
    "flt_tank_spot_130": {
      "type": "Point",
      "tm": [
        [0.982021,0.0,0.188774],
        [0.0,1.0,0.0],
        [-0.188774,0.0,0.982021],
        [23771.2,174.817,24972.1]
      ],
      "objLayer": 0,
      "props": []
    },
    "flt_tank_spot_131": {
      "type": "Point",
      "tm": [
        [-0.93927,0.0,-0.343179],
        [0.0,1.0,0.0],
        [0.343179,0.0,-0.93927],
        [22120.6,157.656,24085.6]
      ],
      "objLayer": 0,
      "props": []
    },
    "flt_tank_spot_132": {
      "type": "Point",
      "tm": [
        [-0.996561,0.0,-0.0828578],
        [0.0,1.0,0.0],
        [0.0828578,0.0,-0.996561],
        [20980.0,130.19,23348.3]
      ],
      "objLayer": 0,
      "props": []
    },
    "flt_tank_spot_133": {
      "type": "Point",
      "tm": [
        [-0.999971,0.0,-0.00765723],
        [0.0,1.0,0.0],
        [0.00765723,0.0,-0.999971],
        [18454.3,7.06844,24478.6]
      ],
      "objLayer": 0,
      "props": []
    },
    "flt_tank_spot_134": {
      "type": "Point",
      "tm": [
        [-1.0,0.0,-2.08616e-07],
        [0.0,1.0,0.0],
        [2.08616e-07,0.0,-1.0],
        [18537.9,43.4322,23774.6]
      ],
      "objLayer": 0,
      "props": []
    },
    "flt_tank_spot_135": {
      "type": "Point",
      "tm": [
        [1.0,0.0,0.0],
        [0.0,1.0,0.0],
        [0.0,0.0,1.0],
        [15920.2,8.14336,24081.7]
      ],
      "objLayer": 0,
      "props": []
    },
    "flt_tank_spot_136": {
      "type": "Point",
      "tm": [
        [1.0,0.0,0.0],
        [0.0,1.0,0.0],
        [0.0,0.0,1.0],
        [15949.1,10.8041,23402.9]
      ],
      "objLayer": 0,
      "props": []
    },
    "flt_tank_spot_137": {
      "type": "Point",
      "tm": [
        [0.975601,0.0,0.219549],
        [0.0,1.0,0.0],
        [-0.219549,0.0,0.975601],
        [15346.8,13.4325,22300.8]
      ],
      "objLayer": 0,
      "props": []
    },
    "flt_tank_spot_138": {
      "type": "Point",
      "tm": [
        [1.0,0.0,0.0],
        [0.0,1.0,0.0],
        [0.0,0.0,1.0],
        [15610.5,19.5681,21267.9]
      ],
      "objLayer": 0,
      "props": []
    },
    "flt_tank_spot_139": {
      "type": "Point",
      "tm": [
        [0.240485,0.0,0.970653],
        [0.0,1.0,0.0],
        [-0.970653,0.0,0.240485],
        [14133.9,15.6308,20443.4]
      ],
      "objLayer": 0,
      "props": []
    },
    "flt_tank_spot_140": {
      "type": "Point",
      "tm": [
        [0.970973,0.0,-0.239189],
        [0.0,1.0,0.0],
        [0.239189,0.0,0.970973],
        [14254.3,13.4091,20372.0]
      ],
      "objLayer": 0,
      "props": []
    },
    "flt_tank_spot_141": {
      "type": "Point",
      "tm": [
        [-0.97875,0.0,-0.205059],
        [0.0,1.0,0.0],
        [0.205059,0.0,-0.97875],
        [-19941.7,7.91103,24059.2]
      ],
      "objLayer": 0,
      "props": []
    },
    "flt_tank_spot_142": {
      "type": "Point",
      "tm": [
        [-0.979475,0.0,-0.201566],
        [0.0,1.0,0.0],
        [0.201566,0.0,-0.979475],
        [-19914.0,7.37406,24369.0]
      ],
      "objLayer": 0,
      "props": []
    },
    "flt_tank_spot_143": {
      "type": "Point",
      "tm": [
        [0.978331,0.0,0.207049],
        [0.0,1.0,0.0],
        [-0.207049,0.0,0.978331],
        [-21324.7,7.76643,23958.5]
      ],
      "objLayer": 0,
      "props": []
    },
    "flt_tank_spot_144": {
      "type": "Point",
      "tm": [
        [1.0,0.0,0.0],
        [0.0,1.0,0.0],
        [0.0,0.0,1.0],
        [-21363.6,10.3218,23327.0]
      ],
      "objLayer": 0,
      "props": []
    },
    "flt_tank_spot_145": {
      "type": "Point",
      "tm": [
        [-0.0661505,0.0,-0.99781],
        [0.0,1.0,0.0],
        [0.99781,0.0,-0.0661505],
        [-23705.1,19.3099,-1953.85]
      ],
      "objLayer": 0,
      "props": []
    },
    "flt_tank_spot_146": {
      "type": "Point",
      "tm": [
        [-0.999266,0.0,0.0383202],
        [0.0,1.0,0.0],
        [-0.0383202,0.0,-0.999266],
        [-23343.9,19.7034,-2280.15]
      ],
      "objLayer": 0,
      "props": []
    },
    "flt_tank_spot_147": {
      "type": "Point",
      "tm": [
        [0.875571,0.0,0.48309],
        [0.0,1.0,0.0],
        [-0.48309,0.0,0.875571],
        [-23675.7,7.53122,-3349.38]
      ],
      "objLayer": 0,
      "props": []
    },
    "flt_tank_spot_148": {
      "type": "Point",
      "tm": [
        [1.0,0.0,0.0],
        [0.0,1.0,0.0],
        [0.0,0.0,1.0],
        [-24026.5,7.56484,-3290.23]
      ],
      "objLayer": 0,
      "props": []
    },
    "flt_tank_spot_149": {
      "type": "Point",
      "tm": [
        [0.0931629,0.0,-0.995651],
        [0.0,1.0,0.0],
        [0.995651,0.0,0.0931629],
        [-14893.9,123.217,-17961.0]
      ],
      "objLayer": 0,
      "props": []
    },
    "flt_tank_spot_150": {
      "type": "Point",
      "tm": [
        [0.318984,0.0,-0.94776],
        [0.0,1.0,0.0],
        [0.94776,0.0,0.318984],
        [-14614.1,156.929,-18999.4]
      ],
      "objLayer": 0,
      "props": []
    },
    "flt_tank_spot_151": {
      "type": "Point",
      "tm": [
        [0.239936,0.0,-0.970789],
        [0.0,1.0,0.0],
        [0.970789,0.0,0.239936],
        [-15636.2,146.33,-17989.4]
      ],
      "objLayer": 0,
      "props": []
    },
    "flt_tank_spot_152": {
      "type": "Point",
      "tm": [
        [0.264846,0.0,-0.964291],
        [0.0,1.0,0.0],
        [0.964291,0.0,0.264846],
        [-16658.1,172.979,-18044.1]
      ],
      "objLayer": 0,
      "props": []
    },
    "flt_tank_spot_153": {
      "type": "Point",
      "tm": [
        [-0.974108,0.0,-0.226082],
        [0.0,1.0,0.0],
        [0.226082,0.0,-0.974108],
        [-7809.85,22.4297,-15885.9]
      ],
      "objLayer": 0,
      "props": []
    },
    "flt_tank_spot_154": {
      "type": "Point",
      "tm": [
        [-0.99499,0.0,-0.0999713],
        [0.0,1.0,0.0],
        [0.0999713,0.0,-0.99499],
        [-7166.45,11.213,-16895.2]
      ],
      "objLayer": 0,
      "props": []
    },
    "flt_tank_spot_155": {
      "type": "Point",
      "tm": [
        [-0.565136,0.0,0.824998],
        [0.0,1.0,0.0],
        [-0.824998,0.0,-0.565136],
        [-22626.7,75.3627,-19063.7]
      ],
      "objLayer": 0,
      "props": []
    },
    "flt_tank_spot_156": {
      "type": "Point",
      "tm": [
        [-0.615622,0.0,0.788042],
        [0.0,1.0,0.0],
        [-0.788042,0.0,-0.615622],
        [-23121.9,77.0605,-18884.4]
      ],
      "objLayer": 0,
      "props": []
    }
  },
  "objLayers": [
    {
      "layer": {
        "enabled": true
      }
    },
    {
      "layer": {
        "enabled": true
      }
    },
    {
      "layer": {
        "enabled": true
      }
    },
    {
      "layer": {
        "enabled": true
      }
    }
  ],
  "wayPoints": {
    "flt_tank_road_01": {
      "closed_waypoints": false,
      "isShipSpline": false,
      "shipTurnRadius": 100.0,
      "way": {
        "flt_tank_road_01_wp_01": {
          "type": "normal",
          "tm": [
            [1.0,0.0,0.0],
            [0.0,1.0,0.0],
            [0.0,0.0,1.0],
            [5038.61,7.95123,-9086.95]
          ],
          "props": {
            "speed": 30.0,
            "tas": false,
            "moveType": "GATHER_TO",
            "shouldKeepFormation": false,
            "canUsePathFinder": false
          }
        },
        "flt_tank_road_01_wp_02": {
          "type": "normal",
          "tm": [
            [1.0,0.0,0.0],
            [0.0,1.0,0.0],
            [0.0,0.0,1.0],
