{
  "selected_tag": "",
  "bin_dump_file": "",
  "mission_settings": {
    "player": {
      "army": 1
    },
    "player_teamB": {
      "army": 2
    },
    "mission": {
      "level": "levels/air_smolensk.bin",
      "type": "domination",
      "environment": "Day",
      "weather": "hazy",
      "restoreType": "attempts",
      "optionalTakeOff": false
    }
  },
  "imports": {},
  "triggers": {
    "isCategory": true,
    "is_enabled": true
  },
  "mission_objectives": {
    "isCategory": true,
    "is_enabled": true
  },
  "variables": {},
  "dialogs": {},
  "airfields": {},
  "effects": {},
  "units": {
    "objectGroups": [
      {
        "name": "bdt_t2_bomb_object_01",
        "tm": [
          [
            -0.976364,
            0.0,
            -0.216124
          ],
          [
            0.0,
            1.0,
            0.0
          ],
          [
            0.216124,
            0.0,
            -0.976364
          ],
          [
            8330.85,
            62.1,
            1043.85
          ]
        ],
        "unit_class": "dynBase_hq_camp_square",
        "objLayer": 2,
        "props": {
          "army": 2,
          "active": false
        }
      },
      {
        "name": "bdt_t2_bomb_object_02",
        "tm": [
          [
            -0.91601,
            0.0,
            0.401161
          ],
          [
            0.0,
            1.0,
            0.0
          ],
          [
            -0.401161,
            0.0,
            -0.91601
          ],
          [
            -942.1,
            32.6,
            5017.9
          ]
        ],
        "unit_class": "dynBase_fuel_storage_square",
        "objLayer": 2,
        "props": {
          "army": 2,
          "active": false
        }
      },
      {
        "name": "bdt_t2_bomb_object_03",
        "tm": [
          [
            -0.150409,
            0.0,
            -0.988626
          ],
          [
            0.0,
            1.0,
            0.0
          ],
          [
            0.988626,
            0.0,
            -0.150409
          ],
          [
            -4455.1,
            46.15,
            3802.6
          ]
        ],
        "unit_class": "dynBase_oil_storage_small_square",
        "objLayer": 2,
        "props": {
          "army": 2,
          "active": false
        }
      },
      {
        "name": "bdt_t1_bomb_object_01",
        "tm": [
          [
            -0.7887,
            0.0,
            -0.614777
          ],
          [
            0.0,
            1.0,
            0.0
          ],
          [
            0.614777,
            0.0,
            -0.7887
          ],
          [
            -595.8,
            48.9,
            -16270.1
          ]
        ],
        "unit_class": "dynBase_fuel_storage_square",
        "objLayer": 2,
        "props": {
          "army": 1,
          "active": false
        }
      },
      {
        "name": "bdt_t1_bomb_object_02",
        "tm": [
          [
            -0.166152,
            0.0,
            -0.986099
          ],
          [
            0.0,
            1.0,
            0.0
          ],
          [
            0.986099,
            0.0,
            -0.166152
          ],
          [
            5162.4,
            43.75,
            -11585.5
          ]
        ],
        "unit_class": "dynBase_small_factory_square",
        "objLayer": 2,
        "props": {
          "army": 1,
          "active": false
        }
      },
      {
        "name": "bdt_t1_bomb_object_03",
        "tm": [
          [
            -0.0621891,
            0.0,
            -0.998064
          ],
          [
            0.0,
            1.0,
            0.0
          ],
          [
            0.998064,
            0.0,
            -0.0621891
          ],
          [
            -6997.45,
            63.1,
            -9653.75
          ]
        ],
        "unit_class": "dynBase_oil_storage_small_square",
        "objLayer": 2,
        "props": {
          "army": 1,
          "active": false
        }
      },
      {
        "name": "bdt_t2_bomb_object_04",
        "tm": [
          [
            -0.675826,
            0.0,
            -0.737062
          ],
          [
            0.0,
            1.0,
            0.0
          ],
          [
            0.737062,
            0.0,
            -0.675826
          ],
          [
            11498.8,
            56.7,
            1376.95
          ]
        ],
        "unit_class": "dynBase_small_factory_square",
        "objLayer": 2,
        "props": {
          "army": 2,
          "active": false
        }
      },
      {
        "name": "bdt_t1_bomb_object_04",
        "tm": [
          [
            -0.407581,
            0.0,
            -0.913169
          ],
          [
            0.0,
            1.0,
            0.0
          ],
          [
            0.913169,
            0.0,
            -0.407581
          ],
          [
            -8585.65,
            87.9,
            -1616.0
          ]
        ],
        "unit_class": "dynBase_field_camp_square",
        "objLayer": 2,
        "props": {
          "army": 1,
          "active": false
        }
      },
      {
        "name": "bdt_t1_bomb_object_05",
        "tm": [
          [
            -0.407581,
            0.0,
            -0.913169
          ],
          [
            0.0,
            1.0,
            0.0
          ],
          [
            0.913169,
            0.0,
            -0.407581
          ],
          [
            -9160.65,
            48.85,
            -5727.1
          ]
        ],
        "unit_class": "dynBase_military_base_square",
        "objLayer": 2,
        "props": {
          "army": 1,
          "active": false
        }
      },
      {
        "name": "bdt_t1_bomb_object_06",
        "tm": [
          [
            -0.407581,
            0.0,
            -0.913169
          ],
          [
            0.0,
            1.0,
            0.0
          ],
          [
            0.913169,
            0.0,
            -0.407581
          ],
          [
            -10565.2,
            53.7,
            -9637.35
          ]
        ],
        "unit_class": "dynBase_oil_storage_large_square",
        "objLayer": 2,
        "props": {
          "army": 1,
          "active": false
        }
      },
      {
        "name": "bdt_t1_bomb_object_07",
        "tm": [
          [
            -0.407581,
            0.0,
            -0.913169
          ],
          [
            0.0,
            1.0,
            0.0
          ],
          [
            0.913169,
            0.0,
            -0.407581
          ],
          [
            -12025.0,
            40.8,
            -5972.65
          ]
        ],
        "unit_class": "dynBase_oil_storage_large_square",
        "objLayer": 2,
        "props": {
          "army": 1,
          "active": false
        }
      },
      {
        "name": "bdt_t1_bomb_object_08",
        "tm": [
          [
            -0.7887,
            0.0,
            -0.614777
          ],
          [
            0.0,
            1.0,
            0.0
          ],
          [
            0.614777,
            0.0,
            -0.7887
          ],
          [
            2092.8,
            38.2,
            -13022.0
          ]
        ],
        "unit_class": "dynBase_small_factory_square",
        "objLayer": 2,
        "props": {
          "army": 1,
          "active": false
        }
      },
      {
        "name": "bdt_t1_bomb_object_09",
        "tm": [
          [
            -0.7887,
            0.0,
            -0.614777
          ],
          [
            0.0,
            1.0,
            0.0
          ],
          [
            0.614777,
            0.0,
            -0.7887
          ],
          [
            -2971.4,
            63.45,
            -12571.6
          ]
        ],
        "unit_class": "dynBase_petrol_camp_square",
        "objLayer": 2,
        "props": {
          "army": 1,
          "active": false
        }
      },
      {
        "name": "bdt_t1_bomb_object_10",
        "tm": [
          [
            -0.7887,
            0.0,
            -0.614777
          ],
          [
            0.0,
            1.0,
            0.0
          ],
          [
            0.614777,
            0.0,
            -0.7887
          ],
          [
            4622.8,
            59.35,
            -15252.4
          ]
        ],
        "unit_class": "dynBase_petrol_camp_square",
        "objLayer": 2,
        "props": {
          "army": 1,
          "active": false
        }
      },
      {
        "name": "bdt_t2_bomb_object_05",
        "tm": [
          [
            -0.675826,
            0.0,
            -0.737062
          ],
          [
            0.0,
            1.0,
            0.0
          ],
          [
            0.737062,
            0.0,
            -0.675826
          ],
          [
            12573.8,
            35.85,
            -2695.55
          ]
        ],
        "unit_class": "dynBase_petrol_camp_square",
        "objLayer": 2,
        "props": {
          "army": 2,
          "active": false
        }
      },
      {
        "name": "bdt_t2_bomb_object_06",
        "tm": [
          [
            -0.2509,
            0.0,
            -0.968013
          ],
          [
            0.0,
            1.0,
            0.0
          ],
          [
            0.968013,
            0.0,
            -0.2509
          ],
          [
            9668.35,
            39.85,
            -5574.35
          ]
        ],
        "unit_class": "dynBase_military_base_square",
        "objLayer": 2,
        "props": {
          "army": 2,
          "active": false
        }
      },
      {
        "name": "bdt_t2_bomb_object_07",
        "tm": [
          [
            -0.675826,
            0.0,
            -0.737062
          ],
          [
            0.0,
            1.0,
            0.0
          ],
          [
            0.737062,
            0.0,
            -0.675826
          ],
          [
            9378.8,
            34.2,
            -2190.65
          ]
        ],
        "unit_class": "dynBase_fuel_storage_square",
        "objLayer": 2,
        "props": {
          "army": 2,
          "active": false
        }
      },
      {
        "name": "bdt_t2_bomb_object_08",
        "tm": [
          [
            -0.150409,
            0.0,
            -0.988626
          ],
          [
            0.0,
            1.0,
            0.0
          ],
          [
            0.988626,
            0.0,
            -0.150409
          ],
          [
            1347.7,
            28.2,
            8260.55
          ]
        ],
        "unit_class": "dynBase_ammunition_storage_square",
        "objLayer": 2,
        "props": {
          "army": 2,
          "active": false
        }
      },
      {
        "name": "bdt_t2_bomb_object_09",
        "tm": [
          [
            -0.150409,
            0.0,
            -0.988626
          ],
          [
            0.0,
            1.0,
            0.0
          ],
          [
            0.988626,
            0.0,
            -0.150409
          ],
          [
            -3517.4,
            43.35,
            7793.75
          ]
        ],
        "unit_class": "dynBase_field_camp_square",
        "objLayer": 2,
        "props": {
          "army": 2,
          "active": false
        }
      },
      {
        "name": "bdt_t2_bomb_object_10",
        "tm": [
          [
            -0.150409,
            0.0,
            -0.988626
          ],
          [
            0.0,
            1.0,
            0.0
          ],
          [
            0.988626,
            0.0,
            -0.150409
          ],
          [
            3984.3,
            35.9,
            4082.5
          ]
        ],
        "unit_class": "dynBase_oil_storage_small_square",
        "objLayer": 2,
        "props": {
          "army": 2,
          "active": false
        }
      }
    ]
  },
  "areas": {
    "bdt_t2_bomb_zone_01": {
      "type": "Sphere",
      "tm": [
        [
          -439.365,
          0.0,
          -97.2567
        ],
        [
          0.0,
          450.0,
          0.0
        ],
        [
          97.2567,
          0.0,
          -439.365
        ],
        [
          8331.76,
          62.171,
          1050.87
        ]
      ],
      "objLayer": 0,
      "props": {}
    },
    "bdt_t2_bomb_zone_02": {
      "type": "Sphere",
      "tm": [
        [
          -425.869,
          0.0,
          -145.386
        ],
        [
          0.0,
          450.0,
          0.0
        ],
        [
          145.386,
          0.0,
          -425.869
        ],
        [
          -944.811,
          32.92,
          4996.38
        ]
      ],
      "objLayer": 0,
      "props": {}
    },
    "bdt_t2_bomb_zone_03": {
      "type": "Sphere",
      "tm": [
        [
          -67.6861,
          0.0,
          -444.88
        ],
        [
          0.0,
          450.0,
          0.0
        ],
        [
          444.88,
          0.0,
          -67.6861
        ],
        [
          -4446.14,
          46.1,
          3806.59
        ]
      ],
      "objLayer": 0,
      "props": {}
    },
    "bdt_t1_bomb_zone_01": {
      "type": "Sphere",
      "tm": [
        [
          -354.916,
          0.0,
          -276.648
        ],
        [
          0.0,
          450.0,
          0.0
        ],
        [
          276.648,
          0.0,
          -354.916
        ],
        [
          -603.618,
          48.942,
          -16280.1
        ]
      ],
      "objLayer": 0,
      "props": {}
    },
    "bdt_t1_bomb_zone_02": {
      "type": "Sphere",
      "tm": [
        [
          -169.04,
          0.0,
          -417.043
        ],
        [
          0.0,
          450.0,
          0.0
        ],
        [
          417.043,
          0.0,
          -169.04
        ],
        [
          5162.72,
          42.265,
          -11590.2
        ]
      ],
      "objLayer": 0,
      "props": {}
    },
    "bdt_t1_bomb_zone_03": {
      "type": "Sphere",
      "tm": [
        [
          -196.785,
          0.0,
          -404.691
        ],
        [
          0.0,
          450.0,
          0.0
        ],
        [
          404.691,
          0.0,
          -196.785
        ],
        [
          -6999.38,
          62.969,
          -9659.06
        ]
      ],
      "objLayer": 0,
      "props": {}
    },
    "bdt_t2_bomb_zone_04": {
      "type": "Sphere",
      "tm": [
        [
          -304.121,
          0.0,
          -331.676
        ],
        [
          0.0,
          450.0,
          0.0
        ],
        [
          331.676,
          0.0,
          -304.121
        ],
        [
          11492.2,
          56.634,
          1372.46
        ]
      ],
      "objLayer": 0,
      "props": {}
    },
    "bdt_t1_bomb_zone_04": {
      "type": "Sphere",
      "tm": [
        [
          -196.785,
          0.0,
          -404.691
        ],
        [
          0.0,
          450.0,
          0.0
        ],
        [
          404.691,
          0.0,
          -196.785
        ],
        [
          -8580.6,
          87.867,
          -1618.75
        ]
      ],
      "objLayer": 0,
      "props": {}
    },
    "bdt_t2_bomb_zone_01_aaa_point_01": {
      "type": "Point",
      "tm": [
        [
          -0.68909,
          0.0,
          -0.724675
        ],
        [
          0.0,
          1.0,
          0.0
        ],
        [
          0.724675,
          0.0,
          -0.68909
        ],
        [
          8151.11,
          64.303,
          1185.71
        ]
      ],
      "objLayer": 0,
      "props": {}
    },
    "bdt_t2_bomb_zone_01_aaa_point_02": {
      "type": "Point",
      "tm": [
        [
          -0.68909,
          0.0,
          -0.724675
        ],
        [
          0.0,
          1.0,
          0.0
        ],
        [
          0.724675,
          0.0,
          -0.68909
        ],
        [
          8613.17,
          63.929,
          972.14
        ]
      ],
      "objLayer": 0,
      "props": {}
    },
    "bdt_t2_bomb_zone_01_aaa_point_03": {
      "type": "Point",
      "tm": [
        [
          -0.68909,
          0.0,
          -0.724675
        ],
        [
          0.0,
          1.0,
          0.0
        ],
        [
          0.724675,
          0.0,
          -0.68909
        ],
        [
          8537.19,
          62.512,
          880.53
        ]
      ],
      "objLayer": 0,
      "props": {}
    },
    "bdt_t2_bomb_zone_01_aaa_point_04": {
      "type": "Point",
      "tm": [
        [
          -0.68909,
          0.0,
          -0.724675
        ],
        [
          0.0,
          1.0,
          0.0
        ],
        [
          0.724675,
          0.0,
          -0.68909
        ],
        [
          8289.13,
          58.774,
          585.5
        ]
      ],
      "objLayer": 0,
      "props": {}
    },
    "bdt_t2_bomb_zone_02_aaa_point_01": {
      "type": "Point",
      "tm": [
        [
          -0.604465,
          0.0,
          -0.796629
        ],
        [
          0.0,
          1.0,
          0.0
        ],
        [
          0.796629,
          0.0,
          -0.604465
        ],
        [
          -943.718,
          30.28,
          5244.91
        ]
      ],
      "objLayer": 0,
      "props": {}
    },
    "bdt_t2_bomb_zone_02_aaa_point_02": {
      "type": "Point",
      "tm": [
        [
          -0.604465,
          0.0,
          -0.796629
        ],
        [
          0.0,
          1.0,
          0.0
        ],
        [
          0.796629,
          0.0,
          -0.604465
        ],
        [
          -805.05,
          32.1,
          4766.95
        ]
      ],
      "objLayer": 0,
      "props": {}
    },
    "bdt_t2_bomb_zone_02_aaa_point_03": {
      "type": "Point",
      "tm": [
        [
          -0.604465,
          0.0,
          -0.796629
        ],
        [
          0.0,
          1.0,
          0.0
        ],
        [
          0.796629,
          0.0,
          -0.604465
        ],
        [
          -702.075,
          35.93,
          5135.05
        ]
      ],
      "objLayer": 0,
      "props": {}
    },
    "bdt_t2_bomb_zone_02_aaa_point_04": {
      "type": "Point",
      "tm": [
        [
          -0.604465,
          0.0,
          -0.796629
        ],
        [
          0.0,
          1.0,
          0.0
        ],
        [
          0.796629,
          0.0,
          -0.604465
        ],
        [
          -1112.6,
          30.21,
          4839.95
        ]
      ],
      "objLayer": 0,
      "props": {}
    },
    "bdt_t2_bomb_zone_03_aaa_point_01": {
      "type": "Point",
      "tm": [
        [
          -0.604465,
          0.0,
          -0.796629
        ],
        [
          0.0,
          1.0,
          0.0
        ],
        [
          0.796629,
          0.0,
          -0.604465
        ],
        [
          -4709.87,
          48.9,
          3945.3
        ]
      ],
      "objLayer": 0,
      "props": {}
    },
    "bdt_t2_bomb_zone_03_aaa_point_02": {
      "type": "Point",
      "tm": [
        [
          -0.604465,
          0.0,
          -0.796629
        ],
        [
          0.0,
          1.0,
          0.0
        ],
        [
          0.796629,
          0.0,
          -0.604465
        ],
        [
          -4296.95,
          42.84,
          3554.87
        ]
      ],
      "objLayer": 0,
      "props": {}
    },
    "bdt_t2_bomb_zone_03_aaa_point_03": {
      "type": "Point",
      "tm": [
        [
          -0.604465,
          0.0,
          -0.796629
        ],
        [
          0.0,
          1.0,
          0.0
        ],
        [
          0.796629,
          0.0,
          -0.604465
        ],
        [
          -4125.8,
          43.23,
          3810.21
        ]
      ],
      "objLayer": 0,
      "props": {}
    },
    "bdt_t2_bomb_zone_03_aaa_point_04": {
      "type": "Point",
      "tm": [
        [
          -0.604465,
          0.0,
          -0.796629
        ],
        [
          0.0,
          1.0,
          0.0
        ],
        [
          0.796629,
          0.0,
          -0.604465
        ],
        [
          -4534.46,
          48.76,
          4093.27
        ]
      ],
      "objLayer": 0,
      "props": {}
    },
    "bdt_t2_bomb_zone_04_aaa_point_01": {
      "type": "Point",
      "tm": [
        [
          -0.68909,
          0.0,
          -0.724675
        ],
        [
          0.0,
          1.0,
          0.0
        ],
        [
          0.724675,
          0.0,
          -0.68909
        ],
        [
          11494.5,
          52.487,
          1040.18
        ]
      ],
      "objLayer": 0,
      "props": {}
    },
    "bdt_t2_bomb_zone_04_aaa_point_02": {
      "type": "Point",
      "tm": [
        [
          -0.68909,
          0.0,
          -0.724675
        ],
        [
          0.0,
          1.0,
          0.0
        ],
        [
          0.724675,
          0.0,
          -0.68909
        ],
        [
          11794.1,
          52.248,
          1386.42
        ]
      ],
      "objLayer": 0,
      "props": {}
    },
    "bdt_t2_bomb_zone_04_aaa_point_03": {
      "type": "Point",
      "tm": [
        [
          -0.68909,
          0.0,
          -0.724675
        ],
        [
          0.0,
          1.0,
          0.0
        ],
        [
          0.724675,
          0.0,
          -0.68909
        ],
        [
          11237.9,
          52.091,
          1452.16
        ]
      ],
      "objLayer": 0,
      "props": {}
    },
    "bdt_t2_bomb_zone_04_aaa_point_04": {
      "type": "Point",
      "tm": [
        [
          -0.68909,
          0.0,
          -0.724675
        ],
        [
          0.0,
          1.0,
          0.0
        ],
        [
          0.724675,
          0.0,
          -0.68909
        ],
        [
          11424.5,
          12.346,
          1609.92
        ]
      ],
      "objLayer": 0,
      "props": {}
    },
    "bdt_t1_bomb_zone_01_aaa_point_01": {
      "type": "Point",
      "tm": [
        [
          -0.310742,
          0.0,
          -0.950494
        ],
        [
          0.0,
          1.0,
          0.0
        ],
        [
          0.950494,
          0.0,
          -0.310742
        ],
        [
          -674.142,
          52.324,
          -16524.7
        ]
      ],
      "objLayer": 0,
      "props": {}
    },
    "bdt_t1_bomb_zone_01_aaa_point_02": {
      "type": "Point",
      "tm": [
        [
          -0.310742,
          0.0,
          -0.950494
        ],
        [
          0.0,
          1.0,
          0.0
        ],
        [
          0.950494,
          0.0,
          -0.310742
        ],
        [
          -469.226,
          46.271,
          -16065.6
        ]
      ],
      "objLayer": 0,
      "props": {}
    },
    "bdt_t1_bomb_zone_01_aaa_point_03": {
      "type": "Point",
      "tm": [
        [
          -0.310742,
          0.0,
          -0.950494
        ],
        [
          0.0,
          1.0,
          0.0
        ],
        [
          0.950494,
          0.0,
          -0.310742
        ],
        [
          -814.569,
          61.803,
          -16180.5
        ]
      ],
      "objLayer": 0,
      "props": {}
    },
    "bdt_t1_bomb_zone_01_aaa_point_04": {
      "type": "Point",
      "tm": [
        [
          -0.310742,
          0.0,
          -0.950494
        ],
        [
          0.0,
          1.0,
          0.0
        ],
        [
          0.950494,
          0.0,
          -0.310742
        ],
        [
          -638.913,
          55.041,
          -16034.3
        ]
      ],
      "objLayer": 0,
      "props": {}
    },
    "bdt_t1_bomb_zone_02_aaa_point_01": {
      "type": "Point",
      "tm": [
        [
          -0.310742,
          0.0,
          -0.950494
        ],
        [
          0.0,
          1.0,
          0.0
        ],
        [
          0.950494,
          0.0,
          -0.310742
        ],
        [
          5273.13,
          40.006,
          -11837.1
        ]
      ],
      "objLayer": 0,
      "props": {}
    },
    "bdt_t1_bomb_zone_02_aaa_point_02": {
      "type": "Point",
      "tm": [
        [
          -0.310742,
          0.0,
          -0.950494
        ],
        [
          0.0,
          1.0,
          0.0
        ],
        [
          0.950494,
          0.0,
          -0.310742
        ],
        [
          5428.52,
          109.567,
          -11591.9
        ]
      ],
      "objLayer": 0,
      "props": {}
    },
    "bdt_t1_bomb_zone_02_aaa_point_03": {
      "type": "Point",
      "tm": [
        [
          -0.310742,
          0.0,
          -0.950494
        ],
        [
          0.0,
          1.0,
          0.0
        ],
        [
          0.950494,
          0.0,
          -0.310742
        ],
        [
          4758.85,
          70.689,
          -11390.5
        ]
      ],
      "objLayer": 0,
      "props": {}
    },
    "bdt_t1_bomb_zone_02_aaa_point_04": {
      "type": "Point",
      "tm": [
        [
          -0.310742,
          0.0,
          -0.950494
        ],
        [
          0.0,
          1.0,
          0.0
        ],
        [
          0.950494,
          0.0,
          -0.310742
        ],
        [
          5209.35,
          118.35,
          -11345.4
        ]
      ],
      "objLayer": 0,
      "props": {}
    },
    "bdt_t1_bomb_zone_03_aaa_point_01": {
      "type": "Point",
      "tm": [
        [
          -0.414243,
          0.0,
          -0.910167
        ],
        [
          0.0,
          1.0,
          0.0
        ],
        [
          0.910167,
          0.0,
          -0.414243
        ],
        [
          -7126.66,
          67.34,
          -9378.88
        ]
      ],
      "objLayer": 0,
      "props": {}
    },
    "bdt_t1_bomb_zone_03_aaa_point_02": {
      "type": "Point",
      "tm": [
        [
          -0.414243,
          0.0,
          -0.910167
        ],
        [
          0.0,
          1.0,
          0.0
        ],
        [
          0.910167,
          0.0,
          -0.414243
        ],
        [
          -6885.99,
          60.022,
          -9872.97
        ]
      ],
      "objLayer": 0,
      "props": {}
    },
    "bdt_t1_bomb_zone_03_aaa_point_03": {
      "type": "Point",
      "tm": [
        [
          -0.414243,
          0.0,
          -0.910167
        ],
        [
          0.0,
          1.0,
          0.0
        ],
        [
          0.910167,
          0.0,
          -0.414243
        ],
        [
          -6712.65,
          66.789,
          -9653.28
        ]
      ],
      "objLayer": 0,
      "props": {}
    },
    "bdt_t1_bomb_zone_03_aaa_point_04": {
      "type": "Point",
      "tm": [
        [
          -0.414243,
          0.0,
          -0.910167
        ],
        [
          0.0,
          1.0,
          0.0
        ],
        [
          0.910167,
          0.0,
          -0.414243
        ],
        [
          -7240.68,
          64.583,
          -9758.29
        ]
      ],
      "objLayer": 0,
      "props": {}
    },
    "bdt_t1_bomb_zone_04_aaa_point_01": {
      "type": "Point",
      "tm": [
        [
          -0.414243,
          0.0,
          -0.910167
        ],
        [
          0.0,
          1.0,
          0.0
        ],
        [
          0.910167,
          0.0,
          -0.414243
        ],
        [
          -8821.53,
          90.057,
          -1824.51
        ]
      ],
      "objLayer": 0,
      "props": {}
    },
    "bdt_t1_bomb_zone_04_aaa_point_02": {
      "type": "Point",
      "tm": [
        [
          -0.414243,
          0.0,
          -0.910167
        ],
        [
          0.0,
          1.0,
          0.0
        ],
        [
          0.910167,
          0.0,
          -0.414243
        ],
        [
          -8502.23,
          87.984,
          -1859.04
        ]
      ],
      "objLayer": 0,
      "props": {}
    },
    "bdt_t1_bomb_zone_04_aaa_point_03": {
      "type": "Point",
      "tm": [
        [
          -0.414243,
          0.0,
          -0.910167
        ],
        [
          0.0,
          1.0,
          0.0
        ],
        [
          0.910167,
          0.0,
          -0.414243
        ],
        [
          -8842.79,
          88.912,
          -1492.79
        ]
      ],
      "objLayer": 0,
      "props": {}
    },
    "bdt_t1_bomb_zone_04_aaa_point_04": {
      "type": "Point",
      "tm": [
        [
          -0.414243,
          0.0,
          -0.910167
        ],
        [
          0.0,
          1.0,
          0.0
        ],
        [
          0.910167,
          0.0,
          -0.414243
        ],
        [
          -8268.1,
          87.325,
          -1589.27
        ]
      ],
      "objLayer": 0,
      "props": {}
    },
    "bdt_t1_bomb_zone_05": {
      "type": "Sphere",
      "tm": [
        [
          -196.785,
          0.0,
          -404.691
        ],
        [
          0.0,
          450.0,
          0.0
        ],
        [
          404.691,
          0.0,
          -196.785
        ],
        [
          -9155.43,
          48.872,
          -5729.84
        ]
      ],
      "objLayer": 0,
      "props": {}
    },
    "bdt_t1_bomb_zone_06": {
      "type": "Sphere",
      "tm": [
        [
          -196.785,
          0.0,
          -404.691
        ],
        [
          0.0,
          450.0,
          0.0
        ],
        [
          404.691,
          0.0,
          -196.785
        ],
        [
          -10560.2,
          53.758,
          -9640.14
        ]
      ],
      "objLayer": 0,
      "props": {}
    },
    "bdt_t1_bomb_zone_07": {
      "type": "Sphere",
      "tm": [
        [
          -196.785,
          0.0,
          -404.691
        ],
        [
          0.0,
          450.0,
          0.0
        ],
        [
          404.691,
          0.0,
          -196.785
        ],
        [
          -12019.8,
          40.915,
          -5975.5
        ]
      ],
      "objLayer": 0,
      "props": {}
    },
    "bdt_t1_bomb_zone_08": {
      "type": "Sphere",
      "tm": [
        [
          -354.916,
          0.0,
          -276.648
        ],
        [
          0.0,
          450.0,
          0.0
        ],
        [
          276.648,
          0.0,
          -354.916
        ],
        [
          2084.92,
          38.619,
          -13032.0
        ]
      ],
      "objLayer": 0,
      "props": {}
    },
    "bdt_t1_bomb_zone_09": {
      "type": "Sphere",
      "tm": [
        [
          -354.916,
          0.0,
          -276.648
        ],
        [
          0.0,
          450.0,
          0.0
        ],
        [
          276.648,
          0.0,
          -354.916
        ],
        [
          -2979.09,
          63.741,
          -12581.4
        ]
      ],
      "objLayer": 0,
      "props": {}
    },
    "bdt_t1_bomb_zone_10": {
      "type": "Sphere",
      "tm": [
        [
          -354.916,
          0.0,
          -276.648
        ],
        [
          0.0,
          450.0,
          0.0
        ],
        [
          276.648,
          0.0,
          -354.916
        ],
        [
          4614.95,
          73.655,
          -15262.4
        ]
      ],
      "objLayer": 0,
      "props": {}
    },
    "bdt_t1_bomb_zone_05_aaa_point_01": {
      "type": "Point",
      "tm": [
        [
          -0.414243,
          0.0,
          -0.910167
        ],
        [
          0.0,
          1.0,
          0.0
        ],
        [
          0.910167,
          0.0,
          -0.414243
        ],
        [
          -9021.57,
          49.13,
          -5490.72
        ]
      ],
      "objLayer": 0,
      "props": {}
    },
    "bdt_t1_bomb_zone_05_aaa_point_02": {
      "type": "Point",
      "tm": [
        [
          -0.414243,
          0.0,
          -0.910167
        ],
        [
          0.0,
          1.0,
          0.0
        ],
        [
          0.910167,
          0.0,
          -0.414243
        ],
        [
          -9187.59,
          48.229,
          -5577.74
        ]
      ],
      "objLayer": 0,
      "props": {}
    },
    "bdt_t1_bomb_zone_05_aaa_point_03": {
      "type": "Point",
      "tm": [
        [
          -0.414243,
          0.0,
          -0.910167
        ],
        [
          0.0,
          1.0,
          0.0
        ],
        [
          0.910167,
          0.0,
          -0.414243
        ],
        [
          -9305.45,
          49.439,
          -5975.36
        ]
      ],
      "objLayer": 0,
      "props": {}
    },
    "bdt_t1_bomb_zone_05_aaa_point_04": {
      "type": "Point",
      "tm": [
        [
          -0.414243,
          0.0,
          -0.910167
        ],
        [
          0.0,
          1.0,
          0.0
        ],
        [
          0.910167,
          0.0,
          -0.414243
        ],
        [
          -9071.51,
          50.141,
          -5994.4
        ]
      ],
      "objLayer": 0,
      "props": {}
    },
    "bdt_t1_bomb_zone_06_aaa_point_01": {
      "type": "Point",
      "tm": [
        [
          -0.414243,
          0.0,
          -0.910167
        ],
        [
          0.0,
          1.0,
          0.0
        ],
        [
          0.910167,
          0.0,
          -0.414243
        ],
        [
          -10745.3,
          49.05,
          -9358.1
        ]
      ],
      "objLayer": 0,
      "props": {}
    },
    "bdt_t1_bomb_zone_06_aaa_point_02": {
      "type": "Point",
      "tm": [
        [
          -0.414243,
          0.0,
          -0.910167
        ],
        [
          0.0,
          1.0,
          0.0
        ],
        [
          0.910167,
          0.0,
          -0.414243
        ],
        [
          -10483.9,
          51.308,
          -9324.52
        ]
      ],
      "objLayer": 0,
      "props": {}
    },
    "bdt_t1_bomb_zone_06_aaa_point_03": {
      "type": "Point",
      "tm": [
        [
          -0.414243,
          0.0,
          -0.910167
        ],
        [
          0.0,
          1.0,
          0.0
        ],
        [
          0.910167,
          0.0,
          -0.414243
        ],
        [
          -10283.2,
          55.283,
          -9777.4
        ]
      ],
      "objLayer": 0,
      "props": {}
    },
    "bdt_t1_bomb_zone_06_aaa_point_04": {
      "type": "Point",
      "tm": [
        [
          -0.414243,
          0.0,
          -0.910167
        ],
        [
          0.0,
          1.0,
          0.0
        ],
        [
          0.910167,
          0.0,
          -0.414243
        ],
        [
          -10789.7,
          51.057,
          -9829.62
        ]
      ],
      "objLayer": 0,
      "props": {}
    },
    "bdt_t1_bomb_zone_07_aaa_point_01": {
      "type": "Point",
      "tm": [
        [
          -0.414243,
          0.0,
          -0.910167
        ],
        [
          0.0,
          1.0,
          0.0
        ],
        [
          0.910167,
          0.0,
          -0.414243
        ],
        [
          -11843.7,
          42.217,
          -6219.86
        ]
      ],
      "objLayer": 0,
      "props": {}
    },
    "bdt_t1_bomb_zone_07_aaa_point_02": {
      "type": "Point",
      "tm": [
        [
          -0.414243,
          0.0,
          -0.910167
        ],
        [
          0.0,
          1.0,
          0.0
        ],
        [
          0.910167,
          0.0,
          -0.414243
        ],
        [
          -12220.1,
          34.921,
          -5689.84
        ]
      ],
      "objLayer": 0,
      "props": {}
    },
    "bdt_t1_bomb_zone_07_aaa_point_03": {
      "type": "Point",
      "tm": [
        [
          -0.414243,
          0.0,
          -0.910167
        ],
        [
          0.0,
          1.0,
          0.0
        ],
        [
          0.910167,
          0.0,
          -0.414243
        ],
        [
          -12285.2,
          30.058,
          -6181.67
        ]
      ],
      "objLayer": 0,
      "props": {}
    },
    "bdt_t1_bomb_zone_07_aaa_point_04": {
      "type": "Point",
      "tm": [
        [
          -0.414243,
          0.0,
          -0.910167
        ],
        [
          0.0,
          1.0,
          0.0
        ],
        [
          0.910167,
          0.0,
          -0.414243
        ],
        [
          -11619.2,
          39.486,
          -5946.51
        ]
      ],
      "objLayer": 0,
      "props": {}
    },
    "bdt_t1_bomb_zone_08_aaa_point_01": {
      "type": "Point",
      "tm": [
        [
          -0.310742,
          0.0,
          -0.950494
        ],
        [
          0.0,
          1.0,
          0.0
        ],
        [
          0.950494,
          0.0,
          -0.310742
        ],
        [
          2395.05,
          -17.5367,
          -13051.9
        ]
      ],
      "objLayer": 0,
      "props": {}
    },
    "bdt_t1_bomb_zone_08_aaa_point_02": {
      "type": "Point",
      "tm": [
        [
          -0.310742,
          0.0,
          -0.950494
        ],
        [
          0.0,
          1.0,
          0.0
        ],
        [
          0.950494,
          0.0,
          -0.310742
        ],
        [
          2065.68,
          39.822,
          -12726.7
        ]
      ],
      "objLayer": 0,
      "props": {}
    },
    "bdt_t1_bomb_zone_08_aaa_point_03": {
      "type": "Point",
      "tm": [
        [
          -0.310742,
          0.0,
          -0.950494
        ],
        [
          0.0,
          1.0,
          0.0
        ],
        [
          0.950494,
          0.0,
          -0.310742
        ],
        [
          1730.82,
          37.394,
          -12980.6
        ]
      ],
      "objLayer": 0,
      "props": {}
    },
    "bdt_t1_bomb_zone_08_aaa_point_04": {
      "type": "Point",
      "tm": [
        [
          -0.310742,
          0.0,
          -0.950494
        ],
        [
          0.0,
          1.0,
          0.0
        ],
        [
          0.950494,
          0.0,
          -0.310742
        ],
        [
          2005.96,
          40.51,
          -13292.4
        ]
      ],
      "objLayer": 0,
      "props": {}
    },
    "bdt_t1_bomb_zone_09_aaa_point_01": {
      "type": "Point",
      "tm": [
        [
          -0.310742,
          0.0,
          -0.950494
        ],
        [
          0.0,
          1.0,
          0.0
        ],
        [
          0.950494,
          0.0,
          -0.310742
        ],
        [
          -2762.87,
          63.432,
          -12189.0
        ]
      ],
      "objLayer": 0,
      "props": {}
    },
    "bdt_t1_bomb_zone_09_aaa_point_02": {
      "type": "Point",
      "tm": [
        [
          -0.310742,
          0.0,
          -0.950494
        ],
        [
          0.0,
          1.0,
          0.0
        ],
        [
          0.950494,
          0.0,
          -0.310742
        ],
        [
          -3249.66,
          54.92,
          -12272.9
        ]
      ],
      "objLayer": 0,
      "props": {}
    },
    "bdt_t1_bomb_zone_09_aaa_point_03": {
      "type": "Point",
      "tm": [
        [
          -0.310742,
          0.0,
          -0.950494
        ],
        [
          0.0,
          1.0,
          0.0
        ],
        [
          0.950494,
          0.0,
          -0.310742
        ],
        [
          -2489.84,
          69.127,
          -12672.4
        ]
      ],
      "objLayer": 0,
      "props": {}
    },
    "bdt_t1_bomb_zone_09_aaa_point_04": {
      "type": "Point",
      "tm": [
        [
          -0.310742,
          0.0,
          -0.950494
        ],
        [
          0.0,
          1.0,
          0.0
        ],
        [
          0.950494,
          0.0,
          -0.310742
        ],
        [
          -3360.6,
          55.514,
