{
  "selected_tag": "",
  "bin_dump_file": "",
  "mission_settings": {
    "player": {
      "army": 1
    },
    "player_teamB": {
      "army": 2
    },
    "mission": {
      "level": "levels/air_smolensk.bin",
      "type": "domination",
      "environment": "Day",
      "weather": "hazy",
      "restoreType": "attempts",
      "optionalTakeOff": false
    }
  },
  "imports": {},
  "triggers": {
    "isCategory": true,
    "is_enabled": true
  },
  "mission_objectives": {
    "isCategory": true,
    "is_enabled": true
  },
  "variables": {},
  "dialogs": {},
  "airfields": {},
  "effects": {},
  "units": {
    "objectGroups": [
      {
        "name": "bdt_t2_bomb_object_01",
        "tm": [
          [
            -0.976364,
            0.0,
            -0.216124
          ],
          [
            0.0,
            1.0,
            0.0
          ],
          [
            0.216124,
            0.0,
            -0.976364
          ],
          [
            10987.0,
            36.5,
            -1074.15
          ]
        ],
        "unit_class": "dynBase_hq_camp_square",
        "objLayer": 2,
        "props": {
          "army": 2,
          "active": false
        }
      },
      {
        "name": "bdt_t2_bomb_object_02",
        "tm": [
          [
            -0.91601,
            0.0,
            0.401162
          ],
          [
            0.0,
            1.0,
            0.0
          ],
          [
            -0.401162,
            0.0,
            -0.91601
          ],
          [
            -655.9,
            50.4,
            7395.9
          ]
        ],
        "unit_class": "dynBase_fuel_storage_square",
        "objLayer": 2,
        "props": {
          "army": 2,
          "active": false
        }
      },
      {
        "name": "bdt_t2_bomb_object_03",
        "tm": [
          [
            -0.15041,
            0.0,
            -0.988626
          ],
          [
            0.0,
            1.0,
            0.0
          ],
          [
            0.988626,
            0.0,
            -0.15041
          ],
          [
            -5912.7,
            42.1,
            5188.65
          ]
        ],
        "unit_class": "dynBase_oil_storage_small_square",
        "objLayer": 2,
        "props": {
          "army": 2,
          "active": false
        }
      },
      {
        "name": "bdt_t1_bomb_object_01",
        "tm": [
          [
            -0.7887,
            0.0,
            -0.614777
          ],
          [
            0.0,
            1.0,
            0.0
          ],
          [
            0.614777,
            0.0,
            -0.7887
          ],
          [
            -456.6,
            43.9,
            -18249.1
          ]
        ],
        "unit_class": "dynBase_fuel_storage_square",
        "objLayer": 2,
        "props": {
          "army": 1,
          "active": false
        }
      },
      {
        "name": "bdt_t1_bomb_object_02",
        "tm": [
          [
            -0.166152,
            0.0,
            -0.986099
          ],
          [
            0.0,
            1.0,
            0.0
          ],
          [
            0.986099,
            0.0,
            -0.166152
          ],
          [
            6416.9,
            28.75,
            -13644.0
          ]
        ],
        "unit_class": "dynBase_small_factory_square",
        "objLayer": 2,
        "props": {
          "army": 1,
          "active": false
        }
      },
      {
        "name": "bdt_t1_bomb_object_03",
        "tm": [
          [
            -0.0621895,
            0.0,
            -0.998064
          ],
          [
            0.0,
            1.0,
            0.0
          ],
          [
            0.998064,
            0.0,
            -0.0621895
          ],
          [
            -8493.65,
            48.15,
            -10902.3
          ]
        ],
        "unit_class": "dynBase_oil_storage_small_square",
        "objLayer": 2,
        "props": {
          "army": 1,
          "active": false
        }
      },
      {
        "name": "bdt_t2_bomb_object_04",
        "tm": [
          [
            -0.675825,
            0.0,
            -0.737062
          ],
          [
            0.0,
            1.0,
            0.0
          ],
          [
            0.737062,
            0.0,
            -0.675825
          ],
          [
            13439.1,
            30.25,
            1991.35
          ]
        ],
        "unit_class": "dynBase_small_factory_square",
        "objLayer": 2,
        "props": {
          "army": 2,
          "active": false
        }
      },
      {
        "name": "bdt_t1_bomb_object_04",
        "tm": [
          [
            -0.407582,
            0.0,
            -0.913169
          ],
          [
            0.0,
            1.0,
            0.0
          ],
          [
            0.913169,
            0.0,
            -0.407582
          ],
          [
            -10767.4,
            68.75,
            -2645.55
          ]
        ],
        "unit_class": "dynBase_field_camp_square",
        "objLayer": 2,
        "props": {
          "army": 1,
          "active": false
        }
      },
      {
        "name": "bdt_t1_bomb_object_05",
        "tm": [
          [
            -0.407582,
            0.0,
            -0.913169
          ],
          [
            0.0,
            1.0,
            0.0
          ],
          [
            0.913169,
            0.0,
            -0.407582
          ],
          [
            -13714.9,
            51.75,
            -6197.25
          ]
        ],
        "unit_class": "dynBase_military_base_square",
        "objLayer": 2,
        "props": {
          "army": 1,
          "active": false
        }
      },
      {
        "name": "bdt_t1_bomb_object_06",
        "tm": [
          [
            -0.407582,
            0.0,
            -0.913169
          ],
          [
            0.0,
            1.0,
            0.0
          ],
          [
            0.913169,
            0.0,
            -0.407582
          ],
          [
            -11928.1,
            62.15,
            -11242.5
          ]
        ],
        "unit_class": "dynBase_oil_storage_large_square",
        "objLayer": 2,
        "props": {
          "army": 1,
          "active": false
        }
      },
      {
        "name": "bdt_t1_bomb_object_07",
        "tm": [
          [
            -0.407582,
            0.0,
            -0.913169
          ],
          [
            0.0,
            1.0,
            0.0
          ],
          [
            0.913169,
            0.0,
            -0.407582
          ],
          [
            -10335.8,
            58.4,
            -6921.8
          ]
        ],
        "unit_class": "dynBase_oil_storage_large_square",
        "objLayer": 2,
        "props": {
          "army": 1,
          "active": false
        }
      },
      {
        "name": "bdt_t1_bomb_object_08",
        "tm": [
          [
            -0.7887,
            0.0,
            -0.614777
          ],
          [
            0.0,
            1.0,
            0.0
          ],
          [
            0.614777,
            0.0,
            -0.7887
          ],
          [
            6071.1,
            41.75,
            -17084.6
          ]
        ],
        "unit_class": "dynBase_small_factory_square",
        "objLayer": 2,
        "props": {
          "army": 1,
          "active": false
        }
      },
      {
        "name": "bdt_t1_bomb_object_09",
        "tm": [
          [
            -0.7887,
            0.0,
            -0.614777
          ],
          [
            0.0,
            1.0,
            0.0
          ],
          [
            0.614777,
            0.0,
            -0.7887
          ],
          [
            -3403.4,
            54.55,
            -14922.4
          ]
        ],
        "unit_class": "dynBase_petrol_camp_square",
        "objLayer": 2,
        "props": {
          "army": 1,
          "active": false
        }
      },
      {
        "name": "bdt_t1_bomb_object_10",
        "tm": [
          [
            -0.7887,
            0.0,
            -0.614777
          ],
          [
            0.0,
            1.0,
            0.0
          ],
          [
            0.614777,
            0.0,
            -0.7887
          ],
          [
            2396.75,
            40.65,
            -15182.4
          ]
        ],
        "unit_class": "dynBase_petrol_camp_square",
        "objLayer": 2,
        "props": {
          "army": 1,
          "active": false
        }
      },
      {
        "name": "bdt_t2_bomb_object_05",
        "tm": [
          [
            -0.675825,
            0.0,
            -0.737062
          ],
          [
            0.0,
            1.0,
            0.0
          ],
          [
            0.737062,
            0.0,
            -0.675825
          ],
          [
            14628.7,
            36.05,
            -3451.8
          ]
        ],
        "unit_class": "dynBase_petrol_camp_square",
        "objLayer": 2,
        "props": {
          "army": 2,
          "active": false
        }
      },
      {
        "name": "bdt_t2_bomb_object_06",
        "tm": [
          [
            -0.2509,
            0.0,
            -0.968013
          ],
          [
            0.0,
            1.0,
            0.0
          ],
          [
            0.968013,
            0.0,
            -0.2509
          ],
          [
            11035.5,
            37.55,
            -6908.6
          ]
        ],
        "unit_class": "dynBase_military_base_square",
        "objLayer": 2,
        "props": {
          "army": 2,
          "active": false
        }
      },
      {
        "name": "bdt_t2_bomb_object_07",
        "tm": [
          [
            -0.675825,
            0.0,
            -0.737062
          ],
          [
            0.0,
            1.0,
            0.0
          ],
          [
            0.737062,
            0.0,
            -0.675825
          ],
          [
            9076.25,
            50.05,
            3201.2
          ]
        ],
        "unit_class": "dynBase_fuel_storage_square",
        "objLayer": 2,
        "props": {
          "army": 2,
          "active": false
        }
      },
      {
        "name": "bdt_t2_bomb_object_08",
        "tm": [
          [
            -0.15041,
            0.0,
            -0.988626
          ],
          [
            0.0,
            1.0,
            0.0
          ],
          [
            0.988626,
            0.0,
            -0.15041
          ],
          [
            1925.7,
            30.75,
            10143.4
          ]
        ],
        "unit_class": "dynBase_ammunition_storage_square",
        "objLayer": 2,
        "props": {
          "army": 2,
          "active": false
        }
      },
      {
        "name": "bdt_t2_bomb_object_09",
        "tm": [
          [
            -0.15041,
            0.0,
            -0.988626
          ],
          [
            0.0,
            1.0,
            0.0
          ],
          [
            0.988626,
            0.0,
            -0.15041
          ],
          [
            -4616.51,
            21.299,
            9110.57
          ]
        ],
        "unit_class": "dynBase_field_camp_square",
        "objLayer": 2,
        "props": {
          "army": 2,
          "active": false
        }
      },
      {
        "name": "bdt_t2_bomb_object_10",
        "tm": [
          [
            -0.15041,
            0.0,
            -0.988626
          ],
          [
            0.0,
            1.0,
            0.0
          ],
          [
            0.988626,
            0.0,
            -0.15041
          ],
          [
            3695.75,
            25.6,
            6607.8
          ]
        ],
        "unit_class": "dynBase_oil_storage_small_square",
        "objLayer": 2,
        "props": {
          "army": 2,
          "active": false
        }
      }
    ]
  },
  "areas": {
    "bdt_t2_bomb_zone_01": {
      "type": "Sphere",
      "tm": [
        [
          -439.366,
          0.0,
          -97.2566
        ],
        [
          0.0,
          450.0,
          0.0
        ],
        [
          97.2566,
          0.0,
          -439.366
        ],
        [
          10988.0,
          81.003,
          -1067.14
        ]
      ],
      "objLayer": 0,
      "props": {}
    },
    "bdt_t2_bomb_zone_02": {
      "type": "Sphere",
      "tm": [
        [
          -425.869,
          0.0,
          -145.386
        ],
        [
          0.0,
          450.0,
          0.0
        ],
        [
          145.386,
          0.0,
          -425.869
        ],
        [
          -658.622,
          50.72,
          7374.38
        ]
      ],
      "objLayer": 0,
      "props": {}
    },
    "bdt_t2_bomb_zone_03": {
      "type": "Sphere",
      "tm": [
        [
          -67.6863,
          0.0,
          -444.88
        ],
        [
          0.0,
          450.0,
          0.0
        ],
        [
          444.88,
          0.0,
          -67.6863
        ],
        [
          -5903.74,
          42.05,
          5192.63
        ]
      ],
      "objLayer": 0,
      "props": {}
    },
    "bdt_t1_bomb_zone_01": {
      "type": "Sphere",
      "tm": [
        [
          -354.916,
          0.0,
          -276.648
        ],
        [
          0.0,
          450.0,
          0.0
        ],
        [
          276.648,
          0.0,
          -354.916
        ],
        [
          -464.408,
          43.942,
          -18259.1
        ]
      ],
      "objLayer": 0,
      "props": {}
    },
    "bdt_t1_bomb_zone_02": {
      "type": "Sphere",
      "tm": [
        [
          -169.04,
          0.0,
          -417.043
        ],
        [
          0.0,
          450.0,
          0.0
        ],
        [
          417.043,
          0.0,
          -169.04
        ],
        [
          6417.22,
          58.202,
          -13648.7
        ]
      ],
      "objLayer": 0,
      "props": {}
    },
    "bdt_t1_bomb_zone_03": {
      "type": "Sphere",
      "tm": [
        [
          -196.785,
          0.0,
          -404.691
        ],
        [
          0.0,
          450.0,
          0.0
        ],
        [
          404.691,
          0.0,
          -196.785
        ],
        [
          -8495.59,
          48.019,
          -10907.6
        ]
      ],
      "objLayer": 0,
      "props": {}
    },
    "bdt_t2_bomb_zone_04": {
      "type": "Sphere",
      "tm": [
        [
          -304.122,
          0.0,
          -331.676
        ],
        [
          0.0,
          450.0,
          0.0
        ],
        [
          331.676,
          0.0,
          -304.122
        ],
        [
          13432.7,
          30.65,
          1986.85
        ]
      ],
      "objLayer": 0,
      "props": {}
    },
    "bdt_t1_bomb_zone_04": {
      "type": "Sphere",
      "tm": [
        [
          -196.785,
          0.0,
          -404.691
        ],
        [
          0.0,
          450.0,
          0.0
        ],
        [
          404.691,
          0.0,
          -196.785
        ],
        [
          -10762.4,
          68.717,
          -2648.31
        ]
      ],
      "objLayer": 0,
      "props": {}
    },
    "bdt_t2_bomb_zone_01_aaa_point_01": {
      "type": "Point",
      "tm": [
        [
          -0.68909,
          0.0,
          -0.724674
        ],
        [
          0.0,
          1.0,
          0.0
        ],
        [
          0.724674,
          0.0,
          -0.68909
        ],
        [
          10807.3,
          83.136,
          -932.295
        ]
      ],
      "objLayer": 0,
      "props": {}
    },
    "bdt_t2_bomb_zone_01_aaa_point_02": {
      "type": "Point",
      "tm": [
        [
          -0.68909,
          0.0,
          -0.724674
        ],
        [
          0.0,
          1.0,
          0.0
        ],
        [
          0.724674,
          0.0,
          -0.68909
        ],
        [
          11269.4,
          82.762,
          -1145.86
        ]
      ],
      "objLayer": 0,
      "props": {}
    },
    "bdt_t2_bomb_zone_01_aaa_point_03": {
      "type": "Point",
      "tm": [
        [
          -0.68909,
          0.0,
          -0.724674
        ],
        [
          0.0,
          1.0,
          0.0
        ],
        [
          0.724674,
          0.0,
          -0.68909
        ],
        [
          11193.3,
          81.344,
          -1237.47
        ]
      ],
      "objLayer": 0,
      "props": {}
    },
    "bdt_t2_bomb_zone_01_aaa_point_04": {
      "type": "Point",
      "tm": [
        [
          -0.68909,
          0.0,
          -0.724674
        ],
        [
          0.0,
          1.0,
          0.0
        ],
        [
          0.724674,
          0.0,
          -0.68909
        ],
        [
          10945.3,
          77.606,
          -1532.51
        ]
      ],
      "objLayer": 0,
      "props": {}
    },
    "bdt_t2_bomb_zone_02_aaa_point_01": {
      "type": "Point",
      "tm": [
        [
          -0.604465,
          0.0,
          -0.796629
        ],
        [
          0.0,
          1.0,
          0.0
        ],
        [
          0.796629,
          0.0,
          -0.604465
        ],
        [
          -657.53,
          48.08,
          7622.92
        ]
      ],
      "objLayer": 0,
      "props": {}
    },
    "bdt_t2_bomb_zone_02_aaa_point_02": {
      "type": "Point",
      "tm": [
        [
          -0.604465,
          0.0,
          -0.796629
        ],
        [
          0.0,
          1.0,
          0.0
        ],
        [
          0.796629,
          0.0,
          -0.604465
        ],
        [
          -442.476,
          49.92,
          7128.63
        ]
      ],
      "objLayer": 0,
      "props": {}
    },
    "bdt_t2_bomb_zone_02_aaa_point_03": {
      "type": "Point",
      "tm": [
        [
          -0.604465,
          0.0,
          -0.796629
        ],
        [
          0.0,
          1.0,
          0.0
        ],
        [
          0.796629,
          0.0,
          -0.604465
        ],
        [
          -415.885,
          53.73,
          7513.05
        ]
      ],
      "objLayer": 0,
      "props": {}
    },
    "bdt_t2_bomb_zone_02_aaa_point_04": {
      "type": "Point",
      "tm": [
        [
          -0.604465,
          0.0,
          -0.796629
        ],
        [
          0.0,
          1.0,
          0.0
        ],
        [
          0.796629,
          0.0,
          -0.604465
        ],
        [
          -826.414,
          48.01,
          7217.95
        ]
      ],
      "objLayer": 0,
      "props": {}
    },
    "bdt_t2_bomb_zone_03_aaa_point_01": {
      "type": "Point",
      "tm": [
        [
          -0.604465,
          0.0,
          -0.796629
        ],
        [
          0.0,
          1.0,
          0.0
        ],
        [
          0.796629,
          0.0,
          -0.604465
        ],
        [
          -6167.46,
          44.85,
          5331.34
        ]
      ],
      "objLayer": 0,
      "props": {}
    },
    "bdt_t2_bomb_zone_03_aaa_point_02": {
      "type": "Point",
      "tm": [
        [
          -0.604465,
          0.0,
          -0.796629
        ],
        [
          0.0,
          1.0,
          0.0
        ],
        [
          0.796629,
          0.0,
          -0.604465
        ],
        [
          -5754.55,
          38.79,
          4940.91
        ]
      ],
      "objLayer": 0,
      "props": {}
    },
    "bdt_t2_bomb_zone_03_aaa_point_03": {
      "type": "Point",
      "tm": [
        [
          -0.604465,
          0.0,
          -0.796629
        ],
        [
          0.0,
          1.0,
          0.0
        ],
        [
          0.796629,
          0.0,
          -0.604465
        ],
        [
          -5583.39,
          39.18,
          5196.25
        ]
      ],
      "objLayer": 0,
      "props": {}
    },
    "bdt_t2_bomb_zone_03_aaa_point_04": {
      "type": "Point",
      "tm": [
        [
          -0.604465,
          0.0,
          -0.796629
        ],
        [
          0.0,
          1.0,
          0.0
        ],
        [
          0.796629,
          0.0,
          -0.604465
        ],
        [
          -5992.06,
          44.71,
          5479.31
        ]
      ],
      "objLayer": 0,
      "props": {}
    },
    "bdt_t2_bomb_zone_04_aaa_point_01": {
      "type": "Point",
      "tm": [
        [
          -0.68909,
          0.0,
          -0.724674
        ],
        [
          0.0,
          1.0,
          0.0
        ],
        [
          0.724674,
          0.0,
          -0.68909
        ],
        [
          13434.9,
          70.47,
          1654.57
        ]
      ],
      "objLayer": 0,
      "props": {}
    },
    "bdt_t2_bomb_zone_04_aaa_point_02": {
      "type": "Point",
      "tm": [
        [
          -0.68909,
          0.0,
          -0.724674
        ],
        [
          0.0,
          1.0,
          0.0
        ],
        [
          0.724674,
          0.0,
          -0.68909
        ],
        [
          13734.5,
          70.231,
          2000.81
        ]
      ],
      "objLayer": 0,
      "props": {}
    },
    "bdt_t2_bomb_zone_04_aaa_point_03": {
      "type": "Point",
      "tm": [
        [
          -0.68909,
          0.0,
          -0.724674
        ],
        [
          0.0,
          1.0,
          0.0
        ],
        [
          0.724674,
          0.0,
          -0.68909
        ],
        [
          13178.3,
          70.074,
          2066.55
        ]
      ],
      "objLayer": 0,
      "props": {}
    },
    "bdt_t2_bomb_zone_04_aaa_point_04": {
      "type": "Point",
      "tm": [
        [
          -0.68909,
          0.0,
          -0.724674
        ],
        [
          0.0,
          1.0,
          0.0
        ],
        [
          0.724674,
          0.0,
          -0.68909
        ],
        [
          13364.8,
          30.329,
          2224.32
        ]
      ],
      "objLayer": 0,
      "props": {}
    },
    "bdt_t1_bomb_zone_01_aaa_point_01": {
      "type": "Point",
      "tm": [
        [
          -0.310741,
          0.0,
          -0.950493
        ],
        [
          0.0,
          1.0,
          0.0
        ],
        [
          0.950493,
          0.0,
          -0.310741
        ],
        [
          -534.942,
          47.324,
          -18503.8
        ]
      ],
      "objLayer": 0,
      "props": {}
    },
    "bdt_t1_bomb_zone_01_aaa_point_02": {
      "type": "Point",
      "tm": [
        [
          -0.310741,
          0.0,
          -0.950493
        ],
        [
          0.0,
          1.0,
          0.0
        ],
        [
          0.950493,
          0.0,
          -0.310741
        ],
        [
          -330.025,
          41.271,
          -18044.6
        ]
      ],
      "objLayer": 0,
      "props": {}
    },
    "bdt_t1_bomb_zone_01_aaa_point_03": {
      "type": "Point",
      "tm": [
        [
          -0.310741,
          0.0,
          -0.950493
        ],
        [
          0.0,
          1.0,
          0.0
        ],
        [
          0.950493,
          0.0,
          -0.310741
        ],
        [
          -675.367,
          56.803,
          -18159.5
        ]
      ],
      "objLayer": 0,
      "props": {}
    },
    "bdt_t1_bomb_zone_01_aaa_point_04": {
      "type": "Point",
      "tm": [
        [
          -0.310741,
          0.0,
          -0.950493
        ],
        [
          0.0,
          1.0,
          0.0
        ],
        [
          0.950493,
          0.0,
          -0.310741
        ],
        [
          -499.703,
          50.041,
          -18013.4
        ]
      ],
      "objLayer": 0,
      "props": {}
    },
    "bdt_t1_bomb_zone_02_aaa_point_01": {
      "type": "Point",
      "tm": [
        [
          -0.310741,
          0.0,
          -0.950493
        ],
        [
          0.0,
          1.0,
          0.0
        ],
        [
          0.950493,
          0.0,
          -0.310741
        ],
        [
          6527.62,
          55.943,
          -13895.6
        ]
      ],
      "objLayer": 0,
      "props": {}
    },
    "bdt_t1_bomb_zone_02_aaa_point_02": {
      "type": "Point",
      "tm": [
        [
          -0.310741,
          0.0,
          -0.950493
        ],
        [
          0.0,
          1.0,
          0.0
        ],
        [
          0.950493,
          0.0,
          -0.310741
        ],
        [
          6683.01,
          125.504,
          -13650.4
        ]
      ],
      "objLayer": 0,
      "props": {}
    },
    "bdt_t1_bomb_zone_02_aaa_point_03": {
      "type": "Point",
      "tm": [
        [
          -0.310741,
          0.0,
          -0.950493
        ],
        [
          0.0,
          1.0,
          0.0
        ],
        [
          0.950493,
          0.0,
          -0.310741
        ],
        [
          6013.34,
          86.626,
          -13449.1
        ]
      ],
      "objLayer": 0,
      "props": {}
    },
    "bdt_t1_bomb_zone_02_aaa_point_04": {
      "type": "Point",
      "tm": [
        [
          -0.310741,
          0.0,
          -0.950493
        ],
        [
          0.0,
          1.0,
          0.0
        ],
        [
          0.950493,
          0.0,
          -0.310741
        ],
        [
          6553.4,
          134.276,
          -13349.0
        ]
      ],
      "objLayer": 0,
      "props": {}
    },
    "bdt_t1_bomb_zone_03_aaa_point_01": {
      "type": "Point",
      "tm": [
        [
          -0.414243,
          0.0,
          -0.910166
        ],
        [
          0.0,
          1.0,
          0.0
        ],
        [
          0.910166,
          0.0,
          -0.414243
        ],
        [
          -8622.86,
          52.39,
          -10627.4
        ]
      ],
      "objLayer": 0,
      "props": {}
    },
    "bdt_t1_bomb_zone_03_aaa_point_02": {
      "type": "Point",
      "tm": [
        [
          -0.414243,
          0.0,
          -0.910166
        ],
        [
          0.0,
          1.0,
          0.0
        ],
        [
          0.910166,
          0.0,
          -0.414243
        ],
        [
          -8382.19,
          45.072,
          -11121.6
        ]
      ],
      "objLayer": 0,
      "props": {}
    },
    "bdt_t1_bomb_zone_03_aaa_point_03": {
      "type": "Point",
      "tm": [
        [
          -0.414243,
          0.0,
          -0.910166
        ],
        [
          0.0,
          1.0,
          0.0
        ],
        [
          0.910166,
          0.0,
          -0.414243
        ],
        [
          -8208.87,
          51.839,
          -10901.9
        ]
      ],
      "objLayer": 0,
      "props": {}
    },
    "bdt_t1_bomb_zone_03_aaa_point_04": {
      "type": "Point",
      "tm": [
        [
          -0.414243,
          0.0,
          -0.910166
        ],
        [
          0.0,
          1.0,
          0.0
        ],
        [
          0.910166,
          0.0,
          -0.414243
        ],
        [
          -8736.89,
          49.633,
          -11006.9
        ]
      ],
      "objLayer": 0,
      "props": {}
    },
    "bdt_t1_bomb_zone_04_aaa_point_01": {
      "type": "Point",
      "tm": [
        [
          -0.414243,
          0.0,
          -0.910166
        ],
        [
          0.0,
          1.0,
          0.0
        ],
        [
          0.910166,
          0.0,
          -0.414243
        ],
        [
          -11003.4,
          70.907,
          -2854.05
        ]
      ],
      "objLayer": 0,
      "props": {}
    },
    "bdt_t1_bomb_zone_04_aaa_point_02": {
      "type": "Point",
      "tm": [
        [
          -0.414243,
          0.0,
          -0.910166
        ],
        [
          0.0,
          1.0,
          0.0
        ],
        [
          0.910166,
          0.0,
          -0.414243
        ],
        [
          -10684.1,
          68.834,
          -2888.59
        ]
      ],
      "objLayer": 0,
      "props": {}
    },
    "bdt_t1_bomb_zone_04_aaa_point_03": {
      "type": "Point",
      "tm": [
        [
          -0.414243,
          0.0,
          -0.910166
        ],
        [
          0.0,
          1.0,
          0.0
        ],
        [
          0.910166,
          0.0,
          -0.414243
        ],
        [
          -11024.7,
          69.762,
          -2522.33
        ]
      ],
      "objLayer": 0,
      "props": {}
    },
    "bdt_t1_bomb_zone_04_aaa_point_04": {
      "type": "Point",
      "tm": [
        [
          -0.414243,
          0.0,
          -0.910166
        ],
        [
          0.0,
          1.0,
          0.0
        ],
        [
          0.910166,
          0.0,
          -0.414243
        ],
        [
          -10450.0,
          68.175,
          -2618.81
        ]
      ],
      "objLayer": 0,
      "props": {}
    },
    "bdt_t1_bomb_zone_05": {
      "type": "Sphere",
      "tm": [
        [
          -196.785,
          0.0,
          -404.691
        ],
        [
          0.0,
          450.0,
          0.0
        ],
        [
          404.691,
          0.0,
          -196.785
        ],
        [
          -13709.7,
          51.772,
          -6199.99
        ]
      ],
      "objLayer": 0,
      "props": {}
    },
    "bdt_t1_bomb_zone_06": {
      "type": "Sphere",
      "tm": [
        [
          -196.785,
          0.0,
          -404.691
        ],
        [
          0.0,
          450.0,
          0.0
        ],
        [
          404.691,
          0.0,
          -196.785
        ],
        [
          -11922.9,
          62.208,
          -11245.3
        ]
      ],
      "objLayer": 0,
      "props": {}
    },
    "bdt_t1_bomb_zone_07": {
      "type": "Sphere",
      "tm": [
        [
          -196.785,
          0.0,
          -404.691
        ],
        [
          0.0,
          450.0,
          0.0
        ],
        [
          404.691,
          0.0,
          -196.785
        ],
        [
          -10330.6,
          58.515,
          -6924.63
        ]
      ],
      "objLayer": 0,
      "props": {}
    },
    "bdt_t1_bomb_zone_08": {
      "type": "Sphere",
      "tm": [
        [
          -354.916,
          0.0,
          -276.648
        ],
        [
          0.0,
          450.0,
          0.0
        ],
        [
          276.648,
          0.0,
          -354.916
        ],
        [
          6063.23,
          73.106,
          -17094.6
        ]
      ],
      "objLayer": 0,
      "props": {}
    },
    "bdt_t1_bomb_zone_09": {
      "type": "Sphere",
      "tm": [
        [
          -354.916,
          0.0,
          -276.648
        ],
        [
          0.0,
          450.0,
          0.0
        ],
        [
          276.648,
          0.0,
          -354.916
        ],
        [
          -3411.09,
          54.841,
          -14932.2
        ]
      ],
      "objLayer": 0,
      "props": {}
    },
    "bdt_t1_bomb_zone_10": {
      "type": "Sphere",
      "tm": [
        [
          -354.916,
          0.0,
          -276.648
        ],
        [
          0.0,
          450.0,
          0.0
        ],
        [
          276.648,
          0.0,
          -354.916
        ],
        [
          2388.89,
          73.755,
          -15192.4
        ]
      ],
      "objLayer": 0,
      "props": {}
    },
    "bdt_t1_bomb_zone_05_aaa_point_01": {
      "type": "Point",
      "tm": [
        [
          -0.414243,
          0.0,
          -0.910166
        ],
        [
          0.0,
          1.0,
          0.0
        ],
        [
          0.910166,
          0.0,
          -0.414243
        ],
        [
          -13575.8,
          52.03,
          -5960.87
        ]
      ],
      "objLayer": 0,
      "props": {}
    },
    "bdt_t1_bomb_zone_05_aaa_point_02": {
      "type": "Point",
      "tm": [
        [
          -0.414243,
          0.0,
          -0.910166
        ],
        [
          0.0,
          1.0,
          0.0
        ],
        [
          0.910166,
          0.0,
          -0.414243
        ],
        [
          -13741.8,
          51.129,
          -6047.9
        ]
      ],
      "objLayer": 0,
      "props": {}
    },
    "bdt_t1_bomb_zone_05_aaa_point_03": {
      "type": "Point",
      "tm": [
        [
          -0.414243,
          0.0,
          -0.910166
        ],
        [
          0.0,
          1.0,
          0.0
        ],
        [
          0.910166,
          0.0,
          -0.414243
        ],
        [
          -13859.7,
          52.339,
          -6445.5
        ]
      ],
      "objLayer": 0,
      "props": {}
    },
    "bdt_t1_bomb_zone_05_aaa_point_04": {
      "type": "Point",
      "tm": [
        [
          -0.414243,
          0.0,
          -0.910166
        ],
        [
          0.0,
          1.0,
          0.0
        ],
        [
          0.910166,
          0.0,
          -0.414243
        ],
        [
          -13625.8,
          53.041,
          -6464.54
        ]
      ],
      "objLayer": 0,
      "props": {}
    },
    "bdt_t1_bomb_zone_06_aaa_point_01": {
      "type": "Point",
      "tm": [
        [
          -0.414243,
          0.0,
          -0.910166
        ],
        [
          0.0,
          1.0,
          0.0
        ],
        [
          0.910166,
          0.0,
          -0.414243
        ],
        [
          -12108.1,
          57.5,
          -10963.3
        ]
      ],
      "objLayer": 0,
      "props": {}
    },
    "bdt_t1_bomb_zone_06_aaa_point_02": {
      "type": "Point",
      "tm": [
        [
          -0.414243,
          0.0,
          -0.910166
        ],
        [
          0.0,
          1.0,
          0.0
        ],
        [
          0.910166,
          0.0,
          -0.414243
        ],
        [
          -11846.8,
          59.758,
          -10929.7
        ]
      ],
      "objLayer": 0,
      "props": {}
    },
    "bdt_t1_bomb_zone_06_aaa_point_03": {
      "type": "Point",
      "tm": [
        [
          -0.414243,
          0.0,
          -0.910166
        ],
        [
          0.0,
          1.0,
          0.0
        ],
        [
          0.910166,
          0.0,
          -0.414243
        ],
        [
          -11646.0,
          63.733,
          -11382.5
        ]
      ],
      "objLayer": 0,
      "props": {}
    },
    "bdt_t1_bomb_zone_06_aaa_point_04": {
      "type": "Point",
      "tm": [
        [
          -0.414243,
          0.0,
          -0.910166
        ],
        [
          0.0,
          1.0,
          0.0
        ],
        [
          0.910166,
          0.0,
          -0.414243
        ],
        [
          -12152.5,
          59.507,
          -11434.8
        ]
      ],
      "objLayer": 0,
      "props": {}
    },
    "bdt_t1_bomb_zone_07_aaa_point_01": {
      "type": "Point",
      "tm": [
        [
          -0.414243,
          0.0,
          -0.910166
        ],
        [
          0.0,
          1.0,
          0.0
        ],
        [
          0.910166,
          0.0,
          -0.414243
        ],
        [
          -10154.4,
          59.817,
          -7169.01
        ]
      ],
      "objLayer": 0,
      "props": {}
    },
    "bdt_t1_bomb_zone_07_aaa_point_02": {
      "type": "Point",
      "tm": [
        [
          -0.414243,
          0.0,
          -0.910166
        ],
        [
          0.0,
          1.0,
          0.0
        ],
        [
          0.910166,
          0.0,
          -0.414243
        ],
        [
          -10530.8,
          52.521,
          -6638.99
        ]
      ],
      "objLayer": 0,
      "props": {}
    },
    "bdt_t1_bomb_zone_07_aaa_point_03": {
      "type": "Point",
      "tm": [
        [
          -0.414243,
          0.0,
          -0.910166
        ],
        [
          0.0,
          1.0,
          0.0
        ],
        [
          0.910166,
          0.0,
          -0.414243
        ],
        [
          -10595.8,
          47.658,
          -7130.83
        ]
      ],
      "objLayer": 0,
      "props": {}
    },
    "bdt_t1_bomb_zone_07_aaa_point_04": {
      "type": "Point",
      "tm": [
        [
          -0.414243,
          0.0,
          -0.910166
        ],
        [
          0.0,
          1.0,
          0.0
        ],
        [
          0.910166,
          0.0,
          -0.414243
        ],
        [
          -9929.89,
          57.086,
          -6895.66
        ]
      ],
      "objLayer": 0,
      "props": {}
    },
    "bdt_t1_bomb_zone_08_aaa_point_01": {
      "type": "Point",
      "tm": [
        [
          -0.310741,
          0.0,
          -0.950493
        ],
        [
          0.0,
          1.0,
          0.0
        ],
        [
          0.950493,
          0.0,
          -0.310741
        ],
        [
          6373.35,
          16.95,
          -17114.5
        ]
      ],
      "objLayer": 0,
      "props": {}
    },
    "bdt_t1_bomb_zone_08_aaa_point_02": {
      "type": "Point",
      "tm": [
        [
          -0.310741,
          0.0,
          -0.950493
        ],
        [
          0.0,
          1.0,
          0.0
        ],
        [
          0.950493,
          0.0,
          -0.310741
        ],
        [
          6043.98,
          74.309,
          -16789.3
        ]
      ],
      "objLayer": 0,
      "props": {}
    },
    "bdt_t1_bomb_zone_08_aaa_point_03": {
      "type": "Point",
      "tm": [
        [
          -0.310741,
          0.0,
          -0.950493
        ],
        [
          0.0,
          1.0,
          0.0
        ],
        [
          0.950493,
          0.0,
          -0.310741
        ],
        [
          5709.12,
          71.881,
          -17043.2
        ]
      ],
      "objLayer": 0,
      "props": {}
    },
    "bdt_t1_bomb_zone_08_aaa_point_04": {
      "type": "Point",
      "tm": [
        [
          -0.310741,
          0.0,
          -0.950493
        ],
        [
          0.0,
          1.0,
          0.0
        ],
        [
          0.950493,
          0.0,
          -0.310741
        ],
        [
          5984.26,
          74.997,
          -17355.0
        ]
      ],
      "objLayer": 0,
      "props": {}
    },
    "bdt_t1_bomb_zone_09_aaa_point_01": {
      "type": "Point",
      "tm": [
        [
          -0.310741,
          0.0,
          -0.950493
        ],
        [
          0.0,
          1.0,
          0.0
        ],
        [
          0.950493,
          0.0,
          -0.310741
        ],
        [
          -3194.88,
          54.532,
          -14539.9
        ]
      ],
      "objLayer": 0,
      "props": {}
    },
    "bdt_t1_bomb_zone_09_aaa_point_02": {
      "type": "Point",
      "tm": [
        [
          -0.310741,
          0.0,
          -0.950493
        ],
        [
          0.0,
          1.0,
          0.0
        ],
        [
          0.950493,
          0.0,
          -0.310741
        ],
        [
          -3681.67,
          46.02,
          -14623.8
        ]
      ],
      "objLayer": 0,
      "props": {}
    },
    "bdt_t1_bomb_zone_09_aaa_point_03": {
      "type": "Point",
      "tm": [
        [
          -0.310741,
          0.0,
          -0.950493
        ],
        [
          0.0,
          1.0,
          0.0
        ],
        [
          0.950493,
          0.0,
          -0.310741
        ],
        [
          -2921.85,
          60.227,
          -15023.3
        ]
      ],
      "objLayer": 0,
      "props": {}
    },
    "bdt_t1_bomb_zone_09_aaa_point_04": {
      "type": "Point",
      "tm": [
        [
          -0.310741,
          0.0,
          -0.950493
        ],
        [
          0.0,
          1.0,
          0.0
        ],
        [
          0.950493,
          0.0,
          -0.310741
        ],
        [
          -3792.6,
          46.614,
