{
  "entity": [
    {
      "_template": "ai_recons_manager",
      "recons__sceneName": "entities/cta_humans/almassa_infdom_entities"
    },
    {
      "_template": "placed_portable_explosives_box_item+item_in_world",
      "transform": [
        [
          0.996822,
          0.0,
          0.0796631
        ],
        [
          0.0,
          1.0,
          0.0
        ],
        [
          -0.0796631,
          0.0,
          0.996822
        ],
        [
          198.106,
          12.1329,
          -147.535
        ]
      ],
      "medic_box__isOpen": true
    },
    {
      "_template": "placed_portable_ammunition_box_item+item_in_world",
      "transform": [
        [
          -0.998358,
          0.0,
          -0.057277
        ],
        [
          0.0,
          1.0,
          0.0
        ],
        [
          0.057277,
          0.0,
          -0.998358
        ],
        [
          202.103,
          12.1308,
          -147.372
        ]
      ],
      "medic_box__isOpen": true
    },
    {
      "_template": "placed_portable_ammunition_box_item+item_in_world",
      "transform": [
        [
          0.159372,
          0.0,
          0.987219
        ],
        [
          0.0,
          1.0,
          0.0
        ],
        [
          -0.987219,
          0.0,
          0.159372
        ],
        [
          53.5818,
          8.85968,
          -104.143
        ]
      ],
      "medic_box__isOpen": true
    },
    {
      "_template": "placed_portable_explosives_box_item+item_in_world",
      "transform": [
        [
          -0.117017,
          0.0,
          -0.99313
        ],
        [
          0.0,
          1.0,
          0.0
        ],
        [
          0.99313,
          0.0,
          -0.117017
        ],
        [
          53.1903,
          8.8544,
          -107.889
        ]
      ],
      "medic_box__isOpen": true
    },
    {
      "_template": "placed_portable_ammunition_box_item+item_in_world",
      "transform": [
        [
          0.711015,
          0.0,
          -0.703177
        ],
        [
          0.0,
          1.0,
          0.0
        ],
        [
          0.703177,
          0.0,
          0.711015
        ],
        [
          -107.565,
          11.5528,
          -46.0138
        ]
      ],
      "medic_box__isOpen": true
    },
    {
      "_template": "placed_portable_explosives_box_item+item_in_world",
      "transform": [
        [
          1.0,
          0.0,
          0.0
        ],
        [
          0.0,
          1.0,
          0.0
        ],
        [
          0.0,
          0.0,
          1.0
        ],
        [
          -109.275,
          11.5291,
          -52.1322
        ]
      ],
      "medic_box__isOpen": true
    }
  ]
}