{
  "entity": [
    {
      "_template": "ai_recons_manager",
      "recons__sceneName": "entities/cta_humans/amaddu_infdom_entities"
    },
    {
      "_template": "placed_portable_ammunition_box_item+item_in_world",
      "transform": [
        [
          -0.834911,
          0.0,
          0.550384
        ],
        [
          0.0,
          1.0,
          0.0
        ],
        [
          -0.550385,
          0.0,
          -0.834911
        ],
        [
          137.69,
          24.0281,
          -1024.4
        ]
      ],
      "medic_box__isOpen": true
    },
    {
      "_template": "placed_portable_explosives_box_item+item_in_world",
      "transform": [
        [
          -0.83566,
          0.0,
          0.549248
        ],
        [
          0.0,
          1.0,
          0.0
        ],
        [
          -0.549248,
          0.0,
          -0.83566
        ],
        [
          139.294,
          24.0284,
          -1021.73
        ]
      ],
      "medic_box__isOpen": true
    },
    {
      "_template": "placed_portable_ammunition_box_item+item_in_world",
      "transform": [
        [
          0.193289,
          0.0,
          0.981142
        ],
        [
          0.0,
          1.0,
          0.0
        ],
        [
          -0.981142,
          0.0,
          0.193289
        ],
        [
          374.817,
          29.8968,
          -883.377
        ]
      ],
      "medic_box__isOpen": true
    },
    {
      "_template": "placed_portable_explosives_box_item+item_in_world",
      "transform": [
        [
          0.399593,
          0.0,
          0.916693
        ],
        [
          0.0,
          1.0,
          0.0
        ],
        [
          -0.916693,
          0.0,
          0.399593
        ],
        [
          376.582,
          29.8894,
          -883.83
        ]
      ],
      "medic_box__isOpen": true
    },
    {
      "_template": "placed_portable_ammunition_box_item+item_in_world",
      "transform": [
        [
          -0.935356,
          0.0,
          0.353709
        ],
        [
          0.0,
          1.0,
          0.0
        ],
        [
          -0.353709,
          0.0,
          -0.935356
        ],
        [
          570.378,
          36.4114,
          -719.315
        ]
      ],
      "medic_box__isOpen": true
    },
    {
      "_template": "placed_portable_explosives_box_item+item_in_world",
      "transform": [
        [
          -0.923434,
          0.0,
          0.383758
        ],
        [
          0.0,
          1.0,
          0.0
        ],
        [
          -0.383758,
          0.0,
          -0.923434
        ],
        [
          573.779,
          36.3938,
          -710.993
        ]
      ],
      "medic_box__isOpen": true
    }
  ]
}