{
  "entity": [
    {
      "_template": "ai_recons_manager",
      "recons__sceneName": "entities/cta_humans/east_valley_infdom_entities"
    },
    {
      "_template": "placed_portable_ammunition_box_item+item_in_world",
      "transform": [
        [
          -0.419628,
          0.0,
          -0.907696
        ],
        [
          0.0,
          1.0,
          0.0
        ],
        [
          0.907696,
          0.0,
          -0.419628
        ],
        [
          965.374,
          18.6113,
          1036.37
        ]
      ],
      "medic_box__isOpen": true
    },
    {
      "_template": "placed_portable_explosives_box_item+item_in_world",
      "transform": [
        [
          0.37114,
          0.0,
          0.928577
        ],
        [
          0.0,
          1.0,
          0.0
        ],
        [
          -0.928577,
          0.0,
          0.37114
        ],
        [
          963.954,
          18.6008,
          1033.37
        ]
      ],
      "medic_box__isOpen": true
    },
    {
      "_template": "placed_portable_ammunition_box_item+item_in_world",
      "transform": [
        [
          -0.68646,
          0.0,
          0.727168
        ],
        [
          0.0,
          1.0,
          0.0
        ],
        [
          -0.727168,
          0.0,
          -0.68646
        ],
        [
          873.559,
          16.7252,
          892.081
        ]
      ],
      "medic_box__isOpen": true
    },
    {
      "_template": "placed_portable_explosives_box_item+item_in_world",
      "transform": [
        [
          -0.658324,
          0.0,
          0.752734
        ],
        [
          0.0,
          1.0,
          0.0
        ],
        [
          -0.752734,
          0.0,
          -0.658324
        ],
        [
          879.375,
          16.72,
          897.878
        ]
      ],
      "medic_box__isOpen": true
    },
    {
      "_template": "placed_portable_ammunition_box_item+item_in_world",
      "transform": [
        [
          -0.606968,
          0.0,
          0.794726
        ],
        [
          0.0,
          1.0,
          0.0
        ],
        [
          -0.794726,
          0.0,
          -0.606968
        ],
        [
          736.381,
          1.12625,
          810.417
        ]
      ],
      "medic_box__isOpen": true
    },
    {
      "_template": "placed_portable_explosives_box_item+item_in_world",
      "transform": [
        [
          0.658344,
          0.0,
          -0.752717
        ],
        [
          0.0,
          1.0,
          0.0
        ],
        [
          0.752717,
          0.0,
          0.658344
        ],
        [
          748.2,
          1.14948,
          816.044
        ]
      ],
      "medic_box__isOpen": true
    }
  ]
}