{
  "selected_tag": "",
  "bin_dump_file": "",
  "mission_settings": {
    "atmosphere": {
      "pressure": 760.0,
      "temperature": 30.0
    },
    "player": {
      "army": 1,
      "wing": "t1_player01"
    },
    "player_teamB": {
      "army": 2
    },
    "mission": {
      "level": "levels/avg_guadalcanal.bin",
      "type": "domination",
      "restoreType": "attempts",
      "optionalTakeOff": false,
      "environment": "Day",
      "weather": "hazy",
      "scoreLimit": 6400,
      "timeLimit": 25,
      "deathPenaltyMul": 1.0,
      "randomSpawnTeams": true,
      "remapAiTankModels": true,
      "country_axis": "germany",
      "country_allies": "ussr"
    },
    "spectator_points": []
  },
  "imports": {
    "import_record": {
      "file": "gameData/missions/templates/tank_templates/dbttl_template.blk",
      "importAreas": true,
      "importUnits": true,
      "importTriggers": true,
      "importMissionObjectives": true,
      "importWayPoints": true,
      "showAreas": true,
      "showUnits": true,
      "showTriggers": true,
      "showMissionObjectives": true,
      "showWayPoints": true,
      "excludes": []
    }
  },
  "triggers": {
    "isCategory": true,
    "is_enabled": true
  },
  "mission_objectives": {
    "isCategory": true,
    "is_enabled": true
  },
  "variables": [],
  "dialogs": [],
  "airfields": [],
  "effects": [],
  "units": [
    {
      "tankModels": {
        "name": "t1_player01",
        "tm": [
          [-0.706339,0.0429567,0.706568],
          [0.0357307,0.999049,-0.0250194],
          [-0.706972,0.00757444,-0.707202],
          [852.326,246.7,1110.41]
        ],
        "unit_class": "germ_flakpanzer_I_ausf_A",
        "objLayer": 0,
        "closed_waypoints": false,
        "isShipSpline": false,
        "shipTurnRadius": 100.0,
        "weapons": "",
        "bullets0": "",
        "bullets1": "",
        "bullets2": "",
        "bullets3": "",
        "bulletsCount0": 0,
        "bulletsCount1": 0,
        "bulletsCount2": 0,
        "bulletsCount3": 0,
        "props": {
          "army": 2,
          "count": 1,
          "formation_type": "rows",
          "formation_div": 3,
          "formation_step": [2.5,2.0],
          "formation_noise": [0.1,0.1],
          "uniqueName": "",
          "attack_type": "fire_at_will"
        },
        "way": []
      }
    },
    {
      "area_squad": {
        "name": "dbttl_t1_spawn_01",
        "tm": [
          [-0.831064,0.0,-0.556177],
          [0.0,1.0,0.0],
          [0.556177,0.0,-0.831064],
          [1841.28,7.86092,1363.43]
        ],
        "props": [
          {
            "squad_members": "dbttl_t1_spawn_01_01"
          },
          {
            "squad_members": "dbttl_t1_spawn_01_02"
          },
          {
            "squad_members": "dbttl_t1_spawn_01_03"
          },
          {
            "squad_members": "dbttl_t1_spawn_01_04"
          },
          {
            "squad_members": "dbttl_t1_spawn_01_05"
          },
          {
            "squad_members": "dbttl_t1_spawn_01_06"
          },
          {
            "squad_members": "dbttl_t1_spawn_01_07"
          },
          {
            "squad_members": "dbttl_t1_spawn_01_08"
          },
          {
            "squad_members": "dbttl_t1_spawn_01_09"
          },
          {
            "squad_members": "dbttl_t1_spawn_01_10"
          },
          {
            "squad_members": "dbttl_t1_spawn_01_11"
          },
          {
            "squad_members": "dbttl_t1_spawn_01_12"
          },
          {
            "squad_members": "dbttl_t1_spawn_01_13"
          },
          {
            "squad_members": "dbttl_t1_spawn_01_14"
          },
          {
            "squad_members": "dbttl_t1_spawn_01_15"
          },
          {
            "squad_members": "dbttl_t1_spawn_01_16"
          },
          {
            "squad_members": "dbttl_t1_spawn_01_17"
          },
          {
            "squad_members": "dbttl_t1_spawn_01_18"
          },
          {
            "squad_members": "dbttl_t1_spawn_01_19"
          },
          {
            "squad_members": "dbttl_t1_spawn_01_20"
          }
        ]
      }
    },
    {
      "area_squad": {
        "name": "dbttl_t1_spawn_02",
        "tm": [
          [-0.901187,0.0,-0.433428],
          [0.0,1.0,0.0],
          [0.433428,0.0,-0.901187],
          [2344.9,5.74989,1212.1]
        ],
        "props": [
          {
            "squad_members": "dbttl_t1_spawn_02_01"
          },
          {
            "squad_members": "dbttl_t1_spawn_02_02"
          },
          {
            "squad_members": "dbttl_t1_spawn_02_03"
          },
          {
            "squad_members": "dbttl_t1_spawn_02_04"
          },
          {
            "squad_members": "dbttl_t1_spawn_02_05"
          },
          {
            "squad_members": "dbttl_t1_spawn_02_06"
          },
          {
            "squad_members": "dbttl_t1_spawn_02_07"
          },
          {
            "squad_members": "dbttl_t1_spawn_02_08"
          },
          {
            "squad_members": "dbttl_t1_spawn_02_09"
          },
          {
            "squad_members": "dbttl_t1_spawn_02_10"
          },
          {
            "squad_members": "dbttl_t1_spawn_02_11"
          },
          {
            "squad_members": "dbttl_t1_spawn_02_12"
          },
          {
            "squad_members": "dbttl_t1_spawn_02_13"
          },
          {
            "squad_members": "dbttl_t1_spawn_02_14"
          },
          {
            "squad_members": "dbttl_t1_spawn_02_15"
          },
          {
            "squad_members": "dbttl_t1_spawn_02_16"
          },
          {
            "squad_members": "dbttl_t1_spawn_02_17"
          },
          {
            "squad_members": "dbttl_t1_spawn_02_18"
          },
          {
            "squad_members": "dbttl_t1_spawn_02_19"
          },
          {
            "squad_members": "dbttl_t1_spawn_02_20"
          }
        ]
      }
    },
    {
      "area_squad": {
        "name": "dbttl_t2_spawn_01",
        "tm": [
          [0.876375,0.0,0.481629],
          [0.0,1.0,0.0],
          [-0.481629,0.0,0.876375],
          [3055.05,8.45,2761.45]
        ],
        "props": [
          {
            "squad_members": "dbttl_t2_spawn_01_01"
          },
          {
            "squad_members": "dbttl_t2_spawn_01_02"
          },
          {
            "squad_members": "dbttl_t2_spawn_01_03"
          },
          {
            "squad_members": "dbttl_t2_spawn_01_04"
          },
          {
            "squad_members": "dbttl_t2_spawn_01_05"
          },
          {
            "squad_members": "dbttl_t2_spawn_01_06"
          },
          {
            "squad_members": "dbttl_t2_spawn_01_07"
          },
          {
            "squad_members": "dbttl_t2_spawn_01_08"
          },
          {
            "squad_members": "dbttl_t2_spawn_01_09"
          },
          {
            "squad_members": "dbttl_t2_spawn_01_10"
          },
          {
            "squad_members": "dbttl_t2_spawn_01_11"
          },
          {
            "squad_members": "dbttl_t2_spawn_01_12"
          },
          {
            "squad_members": "dbttl_t2_spawn_01_13"
          },
          {
            "squad_members": "dbttl_t2_spawn_01_14"
          },
          {
            "squad_members": "dbttl_t2_spawn_01_15"
          },
          {
            "squad_members": "dbttl_t2_spawn_01_16"
          },
          {
            "squad_members": "dbttl_t2_spawn_01_17"
          },
          {
            "squad_members": "dbttl_t2_spawn_01_18"
          },
          {
            "squad_members": "dbttl_t2_spawn_01_19"
          },
          {
            "squad_members": "dbttl_t2_spawn_01_20"
          }
        ]
      }
    },
    {
      "area_squad": {
        "name": "dbttl_t2_spawn_02",
        "tm": [
          [-0.569598,0.0,-0.821924],
          [0.0,1.0,0.0],
          [0.821924,0.0,-0.569598],
          [3232.3,6.25,2509.05]
        ],
        "props": [
          {
            "squad_members": "dbttl_t2_spawn_02_01"
          },
          {
            "squad_members": "dbttl_t2_spawn_02_02"
          },
          {
            "squad_members": "dbttl_t2_spawn_02_03"
          },
          {
            "squad_members": "dbttl_t2_spawn_02_04"
          },
          {
            "squad_members": "dbttl_t2_spawn_02_05"
          },
          {
            "squad_members": "dbttl_t2_spawn_02_06"
          },
          {
            "squad_members": "dbttl_t2_spawn_02_07"
          },
          {
            "squad_members": "dbttl_t2_spawn_02_08"
          },
          {
            "squad_members": "dbttl_t2_spawn_02_09"
          },
          {
            "squad_members": "dbttl_t2_spawn_02_10"
          },
          {
            "squad_members": "dbttl_t2_spawn_02_11"
          },
          {
            "squad_members": "dbttl_t2_spawn_02_12"
          },
          {
            "squad_members": "dbttl_t2_spawn_02_13"
          },
          {
            "squad_members": "dbttl_t2_spawn_02_14"
          },
          {
            "squad_members": "dbttl_t2_spawn_02_15"
          },
          {
            "squad_members": "dbttl_t2_spawn_02_16"
          },
          {
            "squad_members": "dbttl_t2_spawn_02_17"
          },
          {
            "squad_members": "dbttl_t2_spawn_02_18"
          },
          {
            "squad_members": "dbttl_t2_spawn_02_19"
          },
          {
            "squad_members": "dbttl_t2_spawn_02_20"
          }
        ]
      }
    },
    {
      "objectGroups": {
        "name": "t1_trench_01",
        "tm": [
          [-0.539329,0.0,-0.842096],
          [0.0,1.0,0.0],
          [0.842096,0.0,-0.539329],
          [2058.77,11.35,1736.26]
        ],
        "unit_class": "rendinst_fortification_sand_trench_onground_a",
        "objLayer": 2,
        "props": {
          "army": 1,
          "active": true
        }
      }
    },
    {
      "objectGroups": {
        "name": "t1_trench_02",
        "tm": [
          [-0.247971,0.0,-0.968768],
          [0.0,1.0,0.0],
          [0.968768,0.0,-0.247971],
          [2094.24,9.69241,1784.87]
        ],
        "unit_class": "rendinst_fortification_sand_trench_onground_a",
        "objLayer": 2,
        "props": {
          "army": 1,
          "active": true
        }
      }
    },
    {
      "objectGroups": {
        "name": "t1_trench_03",
        "tm": [
          [0.0651545,0.0,0.997875],
          [0.0,1.0,0.0],
          [-0.997875,0.0,0.0651545],
          [2109.22,11.4444,1787.92]
        ],
        "unit_class": "rendinst_fortification_sandbags_onground_a",
        "objLayer": 2,
        "props": {
          "army": 1,
          "active": true
        }
      }
    },
    {
      "objectGroups": {
        "name": "t1_trench_04",
        "tm": [
          [0.124211,0.0,-0.992256],
          [0.0,1.0,0.0],
          [0.992256,0.0,0.124211],
          [2192.38,10.6939,1798.24]
        ],
        "unit_class": "rendinst_fortification_sand_trench_onground_a",
        "objLayer": 2,
        "props": {
          "army": 1,
          "active": true
        }
      }
    },
    {
      "objectGroups": {
        "name": "t2_trench_01",
        "tm": [
          [-0.256735,0.0,0.966483],
          [0.0,1.0,0.0],
          [-0.966483,0.0,-0.256735],
          [2883.73,5.98108,2302.21]
        ],
        "unit_class": "rendinst_fortification_sand_trench_onground_a",
        "objLayer": 2,
        "props": {
          "army": 2,
          "active": true
        }
      }
    },
    {
      "objectGroups": {
        "name": "t2_trench_02",
        "tm": [
          [-0.93574,0.0,-0.352691],
          [0.0,1.0,0.0],
          [0.352691,0.0,-0.93574],
          [2795.62,4.61983,2296.66]
        ],
        "unit_class": "rendinst_fortification_sandbags_onground_a",
        "objLayer": 2,
        "props": {
          "army": 2,
          "active": true
        }
      }
    },
    {
      "objectGroups": {
        "name": "t2_trench_03",
        "tm": [
          [-0.948034,0.0,-0.318169],
          [0.0,1.0,0.0],
          [0.318169,0.0,-0.948034],
          [2837.52,4.276,2230.18]
        ],
        "unit_class": "rendinst_fortification_sandbags_onground_a",
        "objLayer": 2,
        "props": {
          "army": 2,
          "active": true
        }
      }
    },
    {
      "objectGroups": {
        "name": "t2_trench_04",
        "tm": [
          [0.356879,0.0,0.934151],
          [0.0,1.0,0.0],
          [-0.934151,0.0,0.356879],
          [2882.62,3.74367,2227.43]
        ],
        "unit_class": "rendinst_fortification_sand_trench_onground_a",
        "objLayer": 2,
        "props": {
          "army": 2,
          "active": true
        }
      }
    },
    {
      "objectGroups": {
        "name": "t2_trench_05",
        "tm": [
          [0.129268,0.0,0.99161],
          [0.0,1.0,0.0],
          [-0.99161,0.0,0.129268],
          [2911.0,6.22505,2290.35]
        ],
        "unit_class": "rendinst_fortification_sand_trench_onground_a",
        "objLayer": 2,
        "props": {
          "army": 2,
          "active": true
        }
      }
    },
    {
      "objectGroups": {
        "name": "t2_trench_06",
        "tm": [
          [-0.784926,0.0,-0.61959],
          [0.0,1.0,0.0],
          [0.61959,0.0,-0.784926],
          [2758.91,7.53603,2343.12]
        ],
        "unit_class": "rendinst_fortification_sandbags_onground_a",
        "objLayer": 2,
        "props": {
          "army": 2,
          "active": true
        }
      }
    },
    {
      "objectGroups": {
        "name": "t2_trench_07",
        "tm": [
          [0.651964,0.0,0.758249],
          [0.0,1.0,0.0],
          [-0.758249,0.0,0.651964],
          [2691.13,5.8419,2361.3]
        ],
        "unit_class": "rendinst_fortification_sand_trench_onground_a",
        "objLayer": 2,
        "props": {
          "army": 2,
          "active": true
        }
      }
    },
    {
      "objectGroups": {
        "name": "t1_trench_05",
        "tm": [
          [-0.83477,0.0,-0.5506],
          [0.0,1.0,0.0],
          [0.5506,0.0,-0.83477],
          [2316.91,11.4859,1707.66]
        ],
        "unit_class": "rendinst_fortification_sand_trench_onground_a",
        "objLayer": 2,
        "props": {
          "army": 1,
          "active": true
        }
      }
    },
    {
      "objectGroups": {
        "name": "t1_trench_06",
        "tm": [
          [-0.986034,0.0,-0.166548],
          [0.0,1.0,0.0],
          [0.166548,0.0,-0.986034],
          [2194.17,10.4335,1748.91]
        ],
        "unit_class": "rendinst_fortification_sand_trench_onground_a",
        "objLayer": 2,
        "props": {
          "army": 1,
          "active": true
        }
      }
    },
    {
      "tankModels": {
        "name": "t1_antiTankGun01",
        "tm": [
          [0.623365,0.0,0.781931],
          [0.0,1.0,0.0],
          [-0.781931,0.0,0.623365],
          [2046.41,10.9373,1739.19]
        ],
        "unit_class": "germ_at_gun_pak38",
        "objLayer": 1,
        "closed_waypoints": false,
        "isShipSpline": false,
        "shipTurnRadius": 100.0,
        "weapons": "",
        "bullets0": "",
        "bullets1": "",
        "bullets2": "",
        "bullets3": "",
        "bulletsCount0": 0,
        "bulletsCount1": 0,
        "bulletsCount2": 0,
        "bulletsCount3": 0,
        "props": {
          "army": 1,
          "count": 1,
          "formation_type": "rows",
          "formation_div": 3,
          "formation_step": [2.5,2.0],
          "formation_noise": [0.1,0.1],
          "uniqueName": "",
          "attack_type": "fire_at_will",
          "targetableByAi": false,
          "unitReplacementType": "antiTankGun"
        },
        "way": []
      }
    },
    {
      "tankModels": {
        "name": "t1_antiTankGun02",
        "tm": [
          [0.293538,0.0,0.955948],
          [0.0,1.0,0.0],
          [-0.955948,0.0,0.293538],
          [2066.78,11.4146,1728.36]
        ],
        "unit_class": "germ_at_gun_pak38",
        "objLayer": 1,
        "closed_waypoints": false,
        "isShipSpline": false,
        "shipTurnRadius": 100.0,
        "weapons": "",
        "bullets0": "",
        "bullets1": "",
        "bullets2": "",
        "bullets3": "",
        "bulletsCount0": 0,
        "bulletsCount1": 0,
        "bulletsCount2": 0,
        "bulletsCount3": 0,
        "props": {
          "army": 1,
          "count": 1,
          "formation_type": "rows",
          "formation_div": 3,
          "formation_step": [2.5,2.0],
          "formation_noise": [0.1,0.1],
          "uniqueName": "",
          "attack_type": "fire_at_will",
          "targetableByAi": false,
          "unitReplacementType": "antiTankGun"
        },
        "way": []
      }
    },
    {
      "tankModels": {
        "name": "t1_antiTankGun03",
        "tm": [
          [0.221222,0.0,0.975224],
          [0.0,1.0,0.0],
          [-0.975224,0.0,0.221222],
          [2083.4,9.44128,1784.69]
        ],
        "unit_class": "germ_at_gun_pak38",
        "objLayer": 1,
        "closed_waypoints": false,
        "isShipSpline": false,
        "shipTurnRadius": 100.0,
        "weapons": "",
        "bullets0": "",
        "bullets1": "",
        "bullets2": "",
        "bullets3": "",
        "bulletsCount0": 0,
        "bulletsCount1": 0,
        "bulletsCount2": 0,
        "bulletsCount3": 0,
        "props": {
          "army": 1,
          "count": 1,
          "formation_type": "rows",
          "formation_div": 3,
          "formation_step": [2.5,2.0],
          "formation_noise": [0.1,0.1],
          "uniqueName": "",
          "attack_type": "fire_at_will",
          "targetableByAi": false,
          "unitReplacementType": "antiTankGun"
        },
        "way": []
      }
    },
    {
      "tankModels": {
        "name": "t1_antiTankGun04",
        "tm": [
          [0.00145103,-0.0484233,0.998826],
          [-0.0148162,0.998716,0.0484395],
          [-0.999889,-0.0148691,0.000732109],
          [2131.71,11.6696,1790.61]
        ],
        "unit_class": "germ_at_gun_pak38",
        "objLayer": 1,
        "closed_waypoints": false,
        "isShipSpline": false,
        "shipTurnRadius": 100.0,
        "weapons": "",
        "bullets0": "",
        "bullets1": "",
        "bullets2": "",
        "bullets3": "",
        "bulletsCount0": 0,
        "bulletsCount1": 0,
        "bulletsCount2": 0,
        "bulletsCount3": 0,
        "props": {
          "army": 1,
          "count": 1,
          "formation_type": "rows",
          "formation_div": 3,
          "formation_step": [2.5,2.0],
          "formation_noise": [0.1,0.1],
          "uniqueName": "",
          "attack_type": "fire_at_will",
          "targetableByAi": false,
          "unitReplacementType": "antiTankGun"
        },
        "way": []
      }
    },
    {
      "objectGroups": {
        "name": "t1_trench_07",
        "tm": [
          [-0.184464,0.0,-0.98284],
          [0.0,1.0,0.0],
          [0.98284,0.0,-0.184464],
          [2156.85,11.35,1800.95]
        ],
        "unit_class": "rendinst_fortification_sand_trench_onground_a",
        "objLayer": 2,
        "props": {
          "army": 1,
          "active": true
        }
      }
    },
    {
      "tankModels": {
        "name": "t1_antiTankGun05",
        "tm": [
          [0.898675,-0.0484233,0.435934],
          [0.0370658,0.998716,0.0345257],
          [-0.437047,-0.0148691,0.899316],
          [2205.53,17.499,1696.07]
        ],
        "unit_class": "germ_at_gun_pak38",
        "objLayer": 1,
        "closed_waypoints": false,
        "isShipSpline": false,
        "shipTurnRadius": 100.0,
        "weapons": "",
        "bullets0": "",
        "bullets1": "",
        "bullets2": "",
        "bullets3": "",
        "bulletsCount0": 0,
        "bulletsCount1": 0,
        "bulletsCount2": 0,
        "bulletsCount3": 0,
        "props": {
          "army": 1,
          "count": 1,
          "formation_type": "rows",
          "formation_div": 3,
          "formation_step": [2.5,2.0],
          "formation_noise": [0.1,0.1],
          "uniqueName": "",
          "attack_type": "fire_at_will",
          "targetableByAi": false,
          "unitReplacementType": "antiTankGun"
        },
        "way": []
      }
    },
    {
      "tankModels": {
        "name": "t1_antiTankGun06",
        "tm": [
          [0.0388624,-0.0484233,0.99807],
          [-0.0129914,0.998716,0.0489604],
          [-0.99916,-0.0148691,0.0381835],
          [2109.28,9.73256,1786.75]
        ],
        "unit_class": "germ_at_gun_pak38",
        "objLayer": 1,
        "closed_waypoints": false,
        "isShipSpline": false,
        "shipTurnRadius": 100.0,
        "weapons": "",
        "bullets0": "",
        "bullets1": "",
        "bullets2": "",
        "bullets3": "",
        "bulletsCount0": 0,
        "bulletsCount1": 0,
        "bulletsCount2": 0,
        "bulletsCount3": 0,
        "props": {
          "army": 1,
          "count": 1,
          "formation_type": "rows",
          "formation_div": 3,
          "formation_step": [2.5,2.0],
          "formation_noise": [0.1,0.1],
          "uniqueName": "",
          "attack_type": "fire_at_will",
          "targetableByAi": false,
          "unitReplacementType": "antiTankGun"
        },
        "way": []
      }
    },
    {
      "tankModels": {
        "name": "t1_antiTankGun07",
        "tm": [
          [-0.0356896,-0.0484233,0.998189],
          [-0.016607,0.998716,0.047855],
          [-0.999224,-0.0148691,-0.0364483],
          [2159.95,21.35,1673.45]
        ],
        "unit_class": "germ_at_gun_pak38",
        "objLayer": 1,
        "closed_waypoints": false,
        "isShipSpline": false,
        "shipTurnRadius": 100.0,
        "weapons": "",
        "bullets0": "",
        "bullets1": "",
        "bullets2": "",
        "bullets3": "",
        "bulletsCount0": 0,
        "bulletsCount1": 0,
        "bulletsCount2": 0,
        "bulletsCount3": 0,
        "props": {
          "army": 1,
          "count": 1,
          "formation_type": "rows",
          "formation_div": 3,
          "formation_step": [2.5,2.0],
          "formation_noise": [0.1,0.1],
          "uniqueName": "",
          "attack_type": "fire_at_will",
          "targetableByAi": false,
          "unitReplacementType": "antiTankGun"
        },
        "way": []
      }
    },
    {
      "tankModels": {
        "name": "t1_antiTankGun08",
        "tm": [
          [0.0594443,-0.0484233,0.997057],
          [-0.0119787,0.998716,0.049218],
          [-0.99816,-0.0148691,0.0587866],
          [2177.92,10.4968,1799.24]
        ],
        "unit_class": "germ_at_gun_pak38",
        "objLayer": 1,
        "closed_waypoints": false,
        "isShipSpline": false,
        "shipTurnRadius": 100.0,
        "weapons": "",
        "bullets0": "",
        "bullets1": "",
        "bullets2": "",
        "bullets3": "",
        "bulletsCount0": 0,
        "bulletsCount1": 0,
        "bulletsCount2": 0,
        "bulletsCount3": 0,
        "props": {
          "army": 1,
          "count": 1,
          "formation_type": "rows",
          "formation_div": 3,
          "formation_step": [2.5,2.0],
          "formation_noise": [0.1,0.1],
          "uniqueName": "",
          "attack_type": "fire_at_will",
          "targetableByAi": false,
          "unitReplacementType": "antiTankGun"
        },
        "way": []
      }
    },
    {
      "tankModels": {
        "name": "t1_antiTankGun09",
        "tm": [
          [0.159371,-0.0484233,0.986031],
          [-0.0069704,0.998716,0.0501728],
          [-0.987194,-0.0148691,0.158828],
          [2202.53,11.4911,1797.44]
        ],
        "unit_class": "germ_at_gun_pak38",
        "objLayer": 1,
        "closed_waypoints": false,
        "isShipSpline": false,
        "shipTurnRadius": 100.0,
        "weapons": "",
        "bullets0": "",
        "bullets1": "",
        "bullets2": "",
        "bullets3": "",
        "bulletsCount0": 0,
        "bulletsCount1": 0,
        "bulletsCount2": 0,
        "bulletsCount3": 0,
        "props": {
          "army": 1,
          "count": 1,
          "formation_type": "rows",
          "formation_div": 3,
          "formation_step": [2.5,2.0],
          "formation_noise": [0.1,0.1],
          "uniqueName": "",
          "attack_type": "fire_at_will",
          "targetableByAi": false,
          "unitReplacementType": "antiTankGun"
        },
        "way": []
      }
    },
    {
      "tankModels": {
        "name": "t1_antiTankGun10",
        "tm": [
          [0.981947,-0.0484233,-0.182859],
          [0.0503249,0.998716,0.00577093],
          [0.182343,-0.0148691,0.983122],
          [2222.2,10.3119,1764.75]
        ],
        "unit_class": "germ_at_gun_pak38",
        "objLayer": 1,
        "closed_waypoints": false,
        "isShipSpline": false,
        "shipTurnRadius": 100.0,
        "weapons": "",
        "bullets0": "",
        "bullets1": "",
        "bullets2": "",
        "bullets3": "",
        "bulletsCount0": 0,
        "bulletsCount1": 0,
        "bulletsCount2": 0,
        "bulletsCount3": 0,
        "props": {
          "army": 1,
          "count": 1,
          "formation_type": "rows",
          "formation_div": 3,
          "formation_step": [2.5,2.0],
          "formation_noise": [0.1,0.1],
          "uniqueName": "",
          "attack_type": "fire_at_will",
          "targetableByAi": false,
          "unitReplacementType": "antiTankGun"
        },
        "way": []
      }
    },
    {
      "tankModels": {
        "name": "t1_antiTankGun11",
        "tm": [
          [0.993039,-0.0484233,-0.10737],
          [0.0497376,0.998716,0.00959558],
          [0.106767,-0.0148691,0.994174],
          [2193.1,11.1586,1739.0]
        ],
        "unit_class": "germ_at_gun_pak38",
        "objLayer": 1,
        "closed_waypoints": false,
        "isShipSpline": false,
        "shipTurnRadius": 100.0,
        "weapons": "",
        "bullets0": "",
        "bullets1": "",
        "bullets2": "",
        "bullets3": "",
        "bulletsCount0": 0,
        "bulletsCount1": 0,
        "bulletsCount2": 0,
        "bulletsCount3": 0,
        "props": {
          "army": 1,
          "count": 1,
          "formation_type": "rows",
          "formation_div": 3,
          "formation_step": [2.5,2.0],
          "formation_noise": [0.1,0.1],
          "uniqueName": "",
          "attack_type": "fire_at_will",
          "targetableByAi": false,
          "unitReplacementType": "antiTankGun"
        },
        "way": []
      }
    },
    {
      "tankModels": {
        "name": "t1_antiTankGun12",
        "tm": [
          [0.990019,-0.0484233,0.132355],
          [0.0460182,0.998716,0.0211712],
          [-0.133211,-0.0148691,0.990976],
          [2324.76,11.4989,1699.21]
        ],
        "unit_class": "germ_at_gun_pak38",
        "objLayer": 1,
        "closed_waypoints": false,
        "isShipSpline": false,
        "shipTurnRadius": 100.0,
        "weapons": "",
        "bullets0": "",
        "bullets1": "",
        "bullets2": "",
        "bullets3": "",
        "bulletsCount0": 0,
        "bulletsCount1": 0,
        "bulletsCount2": 0,
        "bulletsCount3": 0,
        "props": {
          "army": 1,
          "count": 1,
          "formation_type": "rows",
          "formation_div": 3,
          "formation_step": [2.5,2.0],
          "formation_noise": [0.1,0.1],
          "uniqueName": "",
          "attack_type": "fire_at_will",
          "targetableByAi": false,
          "unitReplacementType": "antiTankGun"
        },
        "way": []
      }
    },
    {
      "tankModels": {
        "name": "t1_antiTankGun13",
        "tm": [
          [0.95448,-0.0484233,0.294318],
          [0.0418817,0.998716,0.0284926],
          [-0.29532,-0.0148691,0.955282],
          [2309.59,11.4962,1718.57]
        ],
        "unit_class": "germ_at_gun_pak38",
        "objLayer": 1,
        "closed_waypoints": false,
        "isShipSpline": false,
        "shipTurnRadius": 100.0,
        "weapons": "",
        "bullets0": "",
        "bullets1": "",
        "bullets2": "",
        "bullets3": "",
        "bulletsCount0": 0,
        "bulletsCount1": 0,
        "bulletsCount2": 0,
        "bulletsCount3": 0,
        "props": {
          "army": 1,
          "count": 1,
          "formation_type": "rows",
          "formation_div": 3,
          "formation_step": [2.5,2.0],
          "formation_noise": [0.1,0.1],
          "uniqueName": "",
          "attack_type": "fire_at_will",
          "targetableByAi": false,
          "unitReplacementType": "antiTankGun"
        },
        "way": []
      }
    },
    {
      "tankModels": {
        "name": "t2_antiTankGun01",
        "tm": [
          [-0.822309,0.0,-0.569041],
          [0.0,1.0,0.0],
          [0.569041,0.0,-0.822309],
          [2736.91,5.68633,2378.71]
        ],
        "unit_class": "uk_at_gun_qf6pounder",
        "objLayer": 1,
        "closed_waypoints": false,
        "isShipSpline": false,
        "shipTurnRadius": 100.0,
        "weapons": "",
        "bullets0": "",
        "bullets1": "",
        "bullets2": "",
        "bullets3": "",
        "bulletsCount0": 0,
        "bulletsCount1": 0,
        "bulletsCount2": 0,
        "bulletsCount3": 0,
        "props": {
          "army": 2,
          "count": 1,
          "formation_type": "rows",
          "formation_div": 3,
          "formation_step": [2.5,2.0],
          "formation_noise": [0.1,0.1],
          "uniqueName": "",
          "attack_type": "fire_at_will",
          "targetableByAi": false,
          "unitReplacementType": "antiTankGun"
        },
        "way": []
      }
    },
    {
      "tankModels": {
        "name": "t2_antiTankGun02",
        "tm": [
          [-0.775307,0.0,-0.631585],
          [0.0,1.0,0.0],
          [0.631585,0.0,-0.775307],
          [2685.37,5.97096,2369.49]
        ],
        "unit_class": "uk_at_gun_qf6pounder",
        "objLayer": 1,
        "closed_waypoints": false,
        "isShipSpline": false,
        "shipTurnRadius": 100.0,
        "weapons": "",
        "bullets0": "",
        "bullets1": "",
        "bullets2": "",
        "bullets3": "",
        "bulletsCount0": 0,
        "bulletsCount1": 0,
        "bulletsCount2": 0,
        "bulletsCount3": 0,
        "props": {
          "army": 2,
          "count": 1,
          "formation_type": "rows",
          "formation_div": 3,
          "formation_step": [2.5,2.0],
          "formation_noise": [0.1,0.1],
          "uniqueName": "",
          "attack_type": "fire_at_will",
          "targetableByAi": false,
          "unitReplacementType": "antiTankGun"
        },
        "way": []
      }
    },
    {
      "tankModels": {
        "name": "t2_antiTankGun03",
        "tm": [
          [-0.941509,0.0,-0.336989],
          [0.0,1.0,0.0],
          [0.336989,0.0,-0.941509],
          [2838.54,4.29516,2230.66]
        ],
        "unit_class": "uk_at_gun_qf6pounder",
        "objLayer": 1,
        "closed_waypoints": false,
        "isShipSpline": false,
        "shipTurnRadius": 100.0,
        "weapons": "",
        "bullets0": "",
        "bullets1": "",
        "bullets2": "",
        "bullets3": "",
        "bulletsCount0": 0,
        "bulletsCount1": 0,
        "bulletsCount2": 0,
        "bulletsCount3": 0,
        "props": {
          "army": 2,
          "count": 1,
          "formation_type": "rows",
          "formation_div": 3,
          "formation_step": [2.5,2.0],
          "formation_noise": [0.1,0.1],
          "uniqueName": "",
          "attack_type": "fire_at_will",
          "targetableByAi": false,
          "unitReplacementType": "antiTankGun"
        },
        "way": []
      }
    },
    {
      "tankModels": {
        "name": "t2_antiTankGun04",
        "tm": [
          [-0.981141,0.0,0.193294],
          [0.0,1.0,0.0],
          [-0.193294,0.0,-0.981141],
          [2840.05,4.48365,2221.24]
        ],
        "unit_class": "uk_at_gun_qf6pounder",
        "objLayer": 1,
        "closed_waypoints": false,
        "isShipSpline": false,
        "shipTurnRadius": 100.0,
        "weapons": "",
        "bullets0": "",
        "bullets1": "",
        "bullets2": "",
        "bullets3": "",
        "bulletsCount0": 0,
        "bulletsCount1": 0,
        "bulletsCount2": 0,
        "bulletsCount3": 0,
        "props": {
          "army": 2,
          "count": 1,
          "formation_type": "rows",
          "formation_div": 3,
          "formation_step": [2.5,2.0],
          "formation_noise": [0.1,0.1],
          "uniqueName": "",
          "attack_type": "fire_at_will",
          "targetableByAi": false,
          "unitReplacementType": "antiTankGun"
        },
        "way": []
      }
    },
    {
      "tankModels": {
        "name": "t2_antiTankGun05",
        "tm": [
          [-0.482391,0.0,-0.875956],
          [0.0,1.0,0.0],
          [0.875956,0.0,-0.482391],
          [2928.04,10.3213,2322.02]
        ],
        "unit_class": "uk_at_gun_qf6pounder",
        "objLayer": 1,
        "closed_waypoints": false,
        "isShipSpline": false,
        "shipTurnRadius": 100.0,
        "weapons": "",
        "bullets0": "",
        "bullets1": "",
        "bullets2": "",
        "bullets3": "",
        "bulletsCount0": 0,
        "bulletsCount1": 0,
        "bulletsCount2": 0,
        "bulletsCount3": 0,
        "props": {
          "army": 2,
          "count": 1,
          "formation_type": "rows",
          "formation_div": 3,
          "formation_step": [2.5,2.0],
          "formation_noise": [0.1,0.1],
          "uniqueName": "",
          "attack_type": "fire_at_will",
          "targetableByAi": false,
          "unitReplacementType": "antiTankGun"
        },
        "way": []
      }
    },
    {
      "tankModels": {
        "name": "t2_antiTankGun06",
        "tm": [
          [-0.285793,0.0,-0.958291],
          [0.0,1.0,0.0],
          [0.958291,0.0,-0.285793],
          [2901.27,6.37934,2294.54]
        ],
        "unit_class": "uk_at_gun_qf6pounder",
        "objLayer": 1,
        "closed_waypoints": false,
        "isShipSpline": false,
        "shipTurnRadius": 100.0,
        "weapons": "",
        "bullets0": "",
        "bullets1": "",
        "bullets2": "",
        "bullets3": "",
        "bulletsCount0": 0,
        "bulletsCount1": 0,
        "bulletsCount2": 0,
        "bulletsCount3": 0,
        "props": {
          "army": 2,
          "count": 1,
          "formation_type": "rows",
          "formation_div": 3,
          "formation_step": [2.5,2.0],
          "formation_noise": [0.1,0.1],
          "uniqueName": "",
          "attack_type": "fire_at_will",
          "targetableByAi": false,
          "unitReplacementType": "antiTankGun"
        },
        "way": []
      }
    },
    {
      "tankModels": {
        "name": "t2_antiTankGun07",
        "tm": [
          [-0.274992,0.0,-0.961446],
          [0.0,1.0,0.0],
          [0.961446,0.0,-0.274992],
          [2904.95,7.9,2310.14]
        ],
        "unit_class": "uk_at_gun_qf6pounder",
        "objLayer": 1,
        "closed_waypoints": false,
        "isShipSpline": false,
        "shipTurnRadius": 100.0,
        "weapons": "",
        "bullets0": "",
        "bullets1": "",
        "bullets2": "",
        "bullets3": "",
        "bulletsCount0": 0,
        "bulletsCount1": 0,
        "bulletsCount2": 0,
        "bulletsCount3": 0,
        "props": {
          "army": 2,
          "count": 1,
          "formation_type": "rows",
          "formation_div": 3,
          "formation_step": [2.5,2.0],
          "formation_noise": [0.1,0.1],
          "uniqueName": "",
          "attack_type": "fire_at_will",
          "targetableByAi": false,
          "unitReplacementType": "antiTankGun"
        },
        "way": []
      }
    },
    {
      "tankModels": {
        "name": "t2_antiTankGun08",
        "tm": [
          [-0.0540649,0.0,-0.998537],
          [0.0,1.0,0.0],
          [0.998537,0.0,-0.0540649],
          [2873.41,6.22171,2302.09]
        ],
        "unit_class": "uk_at_gun_qf6pounder",
        "objLayer": 1,
        "closed_waypoints": false,
        "isShipSpline": false,
        "shipTurnRadius": 100.0,
        "weapons": "",
        "bullets0": "",
        "bullets1": "",
        "bullets2": "",
        "bullets3": "",
        "bulletsCount0": 0,
        "bulletsCount1": 0,
        "bulletsCount2": 0,
        "bulletsCount3": 0,
        "props": {
          "army": 2,
          "count": 1,
          "formation_type": "rows",
          "formation_div": 3,
          "formation_step": [2.5,2.0],
          "formation_noise": [0.1,0.1],
          "uniqueName": "",
          "attack_type": "fire_at_will",
          "targetableByAi": false,
          "unitReplacementType": "antiTankGun"
        },
        "way": []
      }
    },
    {
      "tankModels": {
        "name": "t2_antiTankGun09",
        "tm": [
          [-0.310893,0.0,-0.950446],
          [0.0,1.0,0.0],
          [0.950446,0.0,-0.310893],
          [2873.85,3.68253,2233.76]
        ],
        "unit_class": "uk_at_gun_qf6pounder",
        "objLayer": 1,
        "closed_waypoints": false,
        "isShipSpline": false,
        "shipTurnRadius": 100.0,
        "weapons": "",
        "bullets0": "",
        "bullets1": "",
        "bullets2": "",
        "bullets3": "",
        "bulletsCount0": 0,
        "bulletsCount1": 0,
        "bulletsCount2": 0,
        "bulletsCount3": 0,
        "props": {
          "army": 2,
          "count": 1,
          "formation_type": "rows",
          "formation_div": 3,
          "formation_step": [2.5,2.0],
          "formation_noise": [0.1,0.1],
          "uniqueName": "",
          "attack_type": "fire_at_will",
          "targetableByAi": false,
          "unitReplacementType": "antiTankGun"
        },
        "way": []
      }
    },
    {
      "tankModels": {
        "name": "t2_antiTankGun10",
        "tm": [
          [0.310619,0.0,-0.950535],
          [0.0,1.0,0.0],
          [0.950535,0.0,0.310619],
          [2852.28,3.71884,2215.38]
        ],
        "unit_class": "uk_at_gun_qf6pounder",
        "objLayer": 1,
        "closed_waypoints": false,
        "isShipSpline": false,
        "shipTurnRadius": 100.0,
        "weapons": "",
        "bullets0": "",
        "bullets1": "",
        "bullets2": "",
        "bullets3": "",
        "bulletsCount0": 0,
        "bulletsCount1": 0,
        "bulletsCount2": 0,
        "bulletsCount3": 0,
        "props": {
          "army": 2,
          "count": 1,
          "formation_type": "rows",
          "formation_div": 3,
          "formation_step": [2.5,2.0],
          "formation_noise": [0.1,0.1],
          "uniqueName": "",
          "attack_type": "fire_at_will",
          "targetableByAi": false,
          "unitReplacementType": "antiTankGun"
        },
        "way": []
      }
    },
    {
      "tankModels": {
        "name": "t1_antiTankGun14",
        "tm": [
          [0.149738,-0.0484233,0.98754],
          [-0.0074598,0.998716,0.0501024],
          [-0.988697,-0.0148691,0.149183],
          [2166.9,10.6068,1796.35]
        ],
        "unit_class": "germ_at_gun_pak38",
        "objLayer": 1,
        "closed_waypoints": false,
        "isShipSpline": false,
        "shipTurnRadius": 100.0,
        "weapons": "",
        "bullets0": "",
        "bullets1": "",
        "bullets2": "",
        "bullets3": "",
        "bulletsCount0": 0,
        "bulletsCount1": 0,
        "bulletsCount2": 0,
        "bulletsCount3": 0,
        "props": {
          "army": 1,
          "count": 1,
          "formation_type": "rows",
          "formation_div": 3,
          "formation_step": [2.5,2.0],
          "formation_noise": [0.1,0.1],
          "uniqueName": "",
