{
  "selected_tag": "",
  "bin_dump_file": "",
  "mission_settings": {
    "player": {
      "army": 1,
      "wing": "bdt_armada"
    },
    "player_teamB": {
      "army": 2
    },
    "mission": {
      "level": "levels/air_afghan.bin",
      "type": "singleMission",
      "environment": "Day",
      "weather": "hazy",
      "restoreType": "attempts",
      "optionalTakeOff": true
    },
    "spectator_points": {}
  },
  "imports": {
    "import_record": [
      {
        "file": "gameData/missions/templates/enduring_confrontation/bdt_bases_destroy_template.blk",
        "importAreas": true,
        "importUnits": true,
        "importTriggers": true,
        "importMissionObjectives": true,
        "importWayPoints": true,
        "showAreas": true,
        "showUnits": true,
        "showTriggers": true,
        "showMissionObjectives": true,
        "showWayPoints": true,
        "excludes": {}
      },
      {
        "file": "gameData/missions/templates/units_sets/land_sets_aaa_bases/bdt_t1_ussr_rank_01.blk",
        "rankRange": [
          0,
          4
        ],
        "importAreas": true,
        "importUnits": true,
        "importTriggers": true,
        "importMissionObjectives": true,
        "importWayPoints": true,
        "showAreas": true,
        "showUnits": true,
        "showTriggers": true,
        "showMissionObjectives": true,
        "showWayPoints": true,
        "excludes": {}
      },
      {
        "file": "gameData/missions/templates/units_sets/land_sets_aaa_bases/bdt_t1_ussr_rank_02.blk",
        "rankRange": [
          5,
          8
        ],
        "importAreas": true,
        "importUnits": true,
        "importTriggers": true,
        "importMissionObjectives": true,
        "importWayPoints": true,
        "showAreas": true,
        "showUnits": true,
        "showTriggers": true,
        "showMissionObjectives": true,
        "showWayPoints": true,
        "excludes": {}
      },
      {
        "file": "gameData/missions/templates/units_sets/land_sets_aaa_bases/bdt_t1_ussr_rank_03.blk",
        "rankRange": [
          9,
          13
        ],
        "importAreas": true,
        "importUnits": true,
        "importTriggers": true,
        "importMissionObjectives": true,
        "importWayPoints": true,
        "showAreas": true,
        "showUnits": true,
        "showTriggers": true,
        "showMissionObjectives": true,
        "showWayPoints": true,
        "excludes": {}
      },
      {
        "file": "gameData/missions/templates/units_sets/land_sets_aaa_bases/bdt_t1_ussr_rank_04.blk",
        "rankRange": [
          14,
          19
        ],
        "importAreas": true,
        "importUnits": true,
        "importTriggers": true,
        "importMissionObjectives": true,
        "importWayPoints": true,
        "showAreas": true,
        "showUnits": true,
        "showTriggers": true,
        "showMissionObjectives": true,
        "showWayPoints": true,
        "excludes": {}
      },
      {
        "file": "gameData/missions/templates/units_sets/land_sets_aaa_bases/bdt_t1_ussr_rank_05.blk",
        "rankRange": [
          20,
          24
        ],
        "importAreas": true,
        "importUnits": true,
        "importTriggers": true,
        "importMissionObjectives": true,
        "importWayPoints": true,
        "showAreas": true,
        "showUnits": true,
        "showTriggers": true,
        "showMissionObjectives": true,
        "showWayPoints": true,
        "excludes": {}
      },
      {
        "file": "gameData/missions/templates/units_sets/land_sets_aaa_bases/bdt_t1_ussr_rank_06.blk",
        "rankRange": [
          25,
          50
        ],
        "importAreas": true,
        "importUnits": true,
        "importTriggers": true,
        "importMissionObjectives": true,
        "importWayPoints": true,
        "showAreas": true,
        "showUnits": true,
        "showTriggers": true,
        "showMissionObjectives": true,
        "showWayPoints": true,
        "excludes": {}
      },
      {
        "file": "gameData/missions/templates/units_sets/land_sets_aaa_bases/bdt_t2_usa_rank_01.blk",
        "rankRange": [
          0,
          4
        ],
        "importAreas": true,
        "importUnits": true,
        "importTriggers": true,
        "importMissionObjectives": true,
        "importWayPoints": true,
        "showAreas": true,
        "showUnits": true,
        "showTriggers": true,
        "showMissionObjectives": true,
        "showWayPoints": true,
        "excludes": {}
      },
      {
        "file": "gameData/missions/templates/units_sets/land_sets_aaa_bases/bdt_t2_usa_rank_02.blk",
        "rankRange": [
          5,
          8
        ],
        "importAreas": true,
        "importUnits": true,
        "importTriggers": true,
        "importMissionObjectives": true,
        "importWayPoints": true,
        "showAreas": true,
        "showUnits": true,
        "showTriggers": true,
        "showMissionObjectives": true,
        "showWayPoints": true,
        "excludes": {}
      },
      {
        "file": "gameData/missions/templates/units_sets/land_sets_aaa_bases/bdt_t2_usa_rank_03.blk",
        "rankRange": [
          9,
          13
        ],
        "importAreas": true,
        "importUnits": true,
        "importTriggers": true,
        "importMissionObjectives": true,
        "importWayPoints": true,
        "showAreas": true,
        "showUnits": true,
        "showTriggers": true,
        "showMissionObjectives": true,
        "showWayPoints": true,
        "excludes": {}
      },
      {
        "file": "gameData/missions/templates/units_sets/land_sets_aaa_bases/bdt_t2_usa_rank_04.blk",
        "rankRange": [
          14,
          19
        ],
        "importAreas": true,
        "importUnits": true,
        "importTriggers": true,
        "importMissionObjectives": true,
        "importWayPoints": true,
        "showAreas": true,
        "showUnits": true,
        "showTriggers": true,
        "showMissionObjectives": true,
        "showWayPoints": true,
        "excludes": {}
      },
      {
        "file": "gameData/missions/templates/units_sets/land_sets_aaa_bases/bdt_t2_usa_rank_05.blk",
        "rankRange": [
          20,
          24
        ],
        "importAreas": true,
        "importUnits": true,
        "importTriggers": true,
        "importMissionObjectives": true,
        "importWayPoints": true,
        "showAreas": true,
        "showUnits": true,
        "showTriggers": true,
        "showMissionObjectives": true,
        "showWayPoints": true,
        "excludes": {}
      },
      {
        "file": "gameData/missions/templates/units_sets/land_sets_aaa_bases/bdt_t2_usa_rank_06.blk",
        "rankRange": [
          25,
          50
        ],
        "importAreas": true,
        "importUnits": true,
        "importTriggers": true,
        "importMissionObjectives": true,
        "importWayPoints": true,
        "showAreas": true,
        "showUnits": true,
        "showTriggers": true,
        "showMissionObjectives": true,
        "showWayPoints": true,
        "excludes": {}
      }
    ]
  },
  "triggers": {
    "isCategory": true,
    "is_enabled": true,
    "bdt_part_init": {
      "is_enabled": true,
      "comments": "",
      "props": {
        "actionsType": "PERFORM_ONE_BY_ONE",
        "conditionsType": "ALL",
        "enableAfterComplete": false
      },
      "events": {
        "initMission": {}
      },
      "conditions": {},
      "actions": {
        "comment": [
          {
            "value": "set max bases amount +1"
          },
          {
            "value": "enable self restarting for template"
          },
          {
            "value": "increase one-moment bases amount"
          },
          {
            "value": "set min distance between bases"
          }
        ],
        "varSetInt": [
          {
            "value": 21,
            "var": "bdt_t1_total_bases_max_count"
          },
          {
            "value": 21,
            "var": "bdt_t2_total_bases_max_count"
          },
          {
            "value": 5,
            "var": [
              "bdt_t1_active_bases_max_count",
              "bdt_t2_active_bases_max_count"
            ]
          }
        ],
        "varSetBool": {
          "value": true,
          "var": "bdt_self_restart"
        },
        "varSetReal": {
          "value": 15000.0,
          "var": [
            "bdt_t1_min_zone_distance",
            "bdt_t2_min_zone_distance"
          ]
        }
      },
      "else_actions": {}
    }
  },
  "mission_objectives": {
    "isCategory": true,
    "is_enabled": true
  },
  "variables": {},
  "dialogs": {},
  "airfields": {},
  "effects": {},
  "units": {
    "objectGroups": [
      {
        "name": "bdt_t1_bomb_object_01",
        "tm": [
          [
            0.121857,
            0.0,
            0.992548
          ],
          [
            0.0,
            1.0,
            0.0
          ],
          [
            -0.992548,
            0.0,
            0.121857
          ],
          [
            18809.6,
            809.822,
            -661.658
          ]
        ],
        "unit_class": "dynBase_small_factory_square",
        "objLayer": 2,
        "props": {
          "army": 1,
          "active": false
        }
      },
      {
        "name": "bdt_t1_bomb_object_02",
        "tm": [
          [
            0.258819,
            0.0,
            0.965927
          ],
          [
            0.0,
            1.0,
            0.0
          ],
          [
            -0.965927,
            0.0,
            0.258819
          ],
          [
            11916.1,
            2068.02,
            -21843.4
          ]
        ],
        "unit_class": "dynBase_hq_camp_square",
        "objLayer": 2,
        "props": {
          "army": 1,
          "active": false
        }
      },
      {
        "name": "bdt_t1_bomb_object_03",
        "tm": [
          [
            0.766044,
            0.0,
            0.642788
          ],
          [
            0.0,
            1.0,
            0.0
          ],
          [
            -0.642788,
            0.0,
            0.766044
          ],
          [
            21581.4,
            2651.7,
            -12992.0
          ]
        ],
        "unit_class": "dynBase_petrol_camp_square",
        "objLayer": 2,
        "props": {
          "army": 1,
          "active": false
        }
      },
      {
        "name": "bdt_t1_bomb_object_04",
        "tm": [
          [
            0.342021,
            0.0,
            0.939693
          ],
          [
            0.0,
            1.0,
            0.0
          ],
          [
            -0.939693,
            0.0,
            0.342021
          ],
          [
            20425.1,
            2212.08,
            -27620.7
          ]
        ],
        "unit_class": "dynBase_field_camp_square",
        "objLayer": 2,
        "props": {
          "army": 1,
          "active": false
        }
      },
      {
        "name": "bdt_t1_bomb_object_05",
        "tm": [
          [
            0.996194,
            0.0,
            0.0871554
          ],
          [
            0.0,
            1.0,
            0.0
          ],
          [
            -0.0871554,
            0.0,
            0.996194
          ],
          [
            11116.3,
            463.729,
            -8817.33
          ]
        ],
        "unit_class": "dynBase_military_base_square",
        "objLayer": 2,
        "props": {
          "army": 1,
          "active": false
        }
      },
      {
        "name": "bdt_t1_bomb_object_06",
        "tm": [
          [
            -0.0436191,
            0.0,
            0.999049
          ],
          [
            0.0,
            1.0,
            0.0
          ],
          [
            -0.999049,
            0.0,
            -0.0436191
          ],
          [
            14114.4,
            3255.93,
            13370.2
          ]
        ],
        "unit_class": "dynBase_oil_storage_large_square",
        "objLayer": 2,
        "props": {
          "army": 1,
          "active": false
        }
      },
      {
        "name": "bdt_t1_bomb_object_07",
        "tm": [
          [
            -0.0436195,
            0.0,
            0.999047
          ],
          [
            0.0,
            1.0,
            0.0
          ],
          [
            -0.999047,
            0.0,
            -0.0436195
          ],
          [
            21863.0,
            2879.92,
            13336.3
          ]
        ],
        "unit_class": "dynBase_ammunition_storage_square",
        "objLayer": 2,
        "props": {
          "army": 1,
          "active": false
        }
      },
      {
        "name": "bdt_t1_bomb_object_08",
        "tm": [
          [
            -0.422618,
            0.0,
            0.906307
          ],
          [
            0.0,
            1.0,
            0.0
          ],
          [
            -0.906307,
            0.0,
            -0.422618
          ],
          [
            22773.3,
            3032.31,
            20382.9
          ]
        ],
        "unit_class": "dynBase_oil_storage_small_square",
        "objLayer": 2,
        "props": {
          "army": 1,
          "active": false
        }
      },
      {
        "name": "bdt_t2_bomb_object_01",
        "tm": [
          [
            0.573577,
            0.0,
            0.819153
          ],
          [
            0.0,
            1.0,
            0.0
          ],
          [
            -0.819153,
            0.0,
            0.573577
          ],
          [
            -15207.1,
            3775.05,
            20047.8
          ]
        ],
        "unit_class": "dynBase_hq_camp_square",
        "objLayer": 2,
        "props": {
          "army": 2,
          "active": false
        }
      },
      {
        "name": "bdt_t2_bomb_object_02",
        "tm": [
          [
            0.862677,
            0.0,
            0.505759
          ],
          [
            0.0,
            1.0,
            0.0
          ],
          [
            -0.505759,
            0.0,
            0.862677
          ],
          [
            -21307.2,
            1643.3,
            -20408.6
          ]
        ],
        "unit_class": "dynBase_military_base_square",
        "objLayer": 2,
        "props": {
          "army": 2,
          "active": false
        }
      },
      {
        "name": "bdt_t2_bomb_object_03",
        "tm": [
          [
            -0.976298,
            0.0,
            -0.21644
          ],
          [
            0.0,
            1.0,
            0.0
          ],
          [
            0.21644,
            0.0,
            -0.976298
          ],
          [
            -12049.8,
            438.646,
            -2602.66
          ]
        ],
        "unit_class": "dynBase_ammunition_camp_square",
        "objLayer": 2,
        "props": {
          "army": 2,
          "active": false
        }
      },
      {
        "name": "bdt_t2_bomb_object_04",
        "tm": [
          [
            0.382684,
            0.0,
            0.923881
          ],
          [
            0.0,
            1.0,
            0.0
          ],
          [
            -0.923881,
            0.0,
            0.382684
          ],
          [
            -15494.4,
            1443.11,
            -25286.3
          ]
        ],
        "unit_class": "dynBase_oil_storage_large_square",
        "objLayer": 2,
        "props": {
          "army": 2,
          "active": false
        }
      },
      {
        "name": "bdt_t2_bomb_object_05",
        "tm": [
          [
            0.130526,
            0.0,
            0.991445
          ],
          [
            0.0,
            1.0,
            0.0
          ],
          [
            -0.991445,
            0.0,
            0.130526
          ],
          [
            -22536.4,
            2032.88,
            3157.1
          ]
        ],
        "unit_class": "dynBase_oil_storage_small_square",
        "objLayer": 2,
        "props": {
          "army": 2,
          "active": false
        }
      },
      {
        "name": "bdt_t2_bomb_object_06",
        "tm": [
          [
            0.500001,
            0.0,
            0.866026
          ],
          [
            0.0,
            1.0,
            0.0
          ],
          [
            -0.866026,
            0.0,
            0.500001
          ],
          [
            -18454.2,
            2494.38,
            12350.8
          ]
        ],
        "unit_class": "dynBase_petrol_camp_square",
        "objLayer": 2,
        "props": {
          "army": 2,
          "active": false
        }
      },
      {
        "name": "bdt_t2_bomb_object_07",
        "tm": [
          [
            0.25882,
            0.0,
            0.965926
          ],
          [
            0.0,
            1.0,
            0.0
          ],
          [
            -0.965926,
            0.0,
            0.25882
          ],
          [
            -17722.8,
            1130.39,
            -7638.28
          ]
        ],
        "unit_class": "dynBase_ammunition_storage_square",
        "objLayer": 2,
        "props": {
          "army": 2,
          "active": false
        }
      },
      {
        "name": "bdt_t2_bomb_object_08",
        "tm": [
          [
            0.608762,
            0.0,
            0.793353
          ],
          [
            0.0,
            1.0,
            0.0
          ],
          [
            -0.793353,
            0.0,
            0.608762
          ],
          [
            -11357.3,
            2607.19,
            10634.8
          ]
        ],
        "unit_class": "dynBase_small_factory_square",
        "objLayer": 2,
        "props": {
          "army": 2,
          "active": false
        }
      },
      {
        "name": "bdt_t1_bomb_object_09",
        "tm": [
          [
            -0.422618,
            0.0,
            0.906307
          ],
          [
            0.0,
            1.0,
            0.0
          ],
          [
            -0.906307,
            0.0,
            -0.422618
          ],
          [
            27359.0,
            2764.2,
            9023.82
          ]
        ],
        "unit_class": "dynBase_oil_storage_small_square",
        "objLayer": 2,
        "props": {
          "army": 1,
          "active": false
        }
      },
      {
        "name": "bdt_t1_bomb_object_10",
        "tm": [
          [
            0.766044,
            0.0,
            0.642788
          ],
          [
            0.0,
            1.0,
            0.0
          ],
          [
            -0.642788,
            0.0,
            0.766044
          ],
          [
            13836.2,
            2456.81,
            5877.14
          ]
        ],
        "unit_class": "dynBase_petrol_camp_square",
        "objLayer": 2,
        "props": {
          "army": 1,
          "active": false
        }
      },
      {
        "name": "bdt_t2_bomb_object_09",
        "tm": [
          [
            0.862677,
            0.0,
            0.505759
          ],
          [
            0.0,
            1.0,
            0.0
          ],
          [
            -0.505759,
            0.0,
            0.862677
          ],
          [
            -25966.3,
            1413.56,
            -27654.6
          ]
        ],
        "unit_class": "dynBase_military_base_square",
        "objLayer": 2,
        "props": {
          "army": 2,
          "active": false
        }
      },
      {
        "name": "bdt_t2_bomb_object_10",
        "tm": [
          [
            0.130526,
            0.0,
            0.991445
          ],
          [
            0.0,
            1.0,
            0.0
          ],
          [
            -0.991445,
            0.0,
            0.130526
          ],
          [
            -23001.2,
            3368.98,
            25614.3
          ]
        ],
        "unit_class": "dynBase_oil_storage_small_square",
        "objLayer": 2,
        "props": {
          "army": 2,
          "active": false
        }
      },
      {
        "name": "bdt_t1_bomb_object_11",
        "tm": [
          [
            0.766044,
            0.0,
            0.642788
          ],
          [
            0.0,
            1.0,
            0.0
          ],
          [
            -0.642788,
            0.0,
            0.766044
          ],
          [
            39647.8,
            3019.57,
            -24927.0
          ]
        ],
        "unit_class": "dynBase_petrol_camp_square",
        "objLayer": 2,
        "props": {
          "army": 1,
          "active": false
        }
      },
      {
        "name": "bdt_t1_bomb_object_12",
        "tm": [
          [
            0.121857,
            0.0,
            0.992548
          ],
          [
            0.0,
            1.0,
            0.0
          ],
          [
            -0.992548,
            0.0,
            0.121857
          ],
          [
            38505.4,
            347.292,
            -717.366
          ]
        ],
        "unit_class": "dynBase_small_factory_square",
        "objLayer": 2,
        "props": {
          "army": 1,
          "active": false
        }
      },
      {
        "name": "bdt_t1_bomb_object_13",
        "tm": [
          [
            0.258819,
            0.0,
            0.965927
          ],
          [
            0.0,
            1.0,
            0.0
          ],
          [
            -0.965927,
            0.0,
            0.258819
          ],
          [
            28214.3,
            505.717,
            -7399.2
          ]
        ],
        "unit_class": "dynBase_hq_camp_square",
        "objLayer": 2,
        "props": {
          "army": 1,
          "active": false
        }
      },
      {
        "name": "bdt_t1_bomb_object_14",
        "tm": [
          [
            0.342021,
            0.0,
            0.939693
          ],
          [
            0.0,
            1.0,
            0.0
          ],
          [
            -0.939693,
            0.0,
            0.342021
          ],
          [
            26427.7,
            2157.78,
            -28532.2
          ]
        ],
        "unit_class": "dynBase_field_camp_square",
        "objLayer": 2,
        "props": {
          "army": 1,
          "active": false
        }
      },
      {
        "name": "bdt_t1_bomb_object_15",
        "tm": [
          [
            0.766044,
            0.0,
            0.642788
          ],
          [
            0.0,
            1.0,
            0.0
          ],
          [
            -0.642788,
            0.0,
            0.766044
          ],
          [
            38400.7,
            1376.04,
            26122.8
          ]
        ],
        "unit_class": "dynBase_petrol_camp_square",
        "objLayer": 2,
        "props": {
          "army": 1,
          "active": false
        }
      },
      {
        "name": "bdt_t2_bomb_object_11",
        "tm": [
          [
            0.130526,
            0.0,
            0.991445
          ],
          [
            0.0,
            1.0,
            0.0
          ],
          [
            -0.991445,
            0.0,
            0.130526
          ],
          [
            -38781.6,
            2092.69,
            22345.7
          ]
        ],
        "unit_class": "dynBase_oil_storage_small_square",
        "objLayer": 2,
        "props": {
          "army": 2,
          "active": false
        }
      },
      {
        "name": "bdt_t2_bomb_object_12",
        "tm": [
          [
            0.25882,
            0.0,
            0.965926
          ],
          [
            0.0,
            1.0,
            0.0
          ],
          [
            -0.965926,
            0.0,
            0.25882
          ],
          [
            -33946.6,
            224.992,
            -1172.19
          ]
        ],
        "unit_class": "dynBase_ammunition_storage_square",
        "objLayer": 2,
        "props": {
          "army": 2,
          "active": false
        }
      },
      {
        "name": "bdt_t2_bomb_object_13",
        "tm": [
          [
            0.862677,
            0.0,
            0.505759
          ],
          [
            0.0,
            1.0,
            0.0
          ],
          [
            -0.505759,
            0.0,
            0.862677
          ],
          [
            -33456.4,
            771.072,
            -29684.2
          ]
        ],
        "unit_class": "dynBase_military_base_square",
        "objLayer": 2,
        "props": {
          "army": 2,
          "active": false
        }
      },
      {
        "name": "bdt_t2_bomb_object_14",
        "tm": [
          [
            0.500001,
            0.0,
            0.866026
          ],
          [
            0.0,
            1.0,
            0.0
          ],
          [
            -0.866026,
            0.0,
            0.500001
          ],
          [
            -45446.8,
            1758.08,
            39613.2
          ]
        ],
        "unit_class": "dynBase_petrol_camp_square",
        "objLayer": 2,
        "props": {
          "army": 2,
          "active": false
        }
      },
      {
        "name": "bdt_t2_bomb_object_15",
        "tm": [
          [
            0.862677,
            0.0,
            0.505759
          ],
          [
            0.0,
            1.0,
            0.0
          ],
          [
            -0.505759,
            0.0,
            0.862677
          ],
          [
            -32856.5,
            2439.65,
            19645.7
          ]
        ],
        "unit_class": "dynBase_military_base_square",
        "objLayer": 2,
        "props": {
          "army": 2,
          "active": false
        }
      },
      {
        "name": "bdt_t1_bomb_object_16",
        "tm": [
          [
            0.342021,
            0.0,
            0.939693
          ],
          [
            0.0,
            1.0,
            0.0
          ],
          [
            -0.939693,
            0.0,
            0.342021
          ],
          [
            14496.6,
            1049.52,
            52658.2
          ]
        ],
        "unit_class": "dynBase_field_camp_square",
        "objLayer": 2,
        "props": {
          "army": 1,
          "active": false
        }
      },
      {
        "name": "bdt_t1_bomb_object_17",
        "tm": [
          [
            0.342021,
            0.0,
            0.939693
          ],
          [
            0.0,
            1.0,
            0.0
          ],
          [
            -0.939693,
            0.0,
            0.342021
          ],
          [
            45245.5,
            844.701,
            37380.5
          ]
        ],
        "unit_class": "dynBase_field_camp_square",
        "objLayer": 2,
        "props": {
          "army": 1,
          "active": false
        }
      },
      {
        "name": "bdt_t1_bomb_object_18",
        "tm": [
          [
            0.121857,
            0.0,
            0.992548
          ],
          [
            0.0,
            1.0,
            0.0
          ],
          [
            -0.992548,
            0.0,
            0.121857
          ],
          [
            26566.2,
            2061.48,
            -51467.1
          ]
        ],
        "unit_class": "dynBase_small_factory_square",
        "objLayer": 2,
        "props": {
          "army": 1,
          "active": false
        }
      },
      {
        "name": "bdt_t1_bomb_object_19",
        "tm": [
          [
            0.342021,
            0.0,
            0.939693
          ],
          [
            0.0,
            1.0,
            0.0
          ],
          [
            -0.939693,
            0.0,
            0.342021
          ],
          [
            9166.1,
            1369.48,
            -49461.3
          ]
        ],
        "unit_class": "dynBase_field_camp_square",
        "objLayer": 2,
        "props": {
          "army": 1,
          "active": false
        }
      },
      {
        "name": "bdt_t1_bomb_object_20",
        "tm": [
          [
            0.121857,
            0.0,
            0.992548
          ],
          [
            0.0,
            1.0,
            0.0
          ],
          [
            -0.992548,
            0.0,
            0.121857
          ],
          [
            20303.5,
            1000.86,
            38755.1
          ]
        ],
        "unit_class": "dynBase_small_factory_square",
        "objLayer": 2,
        "props": {
          "army": 1,
          "active": false
        }
      },
      {
        "name": "bdt_t2_bomb_object_16",
        "tm": [
          [
            0.25882,
            0.0,
            0.965926
          ],
          [
            0.0,
            1.0,
            0.0
          ],
          [
            -0.965926,
            0.0,
            0.25882
          ],
          [
            -24529.2,
            3589.81,
            36203.9
          ]
        ],
        "unit_class": "dynBase_ammunition_storage_square",
        "objLayer": 2,
        "props": {
          "army": 2,
          "active": false
        }
      },
      {
        "name": "bdt_t2_bomb_object_17",
        "tm": [
          [
            0.500001,
            0.0,
            0.866026
          ],
          [
            0.0,
            1.0,
            0.0
          ],
          [
            -0.866026,
            0.0,
            0.500001
          ],
          [
            -21921.0,
            1353.85,
            -40566.1
          ]
        ],
        "unit_class": "dynBase_petrol_camp_square",
        "objLayer": 2,
        "props": {
          "army": 2,
          "active": false
        }
      },
      {
        "name": "bdt_t2_bomb_object_18",
        "tm": [
          [
            -0.976298,
            0.0,
            -0.21644
          ],
          [
            0.0,
            1.0,
            0.0
          ],
          [
            0.21644,
            0.0,
            -0.976298
          ],
          [
            -36209.0,
            1164.27,
            -51681.8
          ]
        ],
        "unit_class": "dynBase_ammunition_camp_square",
        "objLayer": 2,
        "props": {
          "army": 2,
          "active": false
        }
      },
      {
        "name": "bdt_t2_bomb_object_19",
        "tm": [
          [
            0.25882,
            0.0,
            0.965926
          ],
          [
            0.0,
            1.0,
            0.0
          ],
          [
            -0.965926,
            0.0,
            0.25882
          ],
          [
            -19853.8,
            986.624,
            -55356.0
          ]
        ],
        "unit_class": "dynBase_ammunition_storage_square",
        "objLayer": 2,
        "props": {
          "army": 2,
          "active": false
        }
      },
      {
        "name": "bdt_t2_bomb_object_20",
        "tm": [
          [
            0.862677,
            0.0,
            0.505759
          ],
          [
            0.0,
            1.0,
            0.0
          ],
          [
            -0.505759,
            0.0,
            0.862677
          ],
          [
            -11824.3,
            1281.17,
            -32332.6
          ]
        ],
        "unit_class": "dynBase_military_base_square",
        "objLayer": 2,
        "props": {
          "army": 2,
          "active": false
        }
      }
    ],
    "armada": {
      "name": "bdt_armada",
      "tm": [
        [
          0.707106,
          0.0,
          0.707107
        ],
        [
          0.0,
          1.0,
          0.0
        ],
        [
          -0.707107,
          0.0,
          0.707106
        ],
        [
          2373.36,
          5280.21,
          -17496.6
        ]
      ],
      "unit_class": "b-17g",
      "objLayer": 1,
      "closed_waypoints": false,
      "isShipSpline": false,
      "shipTurnRadius": 100.0,
      "weapons": "B17G_8x1000lbs",
      "bullets0": "",
      "bullets1": "",
      "bullets2": "",
      "bullets3": "",
      "bulletsCount0": 0,
      "bulletsCount1": 0,
      "bulletsCount2": 0,
      "bulletsCount3": 0,
      "crewSkillK": 0.0,
      "applyAllMods": false,
      "props": {
        "army": 2,
        "count": 1,
        "free_distance": 70.0,
        "floating_distance": 50.0,
        "minimum_distance_to_earth": 20.0,
        "altLimit": 6000.0,
        "attack_type": "fire_at_will",
        "skill": 4,
        "plane": {
          "wing_formation": "Diamond",
          "row_distances": 3.0,
          "col_distances": 3.0,
          "super_formation": "Diamond",
          "super_row_distances": 1.5,
          "super_col_distances": 1.5,
          "ai_skill": "NORMAL",
          "task": "FLY_WAYPOINT"
        }
      },
      "way": {}
    }
  },
  "areas": {
    "bdt_t1_bomb_zone_01": {
      "type": "Sphere",
      "tm": [
        [
          433.012,
          0.0,
          250.0
        ],
        [
          0.0,
          500.0,
          0.0
        ],
        [
          -250.0,
          0.0,
          433.012
        ],
        [
          18818.7,
          809.972,
          -660.32
        ]
      ],
      "objLayer": 0,
      "props": {}
    },
    "bdt_t1_bomb_zone_02": {
      "type": "Sphere",
      "tm": [
        [
          171.01,
          0.0,
          469.847
        ],
        [
          0.0,
          500.0,
          0.0
        ],
        [
          -469.847,
          0.0,
          171.01
        ],
        [
          11912.9,
          2067.83,
          -21843.1
        ]
      ],
      "objLayer": 0,
      "props": {}
    },
    "bdt_t1_bomb_zone_03": {
      "type": "Sphere",
      "tm": [
        [
          409.576,
          0.0,
          286.788
        ],
        [
          0.0,
          500.0,
          0.0
        ],
        [
          -286.788,
          0.0,
          409.576
        ],
        [
          21587.0,
          2651.79,
          -13012.5
        ]
      ],
      "objLayer": 0,
      "props": {}
    },
    "bdt_t1_bomb_zone_04": {
      "type": "Sphere",
      "tm": [
        [
          353.554,
          0.0,
          353.554
        ],
        [
          0.0,
          500.0,
          0.0
        ],
        [
          -353.554,
          0.0,
          353.554
        ],
        [
          20428.2,
          2212.06,
          -27612.0
        ]
      ],
      "objLayer": 0,
      "props": {}
    },
    "bdt_t1_bomb_zone_05": {
      "type": "Sphere",
      "tm": [
        [
          469.847,
          0.0,
          -171.01
        ],
        [
          0.0,
          500.0,
          0.0
        ],
        [
          171.01,
          0.0,
          469.847
        ],
        [
          11116.2,
          463.769,
          -8820.63
        ]
      ],
      "objLayer": 0,
      "props": {}
    },
    "bdt_t1_bomb_zone_06": {
      "type": "Sphere",
      "tm": [
        [
          65.2631,
          0.0,
          495.722
        ],
        [
          0.0,
          500.0,
          0.0
        ],
        [
          -495.722,
          0.0,
          65.2631
        ],
        [
          14110.9,
          3255.83,
          13367.1
        ]
      ],
      "objLayer": 0,
      "props": {}
    },
    "bdt_t1_bomb_zone_07": {
      "type": "Sphere",
      "tm": [
        [
          286.789,
          0.0,
          409.577
        ],
        [
          0.0,
          500.0,
          0.0
        ],
        [
          -409.577,
          0.0,
          286.789
        ],
        [
          21869.6,
          2880.09,
          13342.2
        ]
      ],
      "objLayer": 0,
      "props": {}
    },
    "bdt_t1_bomb_zone_08": {
      "type": "Sphere",
      "tm": [
        [
          108.22,
          0.0,
          488.149
        ],
        [
          0.0,
          500.0,
          0.0
        ],
        [
          -488.149,
          0.0,
          108.22
        ],
        [
          22776.3,
          3032.56,
          20388.8
        ]
      ],
      "objLayer": 0,
      "props": {}
    },
    "bdt_t2_bomb_zone_01": {
      "type": "Sphere",
      "tm": [
        [
          476.859,
          0.0,
          150.353
        ],
        [
          0.0,
          500.0,
          0.0
        ],
        [
          -150.353,
          0.0,
          476.859
        ],
        [
          -15196.8,
          3775.01,
          20045.4
        ]
      ],
      "objLayer": 0,
      "props": {}
    },
    "bdt_t2_bomb_zone_02": {
      "type": "Sphere",
      "tm": [
        [
          496.146,
          0.0,
          -61.9591
        ],
        [
          0.0,
          500.0,
          0.0
        ],
        [
          61.9591,
          0.0,
          496.146
        ],
        [
          -21314.6,
          1642.44,
          -20407.4
        ]
      ],
      "objLayer": 0,
      "props": {}
    },
    "bdt_t2_bomb_zone_03": {
      "type": "Sphere",
      "tm": [
        [
          469.846,
          0.0,
          171.01
        ],
        [
          0.0,
          500.0,
          0.0
        ],
        [
          -171.01,
          0.0,
          469.846
        ],
        [
          -12038.7,
          412.296,
          -2610.26
        ]
      ],
      "objLayer": 0,
      "props": {}
    },
    "bdt_t2_bomb_zone_04": {
      "type": "Sphere",
      "tm": [
        [
          433.013,
          0.0,
          250.0
        ],
        [
          0.0,
          500.0,
          0.0
        ],
        [
          -250.0,
          0.0,
          433.013
        ],
        [
          -15483.9,
          1444.86,
          -25278.2
        ]
      ],
      "objLayer": 0,
      "props": {}
    },
    "bdt_t2_bomb_zone_05": {
      "type": "Sphere",
      "tm": [
        [
          353.554,
          0.0,
          353.554
        ],
        [
          0.0,
          500.0,
          0.0
        ],
        [
          -353.554,
          0.0,
          353.554
        ],
        [
          -22535.7,
          2031.69,
          3164.24
        ]
      ],
      "objLayer": 0,
      "props": {}
    },
    "bdt_t2_bomb_zone_06": {
      "type": "Sphere",
      "tm": [
        [
          492.403,
          0.0,
          86.8242
        ],
        [
          0.0,
          500.0,
          0.0
        ],
        [
          -86.8242,
          0.0,
          492.403
        ],
        [
          -18455.0,
          2495.85,
          12358.9
        ]
      ],
      "objLayer": 0,
      "props": {}
    },
    "bdt_t2_bomb_zone_07": {
      "type": "Sphere",
      "tm": [
        [
          353.554,
          0.0,
          353.554
        ],
        [
          0.0,
          500.0,
          0.0
        ],
        [
          -353.554,
          0.0,
          353.554
        ],
        [
          -17746.1,
          1128.0,
          -7630.53
        ]
      ],
      "objLayer": 0,
      "props": {}
    },
    "bdt_t2_bomb_zone_08": {
      "type": "Sphere",
      "tm": [
        [
          353.554,
          0.0,
          353.554
        ],
        [
          0.0,
          500.0,
          0.0
        ],
        [
          -353.554,
          0.0,
          353.554
        ],
        [
          -11362.9,
          2605.3,
          10622.4
        ]
      ],
      "objLayer": 0,
      "props": {}
    },
    "bdt_center_area": {
      "type": "Box",
      "tm": [
        [
          -0.00927734,
          0.0,
          124000.0
        ],
        [
          0.0,
          500.0,
          0.0
        ],
        [
          -21000.0,
          0.0,
          -0.00158691
        ],
        [
          0.0,
          2824.4,
          0.0
        ]
