{
  "selected_tag": "",
  "bin_dump_file": "",
  "mission_settings": {
    "player": {
      "army": 1,
      "wing": "ft_armada"
    },
    "player_teamB": {
      "army": 2
    },
    "mission": {
      "level": "levels/stalingrad.bin",
      "type": "singleMission",
      "environment": "Day",
      "weather": "hazy",
      "restoreType": "attempts",
      "optionalTakeOff": false
    },
    "spectator_points": {}
  },
  "imports": {},
  "triggers": {
    "isCategory": true,
    "is_enabled": true,
    "fields_high_start": {
      "is_enabled": true,
      "comments": "",
      "props": {
        "actionsType": "PERFORM_ONE_BY_ONE",
        "conditionsType": "ALL",
        "enableAfterComplete": false
      },
      "events": {
        "initMission": {}
      },
      "conditions": {},
      "actions": {
        "varSetInt": [
          {
            "value": 0,
            "var": [
              "ft_t1_max_near_airfields_count",
              "ft_t2_max_near_airfields_count"
            ]
          },
          {
            "value": 0,
            "var": [
              "ft_t1_max_mid_airfields_count",
              "ft_t2_max_mid_airfields_count"
            ]
          },
          {
            "value": 3,
            "var": [
              "ft_t1_max_far_airfields_count",
              "ft_t2_max_far_airfields_count"
            ]
          }
        ],
        "comment": {
          "value": ""
        },
        "varSetReal": {
          "value": 15000.0,
          "var": "ft_generate_distance_between"
        }
      },
      "else_actions": {}
    }
  },
  "mission_objectives": {
    "isCategory": true,
    "is_enabled": true
  },
  "variables": {},
  "dialogs": {},
  "airfields": {},
  "effects": {},
  "units": {
    "objectGroups": [
      {
        "name": "ft_t1_airfield_01_01",
        "tm": [
          [
            0.999156,
            0.0,
            -0.0410595
          ],
          [
            0.0,
            1.0,
            0.0
          ],
          [
            0.0410595,
            0.0,
            0.999156
          ],
          [
            28668.8,
            1.76367,
            -24526.2
          ]
        ],
        "unit_class": "dynaf_pg_1line_3000_snow",
        "objLayer": 2,
        "props": {
          "army": 1,
          "active": false
        }
      },
      {
        "name": "ft_t1_airfield_01_02",
        "tm": [
          [
            0.998376,
            0.0,
            -0.0569723
          ],
          [
            0.0,
            1.0,
            0.0
          ],
          [
            0.0569723,
            0.0,
            0.998376
          ],
          [
            28401.8,
            1.59369,
            -10541.1
          ]
        ],
        "unit_class": "dynaf_pg_1line_3000_snow",
        "objLayer": 2,
        "props": {
          "army": 1,
          "active": false
        }
      },
      {
        "name": "ft_t1_airfield_01_03",
        "tm": [
          [
            0.989515,
            0.0,
            0.144426
          ],
          [
            0.0,
            1.0,
            0.0
          ],
          [
            -0.144426,
            0.0,
            0.989515
          ],
          [
            28710.8,
            30.5803,
            4498.85
          ]
        ],
        "unit_class": "dynaf_pg_1line_3000_snow",
        "objLayer": 2,
        "props": {
          "army": 1,
          "active": false
        }
      },
      {
        "name": "ft_t1_airfield_02_01",
        "tm": [
          [
            0.999608,
            0.0,
            -0.0279961
          ],
          [
            0.0,
            1.0,
            0.0
          ],
          [
            0.0279961,
            0.0,
            0.999608
          ],
          [
            21578.9,
            1.75879,
            -17585.7
          ]
        ],
        "unit_class": "dynaf_universal_1line_a",
        "objLayer": 2,
        "props": {
          "army": 1,
          "active": false
        }
      },
      {
        "name": "ft_t1_airfield_02_02",
        "tm": [
          [
            0.872493,
            0.0,
            0.488626
          ],
          [
            0.0,
            1.0,
            0.0
          ],
          [
            -0.488626,
            0.0,
            0.872493
          ],
          [
            21535.0,
            33.3642,
            18293.9
          ]
        ],
        "unit_class": "dynaf_universal_1line_a",
        "objLayer": 2,
        "props": {
          "army": 1,
          "active": false
        }
      },
      {
        "name": "ft_t1_airfield_03_01",
        "tm": [
          [
            0.976296,
            0.0,
            -0.216439
          ],
          [
            0.0,
            1.0,
            0.0
          ],
          [
            0.216439,
            0.0,
            0.976296
          ],
          [
            14029.4,
            1.7525,
            -2663.72
          ]
        ],
        "unit_class": "dynaf_universal_1line_a",
        "objLayer": 2,
        "props": {
          "army": 1,
          "active": false
        }
      },
      {
        "name": "ft_t1_airfield_03_02",
        "tm": [
          [
            0.95882,
            0.0,
            0.284016
          ],
          [
            0.0,
            1.0,
            0.0
          ],
          [
            -0.284016,
            0.0,
            0.95882
          ],
          [
            12252.0,
            75.8698,
            27921.7
          ]
        ],
        "unit_class": "dynaf_universal_1line_a",
        "objLayer": 2,
        "props": {
          "army": 1,
          "active": false
        }
      },
      {
        "name": "ft_t2_airfield_01_01",
        "tm": [
          [
            -0.994365,
            0.0,
            0.106004
          ],
          [
            0.0,
            1.0,
            0.0
          ],
          [
            -0.106004,
            0.0,
            -0.994365
          ],
          [
            -28449.7,
            164.308,
            22975.0
          ]
        ],
        "unit_class": "dynaf_pg_1line_3000_snow",
        "objLayer": 2,
        "props": {
          "army": 2,
          "active": false
        }
      },
      {
        "name": "ft_t2_airfield_01_02",
        "tm": [
          [
            -0.989472,
            0.0,
            0.144723
          ],
          [
            0.0,
            1.0,
            0.0
          ],
          [
            -0.144723,
            0.0,
            -0.989472
          ],
          [
            -28712.0,
            145.68,
            -7778.88
          ]
        ],
        "unit_class": "dynaf_pg_1line_3000_snow",
        "objLayer": 2,
        "props": {
          "army": 2,
          "active": false
        }
      },
      {
        "name": "ft_t2_airfield_01_03",
        "tm": [
          [
            -0.988178,
            0.0,
            0.153314
          ],
          [
            0.0,
            1.0,
            0.0
          ],
          [
            -0.153314,
            0.0,
            -0.988178
          ],
          [
            -28900.0,
            152.477,
            5479.9
          ]
        ],
        "unit_class": "dynaf_pg_1line_3000_snow",
        "objLayer": 2,
        "props": {
          "army": 2,
          "active": false
        }
      },
      {
        "name": "ft_t2_airfield_02_01",
        "tm": [
          [
            -0.986506,
            0.0,
            0.163723
          ],
          [
            0.0,
            1.0,
            0.0
          ],
          [
            -0.163723,
            0.0,
            -0.986506
          ],
          [
            -20941.0,
            143.211,
            29811.1
          ]
        ],
        "unit_class": "dynaf_universal_1line_b",
        "objLayer": 2,
        "props": {
          "army": 2,
          "active": false
        }
      },
      {
        "name": "ft_t2_airfield_02_02",
        "tm": [
          [
            -0.998152,
            0.0,
            0.0607594
          ],
          [
            0.0,
            1.0,
            0.0
          ],
          [
            -0.0607594,
            0.0,
            -0.998152
          ],
          [
            -21396.1,
            204.339,
            13028.1
          ]
        ],
        "unit_class": "dynaf_universal_1line_b",
        "objLayer": 2,
        "props": {
          "army": 2,
          "active": false
        }
      },
      {
        "name": "ft_t2_airfield_03_04",
        "tm": [
          [
            -0.999806,
            0.0,
            -0.0197093
          ],
          [
            0.0,
            1.0,
            0.0
          ],
          [
            0.0197093,
            0.0,
            -0.999806
          ],
          [
            -12361.0,
            184.208,
            1998.82
          ]
        ],
        "unit_class": "dynaf_universal_1line_b",
        "objLayer": 2,
        "props": {
          "army": 2,
          "active": false
        }
      },
      {
        "name": "ft_t2_airfield_03_02",
        "tm": [
          [
            -0.994564,
            0.0,
            0.104122
          ],
          [
            0.0,
            1.0,
            0.0
          ],
          [
            -0.104122,
            0.0,
            -0.994564
          ],
          [
            -12885.8,
            155.046,
            -11335.1
          ]
        ],
        "unit_class": "dynaf_universal_1line_b",
        "objLayer": 2,
        "props": {
          "army": 2,
          "active": false
        }
      },
      {
        "name": "ft_t1_airfield_03_03",
        "tm": [
          [
            0.876409,
            0.0,
            0.481569
          ],
          [
            0.0,
            1.0,
            0.0
          ],
          [
            -0.481569,
            0.0,
            0.876409
          ],
          [
            13255.1,
            11.4118,
            12281.7
          ]
        ],
        "unit_class": "dynaf_universal_1line_a",
        "objLayer": 2,
        "props": {
          "army": 1,
          "active": false
        }
      },
      {
        "name": "ft_t1_airfield_02_03",
        "tm": [
          [
            0.871016,
            0.0,
            -0.491255
          ],
          [
            0.0,
            1.0,
            0.0
          ],
          [
            0.491255,
            0.0,
            0.871016
          ],
          [
            22077.1,
            39.9009,
            6896.1
          ]
        ],
        "unit_class": "dynaf_universal_1line_a",
        "objLayer": 2,
        "props": {
          "army": 1,
          "active": false
        }
      },
      {
        "name": "ft_t2_airfield_02_04",
        "tm": [
          [
            -0.898681,
            0.0,
            -0.4386
          ],
          [
            0.0,
            1.0,
            0.0
          ],
          [
            0.4386,
            0.0,
            -0.898681
          ],
          [
            -20986.5,
            154.019,
            -21588.0
          ]
        ],
        "unit_class": "dynaf_universal_1line_b",
        "objLayer": 2,
        "props": {
          "army": 2,
          "active": false
        }
      },
      {
        "name": "ft_t2_airfield_02_03",
        "tm": [
          [
            -0.999399,
            0.0,
            0.0346358
          ],
          [
            0.0,
            1.0,
            0.0
          ],
          [
            -0.0346358,
            0.0,
            -0.999399
          ],
          [
            -21661.6,
            134.174,
            878.53
          ]
        ],
        "unit_class": "dynaf_universal_1line_b",
        "objLayer": 2,
        "props": {
          "army": 2,
          "active": false
        }
      },
      {
        "name": "ft_t1_airfield_03_04",
        "tm": [
          [
            0.976296,
            0.0,
            -0.216439
          ],
          [
            0.0,
            1.0,
            0.0
          ],
          [
            0.216439,
            0.0,
            0.976296
          ],
          [
            13972.1,
            1.52795,
            -25468.9
          ]
        ],
        "unit_class": "dynaf_universal_1line_a",
        "objLayer": 2,
        "props": {
          "army": 1,
          "active": false
        }
      },
      {
        "name": "ft_t1_airfield_02_04",
        "tm": [
          [
            0.986881,
            0.0,
            -0.16145
          ],
          [
            0.0,
            1.0,
            0.0
          ],
          [
            0.16145,
            0.0,
            0.986881
          ],
          [
            21869.1,
            1.73004,
            -28353.7
          ]
        ],
        "unit_class": "dynaf_universal_1line_a",
        "objLayer": 2,
        "props": {
          "army": 1,
          "active": false
        }
      },
      {
        "name": "ft_t1_airfield_01_04",
        "tm": [
          [
            0.998671,
            0.0,
            -0.051548
          ],
          [
            0.0,
            1.0,
            0.0
          ],
          [
            0.051548,
            0.0,
            0.998671
          ],
          [
            28602.1,
            29.4847,
            26847.7
          ]
        ],
        "unit_class": "dynaf_pg_1line_3000_snow",
        "objLayer": 2,
        "props": {
          "army": 1,
          "active": false
        }
      },
      {
        "name": "ft_t2_airfield_03_03",
        "tm": [
          [
            -0.985588,
            0.0,
            -0.169162
          ],
          [
            0.0,
            1.0,
            0.0
          ],
          [
            0.169162,
            0.0,
            -0.985588
          ],
          [
            -12392.4,
            178.757,
            -27412.7
          ]
        ],
        "unit_class": "dynaf_universal_1line_b",
        "objLayer": 2,
        "props": {
          "army": 2,
          "active": false
        }
      },
      {
        "name": "ft_t2_airfield_01_04",
        "tm": [
          [
            -0.990146,
            0.0,
            -0.140043
          ],
          [
            0.0,
            1.0,
            0.0
          ],
          [
            0.140043,
            0.0,
            -0.990146
          ],
          [
            -28533.0,
            142.895,
            -29212.2
          ]
        ],
        "unit_class": "dynaf_pg_1line_3000_snow",
        "objLayer": 2,
        "props": {
          "army": 2,
          "active": false
        }
      },
      {
        "name": "ft_t2_airfield_03_01",
        "tm": [
          [
            -0.998538,
            0.0,
            -0.0540698
          ],
          [
            0.0,
            1.0,
            0.0
          ],
          [
            0.0540698,
            0.0,
            -0.998538
          ],
          [
            -12508.6,
            232.334,
            11980.6
          ]
        ],
        "unit_class": "dynaf_universal_1line_b",
        "objLayer": 2,
        "props": {
          "army": 2,
          "active": false
        }
      },
      {
        "name": "ft_t2_airfield_01_05",
        "tm": [
          [
            -0.996427,
            0.0,
            0.0844658
          ],
          [
            0.0,
            1.0,
            0.0
          ],
          [
            -0.0844658,
            0.0,
            -0.996427
          ],
          [
            -28405.3,
            128.906,
            -19326.8
          ]
        ],
        "unit_class": "dynaf_pg_1line_3000_snow",
        "objLayer": 2,
        "props": {
          "army": 2,
          "active": false
        }
      },
      {
        "name": "ft_t1_airfield_01_05",
        "tm": [
          [
            0.974133,
            0.0,
            -0.225973
          ],
          [
            0.0,
            1.0,
            0.0
          ],
          [
            0.225973,
            0.0,
            0.974133
          ],
          [
            28460.9,
            40.6351,
            14029.1
          ]
        ],
        "unit_class": "dynaf_pg_1line_3000_snow",
        "objLayer": 2,
        "props": {
          "army": 1,
          "active": false
        }
      },
      {
        "name": "ft_t1_airfield_03_05",
        "tm": [
          [
            0.999941,
            0.0,
            0.0108271
          ],
          [
            0.0,
            1.0,
            0.0
          ],
          [
            -0.0108271,
            0.0,
            0.999941
          ],
          [
            13822.2,
            1.65387,
            -14718.2
          ]
        ],
        "unit_class": "dynaf_universal_1line_a",
        "objLayer": 2,
        "props": {
          "army": 1,
          "active": false
        }
      },
      {
        "name": "ft_t1_airfield_02_05",
        "tm": [
          [
            0.999952,
            0.0,
            0.00985053
          ],
          [
            0.0,
            1.0,
            0.0
          ],
          [
            -0.00985053,
            0.0,
            0.999952
          ],
          [
            21512.8,
            1.60272,
            -5566.79
          ]
        ],
        "unit_class": "dynaf_universal_1line_a",
        "objLayer": 2,
        "props": {
          "army": 1,
          "active": false
        }
      },
      {
        "name": "ft_t2_airfield_03_05",
        "tm": [
          [
            -0.959187,
            0.0,
            0.282776
          ],
          [
            0.0,
            1.0,
            0.0
          ],
          [
            -0.282776,
            0.0,
            -0.959187
          ],
          [
            -12371.4,
            176.011,
            25804.7
          ]
        ],
        "unit_class": "dynaf_universal_1line_b",
        "objLayer": 2,
        "props": {
          "army": 2,
          "active": false
        }
      },
      {
        "name": "ft_t2_airfield_02_05",
        "tm": [
          [
            -0.93911,
            0.0,
            -0.343618
          ],
          [
            0.0,
            1.0,
            0.0
          ],
          [
            0.343618,
            0.0,
            -0.93911
          ],
          [
            -21635.6,
            150.649,
            -10270.8
          ]
        ],
        "unit_class": "dynaf_universal_1line_b",
        "objLayer": 2,
        "props": {
          "army": 2,
          "active": false
        }
      }
    ],
    "squad": [
      {
        "name": "ft_t1_airfields_squad",
        "tm": [
          [
            1.0,
            0.0,
            0.0
          ],
          [
            0.0,
            1.0,
            0.0
          ],
          [
            0.0,
            0.0,
            1.0
          ],
          [
            14881.3,
            3.84668,
            -37638.2
          ]
        ],
        "props": {
          "squad_members": [
            "ft_t1_airfield_01_01",
            "ft_t1_airfield_01_02",
            "ft_t1_airfield_01_03",
            "ft_t1_airfield_01_04",
            "ft_t1_airfield_01_05",
            "ft_t1_airfield_02_01",
            "ft_t1_airfield_02_02",
            "ft_t1_airfield_02_03",
            "ft_t1_airfield_02_04",
            "ft_t1_airfield_02_05",
            "ft_t1_airfield_03_01",
            "ft_t1_airfield_03_02",
            "ft_t1_airfield_03_03",
            "ft_t1_airfield_03_04",
            "ft_t1_airfield_03_05"
          ],
          "object_marking": 0
        }
      },
      {
        "name": "ft_t2_airfields_squad",
        "tm": [
          [
            1.0,
            0.0,
            0.0
          ],
          [
            0.0,
            1.0,
            0.0
          ],
          [
            0.0,
            0.0,
            1.0
          ],
          [
            -23815.5,
            140.352,
            -36667.0
          ]
        ],
        "props": {
          "squad_members": [
            "ft_t2_airfield_01_01",
            "ft_t2_airfield_01_02",
            "ft_t2_airfield_01_03",
            "ft_t2_airfield_01_04",
            "ft_t2_airfield_01_05",
            "ft_t2_airfield_02_01",
            "ft_t2_airfield_02_02",
            "ft_t2_airfield_02_03",
            "ft_t2_airfield_02_04",
            "ft_t2_airfield_02_05",
            "ft_t2_airfield_03_01",
            "ft_t2_airfield_03_02",
            "ft_t2_airfield_03_03",
            "ft_t2_airfield_03_04",
            "ft_t2_airfield_03_05"
          ],
          "object_marking": 0
        }
      }
    ]
  },
  "areas": {
    "ft_t2_airfield_01_01_bomb_zone": {
      "type": "Box",
      "tm": [
        [
          -3181.97,
          0.0,
          339.211
        ],
        [
          0.0,
          1000.0,
          0.0
        ],
        [
          -127.205,
          0.0,
          -1193.24
        ],
        [
          -28471.2,
          -45.2084,
          23092.9
        ]
      ],
      "objLayer": 0,
      "props": {}
    },
    "ft_t2_airfield_01_02_bomb_zone": {
      "type": "Box",
      "tm": [
        [
          3166.31,
          0.0,
          -463.115
        ],
        [
          0.0,
          1000.0,
          0.0
        ],
        [
          173.667,
          0.0,
          1187.37
        ],
        [
          -28683.0,
          -129.209,
          -7688.99
        ]
      ],
      "objLayer": 0,
      "props": {}
    },
    "ft_t2_airfield_01_03_bomb_zone": {
      "type": "Box",
      "tm": [
        [
          3180.55,
          0.0,
          -352.21
        ],
        [
          0.0,
          1000.0,
          0.0
        ],
        [
          132.078,
          0.0,
          1192.71
        ],
        [
          -28871.2,
          -83.9209,
          5412.58
        ]
      ],
      "objLayer": 0,
      "props": {}
    },
    "ft_t2_airfield_02_01_bomb_zone": {
      "type": "Box",
      "tm": [
        [
          3176.67,
          0.0,
          -385.705
        ],
        [
          0.0,
          1000.0,
          0.0
        ],
        [
          144.642,
          0.0,
          1191.26
        ],
        [
          -21006.2,
          -81.172,
          29836.7
        ]
      ],
      "objLayer": 0,
      "props": {}
    },
    "ft_t2_airfield_02_02_bomb_zone": {
      "type": "Box",
      "tm": [
        [
          3199.53,
          0.0,
          -54.9121
        ],
        [
          0.0,
          1000.0,
          0.0
        ],
        [
          20.593,
          0.0,
          1199.82
        ],
        [
          -21374.8,
          -14.4073,
          13010.3
        ]
      ],
      "objLayer": 0,
      "props": {}
    },
    "ft_t2_airfield_03_01_bomb_zone": {
      "type": "Box",
      "tm": [
        [
          3186.7,
          0.0,
          291.477
        ],
        [
          0.0,
          1000.0,
          0.0
        ],
        [
          -109.303,
          0.0,
          1195.01
        ],
        [
          -12616.7,
          -14.7979,
          11953.2
        ]
      ],
      "objLayer": 0,
      "props": {}
    },
    "ft_t2_airfield_03_02_bomb_zone": {
      "type": "Box",
      "tm": [
        [
          3194.11,
          0.0,
          -194.049
        ],
        [
          0.0,
          1000.0,
          0.0
        ],
        [
          72.7686,
          0.0,
          1197.79
        ],
        [
          -12956.1,
          50.2187,
          -11268.4
        ]
      ],
      "objLayer": 0,
      "props": {}
    },
    "ft_t1_airfield_01_01_bomb_zone": {
      "type": "Box",
      "tm": [
        [
          3197.3,
          0.0,
          -131.39
        ],
        [
          0.0,
          1000.0,
          0.0
        ],
        [
          49.2714,
          0.0,
          1198.99
        ],
        [
          28657.3,
          -52.4021,
          -24634.3
        ]
      ],
      "objLayer": 0,
      "props": {}
    },
    "ft_t1_airfield_01_03_bomb_zone": {
      "type": "Box",
      "tm": [
        [
          3166.67,
          0.0,
          460.686
        ],
        [
          0.0,
          1000.0,
          0.0
        ],
        [
          -172.75,
          0.0,
          1187.5
        ],
        [
          28771.6,
          -59.9979,
          4389.75
        ]
      ],
      "objLayer": 0,
      "props": {}
    },
    "ft_t1_airfield_01_02_bomb_zone": {
      "type": "Box",
      "tm": [
        [
          3194.8,
          0.0,
          -182.309
        ],
        [
          0.0,
          1000.0,
          0.0
        ],
        [
          68.3668,
          0.0,
          1198.05
        ],
        [
          28476.5,
          -44.6451,
          -10626.5
        ]
      ],
      "objLayer": 0,
      "props": {}
    },
    "ft_t1_airfield_02_01_bomb_zone": {
      "type": "Box",
      "tm": [
        [
          3198.74,
          0.0,
          -89.5883
        ],
        [
          0.0,
          1000.0,
          0.0
        ],
        [
          33.5967,
          0.0,
          1199.53
        ],
        [
          21670.3,
          -58.806,
          -17510.1
        ]
      ],
      "objLayer": 0,
      "props": {}
    },
    "ft_t1_airfield_02_02_bomb_zone": {
      "type": "Box",
      "tm": [
        [
          2790.62,
          0.0,
          1566.02
        ],
        [
          0.0,
          1000.0,
          0.0
        ],
        [
          -587.26,
          0.0,
          1046.48
        ],
        [
          21561.8,
          -13.6454,
          18339.3
        ]
      ],
      "objLayer": 0,
      "props": {}
    },
    "ft_t1_airfield_03_01_bomb_zone": {
      "type": "Box",
      "tm": [
        [
          3124.15,
          0.0,
          -692.607
        ],
        [
          0.0,
          1000.0,
          0.0
        ],
        [
          259.728,
          0.0,
          1171.56
        ],
        [
          13990.7,
          -60.4545,
          -2628.62
        ]
      ],
      "objLayer": 0,
      "props": {}
    },
    "ft_t1_airfield_03_02_bomb_zone": {
      "type": "Box",
      "tm": [
        [
          3068.22,
          0.0,
          908.849
        ],
        [
          0.0,
          1000.0,
          0.0
        ],
        [
          -340.819,
          0.0,
          1150.58
        ],
        [
          12256.4,
          -14.745,
          27934.6
        ]
      ],
      "objLayer": 0,
      "props": {}
    },
    "ft_t1_airfield_01_01_spawn_01": {
      "type": "Point",
      "tm": [
        [
          0.844765,
          0.0,
          -0.535136
        ],
        [
          0.0,
          1.0,
          0.0
        ],
        [
          0.535136,
          0.0,
          0.844765
        ],
        [
          29419.9,
          9.30328,
          -24118.0
        ]
      ],
      "objLayer": 0,
      "props": {}
    },
    "ft_t1_airfield_01_01_spawn_02": {
      "type": "Point",
      "tm": [
        [
          0.844765,
          0.0,
          -0.535136
        ],
        [
          0.0,
          1.0,
          0.0
        ],
        [
          0.535136,
          0.0,
          0.844765
        ],
        [
          27479.0,
          9.28256,
          -25102.4
        ]
      ],
      "objLayer": 0,
      "props": {}
    },
    "ft_t1_airfield_01_01_spawn_03": {
      "type": "Point",
      "tm": [
        [
          0.844765,
          0.0,
          -0.535136
        ],
        [
          0.0,
          1.0,
          0.0
        ],
        [
          0.535136,
          0.0,
          0.844765
        ],
        [
          28250.6,
          9.30542,
          -23983.5
        ]
      ],
      "objLayer": 0,
      "props": {}
    },
    "ft_t1_airfield_01_01_spawn_04": {
      "type": "Point",
      "tm": [
        [
          0.844765,
          0.0,
          -0.535136
        ],
        [
          0.0,
          1.0,
          0.0
        ],
        [
          0.535136,
          0.0,
          0.844765
        ],
        [
          29702.8,
          9.30246,
          -24131.6
        ]
      ],
      "objLayer": 0,
      "props": {}
    },
    "ft_t1_airfield_01_01_spawn_05": {
      "type": "Point",
      "tm": [
        [
          0.844765,
          0.0,
          -0.535136
        ],
        [
          0.0,
          1.0,
          0.0
        ],
        [
          0.535136,
          0.0,
          0.844765
        ],
        [
          27758.3,
          9.2631,
          -25017.5
        ]
      ],
      "objLayer": 0,
      "props": {}
    },
    "ft_t1_airfield_01_01_spawn_06": {
      "type": "Point",
      "tm": [
        [
          0.844765,
          0.0,
          -0.535136
        ],
        [
          0.0,
          1.0,
          0.0
        ],
        [
          0.535136,
          0.0,
          0.844765
        ],
        [
          27552.2,
          9.31236,
          -24036.5
        ]
      ],
      "objLayer": 0,
      "props": {}
    },
    "ft_t1_airfield_01_01_spawn_07": {
      "type": "Point",
      "tm": [
        [
          0.844765,
          0.0,
          -0.535136
        ],
        [
          0.0,
          1.0,
          0.0
        ],
        [
          0.535136,
          0.0,
          0.844765
        ],
        [
          29127.1,
          9.29725,
          -25156.8
        ]
      ],
      "objLayer": 0,
      "props": {}
    },
    "ft_t1_airfield_01_01_spawn_08": {
      "type": "Point",
      "tm": [
        [
          0.844765,
          0.0,
          -0.535136
        ],
        [
          0.0,
          1.0,
          0.0
        ],
        [
          0.535136,
          0.0,
          0.844765
        ],
        [
          29499.4,
          9.29718,
          -25231.4
        ]
      ],
      "objLayer": 0,
      "props": {}
    },
    "ft_t1_airfield_01_01_spawn_09": {
      "type": "Point",
      "tm": [
        [
          0.844765,
          0.0,
          -0.535136
        ],
        [
          0.0,
          1.0,
          0.0
        ],
        [
          0.535136,
          0.0,
          0.844765
        ],
        [
          28528.9,
          9.30463,
          -24046.0
        ]
      ],
      "objLayer": 0,
      "props": {}
    },
    "ft_t1_airfield_01_01_spawn_10": {
      "type": "Point",
      "tm": [
        [
          0.844765,
          0.0,
          -0.535136
        ],
        [
          0.0,
          1.0,
          0.0
        ],
        [
          0.535136,
          0.0,
          0.844765
        ],
        [
          28907.9,
          9.30438,
          -24034.6
        ]
      ],
      "objLayer": 0,
      "props": {}
    },
    "ft_t1_airfield_01_01_spawn_11": {
      "type": "Point",
      "tm": [
        [
          0.844765,
          0.0,
          -0.535136
        ],
        [
          0.0,
          1.0,
          0.0
        ],
        [
          0.535136,
          0.0,
          0.844765
        ],
        [
          28210.8,
          9.2276,
          -25099.3
        ]
      ],
      "objLayer": 0,
      "props": {}
    },
    "ft_t1_airfield_01_01_spawn_12": {
      "type": "Point",
      "tm": [
        [
          0.844765,
          0.0,
          -0.535136
        ],
        [
          0.0,
          1.0,
          0.0
        ],
        [
          0.535136,
          0.0,
          0.844765
        ],
        [
          28823.0,
          9.42316,
          -25121.6
        ]
      ],
      "objLayer": 0,
      "props": {}
    },
    "ft_t1_airfield_01_01_spawn_13": {
      "type": "Point",
      "tm": [
        [
          0.844765,
          0.0,
          -0.535136
        ],
        [
          0.0,
          1.0,
          0.0
        ],
        [
          0.535136,
          0.0,
          0.844765
        ],
        [
          29136.0,
          9.30356,
          -24085.5
        ]
      ],
      "objLayer": 0,
      "props": {}
    },
    "ft_t1_airfield_01_01_spawn_14": {
      "type": "Point",
      "tm": [
        [
          0.844765,
          0.0,
          -0.535136
        ],
        [
          0.0,
          1.0,
          0.0
        ],
        [
          0.535136,
          0.0,
          0.844765
        ],
        [
          27868.4,
          9.30511,
          -24022.3
        ]
      ],
      "objLayer": 0,
      "props": {}
    },
    "ft_t1_airfield_01_02_spawn_01": {
      "type": "Point",
      "tm": [
        [
          0.728179,
          0.0,
          -0.685387
        ],
        [
          0.0,
          1.0,
          0.0
        ],
        [
          0.685387,
          0.0,
          0.728179
        ],
        [
          29268.4,
          5.95571,
          -11249.2
        ]
      ],
      "objLayer": 0,
      "props": {}
    },
    "ft_t1_airfield_01_02_spawn_02": {
      "type": "Point",
      "tm": [
        [
          0.728179,
          0.0,
          -0.685387
        ],
        [
          0.0,
          1.0,
          0.0
        ],
        [
          0.685387,
          0.0,
          0.728179
        ],
        [
          27633.7,
          5.83272,
          -9986.25
        ]
      ],
      "objLayer": 0,
      "props": {}
    },
    "ft_t1_airfield_01_02_spawn_03": {
      "type": "Point",
      "tm": [
        [
          0.728179,
          0.0,
          -0.685387
        ],
        [
          0.0,
          1.0,
          0.0
        ],
        [
          0.685387,
          0.0,
          0.728179
        ],
        [
          28532.0,
          5.93566,
          -11163.8
        ]
      ],
      "objLayer": 0,
      "props": {}
    },
    "ft_t1_airfield_01_02_spawn_04": {
      "type": "Point",
      "tm": [
        [
          0.728179,
          0.0,
          -0.685387
        ],
        [
          0.0,
          1.0,
          0.0
        ],
        [
          0.685387,
          0.0,
          0.728179
        ],
        [
          27230.5,
          5.95577,
          -11073.0
        ]
      ],
      "objLayer": 0,
      "props": {}
    },
    "ft_t1_airfield_01_02_spawn_05": {
      "type": "Point",
      "tm": [
        [
          0.728179,
          0.0,
          -0.685387
        ],
        [
          0.0,
          1.0,
          0.0
        ],
        [
          0.685387,
          0.0,
          0.728179
        ],
        [
          29569.0,
          5.69176,
          -10094.2
        ]
      ],
      "objLayer": 0,
      "props": {}
    },
    "ft_t1_airfield_01_02_spawn_06": {
      "type": "Point",
      "tm": [
        [
          0.728179,
          0.0,
          -0.685387
        ],
        [
          0.0,
          1.0,
          0.0
        ],
        [
          0.685387,
          0.0,
          0.728179
        ],
        [
          28253.9,
          6.78765,
          -10040.7
        ]
      ],
      "objLayer": 0,
      "props": {}
    },
    "ft_t1_airfield_01_02_spawn_07": {
      "type": "Point",
      "tm": [
        [
          0.728179,
          0.0,
          -0.685387
        ],
        [
          0.0,
          1.0,
          0.0
        ],
        [
          0.685387,
          0.0,
          0.728179
        ],
        [
          27366.6,
          5.86434,
          -10010.3
        ]
      ],
      "objLayer": 0,
      "props": {}
    },
    "ft_t1_airfield_01_02_spawn_08": {
      "type": "Point",
      "tm": [
        [
          0.728179,
          0.0,
          -0.685387
        ],
        [
          0.0,
          1.0,
          0.0
        ],
        [
          0.685387,
          0.0,
          0.728179
        ],
        [
          28003.3,
          5.93319,
          -11090.6
        ]
      ],
      "objLayer": 0,
      "props": {}
    },
    "ft_t1_airfield_01_02_spawn_09": {
      "type": "Point",
      "tm": [
        [
          0.728179,
          0.0,
          -0.685387
        ],
        [
          0.0,
          1.0,
          0.0
        ],
        [
          0.685387,
          0.0,
          0.728179
        ],
        [
          29002.2,
          5.93917,
          -11239.5
        ]
      ],
      "objLayer": 0,
      "props": {}
    },
    "ft_t1_airfield_01_02_spawn_10": {
      "type": "Point",
      "tm": [
        [
          0.728179,
          0.0,
          -0.685387
        ],
        [
          0.0,
          1.0,
          0.0
        ],
        [
          0.685387,
          0.0,
          0.728179
        ],
        [
          27878.6,
          5.81121,
          -10022.1
        ]
      ],
      "objLayer": 0,
      "props": {}
    },
    "ft_t1_airfield_01_02_spawn_11": {
      "type": "Point",
      "tm": [
        [
          0.728179,
          0.0,
          -0.685387
        ],
        [
          0.0,
          1.0,
          0.0
        ],
        [
          0.685387,
          0.0,
          0.728179
        ],
        [
          27751.7,
          5.9349,
          -11041.4
        ]
      ],
      "objLayer": 0,
      "props": {}
    },
    "ft_t1_airfield_01_02_spawn_12": {
      "type": "Point",
      "tm": [
        [
          0.728179,
          0.0,
          -0.685387
        ],
        [
          0.0,
          1.0,
          0.0
        ],
        [
          0.685387,
          0.0,
          0.728179
        ],
        [
          28723.1,
          5.93169,
          -11096.4
        ]
      ],
      "objLayer": 0,
      "props": {}
    },
    "ft_t1_airfield_01_02_spawn_13": {
      "type": "Point",
      "tm": [
        [
          0.728179,
          0.0,
          -0.685387
        ],
        [
          0.0,
          1.0,
          0.0
        ],
        [
          0.685387,
          0.0,
          0.728179
        ],
        [
          28950.7,
          5.80507,
          -10065.9
        ]
      ],
      "objLayer": 0,
      "props": {}
    },
    "ft_t1_airfield_01_02_spawn_14": {
      "type": "Point",
      "tm": [
        [
          0.728179,
          0.0,
          -0.685387
        ],
        [
          0.0,
          1.0,
          0.0
        ],
        [
          0.685387,
          0.0,
          0.728179
        ],
        [
          29221.8,
          5.77584,
          -10077.7
        ]
      ],
      "objLayer": 0,
      "props": {}
    },
    "ft_t1_airfield_01_03_spawn_01": {
      "type": "Point",
      "tm": [
        [
          0.409858,
          0.0,
          0.912149
        ],
        [
          0.0,
          1.0,
          0.0
        ],
        [
          -0.912149,
          0.0,
          0.409858
        ],
        [
          27445.3,
          33.5164,
          4804.38
        ]
      ],
      "objLayer": 0,
      "props": {}
    },
    "ft_t1_airfield_01_03_spawn_02": {
      "type": "Point",
      "tm": [
        [
          0.409858,
          0.0,
          0.912149
        ],
        [
          0.0,
          1.0,
          0.0
        ],
        [
          -0.912149,
          0.0,
          0.409858
        ],
        [
          30044.9,
          28.6928,
          4247.0
        ]
      ],
      "objLayer": 0,
      "props": {}
    },
    "ft_t1_airfield_01_03_spawn_03": {
      "type": "Point",
      "tm": [
        [
          0.898968,
          0.0,
          0.438015
        ],
        [
          0.0,
          1.0,
          0.0
        ],
        [
          -0.438015,
          0.0,
          0.898968
        ],
        [
          27061.0,
          33.8579,
          3439.11
        ]
      ],
      "objLayer": 0,
      "props": {}
    },
    "ft_t1_airfield_01_03_spawn_04": {
