[
  {
    "fov": 70.0
  },
  {
    "objectSphereDefaultScreenAspectRatio": 1.1778
  },
  {
    "objectSphereViscosity": 0.333
  },
  {
    "objectSphereAirplaneYFactor": 0.65
  },
  {
    "objectSphereTankYFactor": 0.75
  },
  {
    "spheroidFov": [45.0,65.0]
  },
  {
    "cameraTargetPos": [0.0,1.77,0.0]
  },
  {
    "cameraRelativePos": [0.14,1.54,12.1]
  },
  {
    "yScale": 0.5
  },
  {
    "cameraPlanes": [1.0,13000.0]
  },
  {
    "fovRange": [50.0,90.0]
  },
  {
    "vertRange": [-30.0,85.0]
  },
  {
    "rotationSpeed": 90.0
  },
  {
    "vrotationSpeed": 90.0
  },
  {
    "defaultDir": [57.0,4.0]
  },
  {
    "passiveRotSpeed": 1.0
  },
  {
    "minCamAlt": 0.7
  },
  {
    "zoomSpeed": 40.0
  },
  {
    "shakeSpeed": 0.0
  },
  {
    "shakeRange": [0.0,0.0]
  },
  {
    "cursorSpeed": [100.0,100.0]
  },
  {
    "decalRotationSpeed": 90.0
  },
  {
    "decalScaleSpeed": 0.5
  },
  {
    "decalScaleRange": [0.1,3.0]
  },
  {
    "weather": "clear"
  },
  {
    "hqWeather": "good"
  },
  {
    "env": "night"
  },
  {
    "level": "levels/hangar_military_base_birthday.bin"
  },
  {
    "defCameraTime": [5.0,10.0]
  },
  {
    "fadeTime": [0.6,0.4]
  },
  {
    "mouseRotationSpeed": 0.01
  },
  {
    "mouseZoomSpeed": 0.0001
  },
  {
    "mouseDecalRotSpeed": 0.0002
  },
  {
    "mouseDecalSizeSpeed": 0.001
  },
  {
    "dof_near_proc_cam_settings": [0.9,0.4,1.0]
  },
  {
    "dof_far_proc_cam_settings": [40.0,250.0,0.75]
  },
  {
    "dof_near_settings": [3.0,0.5,0.8]
  },
  {
    "dof_near_base_radius": 7.0
  },
  {
    "dof_far_settings_unzoom": [400.0,1400.0,0.5]
  },
  {
    "dof_far_settings_zoom": [40.0,120.0,0.6]
  },
  {
    "timeForMouselookCamera": 90.0
  },
  {
    "timeToIdle": 91.0
  },
  {
    "additionalHangarCameraBias": 0.13
  },
  {
    "fmGearsSpringsCoeffMul": 1.0
  },
  {
    "modelVerticalShift": 0.03
  },
  {
    "modelRotation": 60.0
  },
  {
    "modelPos": [2154.0,17.7,-684.4]
  },
  {
    "unitPos": {
      "hangarPlace": "aircraft",
      "modelPos": [2154.0,17.7,-684.4],
      "modelRotation": 60.0,
      "unitOffset": [0.0,0.0,0.0]
    }
  },
  {
    "unitPos": {
      "hangarPlace": "tank",
      "modelPos": [2154.0,17.7,-684.4],
      "modelRotation": 75.8,
      "unitOffset": [0.0,1.0,0.0]
    }
  },
  {
    "unitPos": [
      {
        "hangarPlace": "ship"
      },
      {
        "hangarPlace": "hydroplane"
      },
      {
        "modelPos": [120.0,2.0,2250.0]
      },
      {
        "modelRotation": 0.0
      },
      {
        "unitOffset": [0.0,0.0,0.0]
      },
      {
        "unitOnWater": true
      }
    ]
  },
  {
    "backgroundModel": {
      "fmName": "b-29",
      "pos": [2106.0,27.2,-730.7],
      "rotation": 42.5
    }
  },
  {
    "backgroundModel": {
      "fmName": "mc-202",
      "pos": [2177.1,18.6,-647.6],
      "rotation": -83.6
    }
  },
  {
    "backgroundModel": {
      "fmName": "breda_88",
      "pos": [2169.1,18.6,-640.3],
      "rotation": -84.7
    }
  },
  {
    "backgroundModel": {
      "fmName": "s_81_ar125",
      "pos": [2158.7,18.6,-631.4],
      "rotation": -78.3
    }
  },
  {
    "backgroundModel": {
      "fmName": "mb_157",
      "pos": [2193.1,18.6,-665.6],
      "rotation": 159.2
    }
  },
  {
    "backgroundModel": {
      "fmName": "potez_631",
      "pos": [2198.4,18.6,-673.9],
      "rotation": 161.0
    }
  },
  {
    "backgroundModel": {
      "fmName": "d_520_france",
      "pos": [2210.3,15.3,-684.2],
      "rotation": 158.2
    }
  },
  {
    "backgroundObject": {
      "res": "hangar_flag_usa_dynmodel",
      "tm": [
        [0.731353,0.0,0.681998],
        [0.0,1.0,0.0],
        [-0.681998,0.0,0.731353],
        [2080.68,39.3112,-751.524]
      ],
      "tag": "country_usa"
    }
  },
  {
    "backgroundObject": {
      "res": "hangar_flag_usa_single_dynmodel",
      "tm": [
        [0.731353,0.0,0.681998],
        [0.0,1.0,0.0],
        [-0.681998,0.0,0.731353],
        [2126.03,33.7511,-792.773]
      ],
      "tag": "country_usa"
    }
  },
  {
    "backgroundObject": {
      "res": "hangar_flag_usa_single_dynmodel",
      "tm": [
        [0.731353,0.0,0.681998],
        [0.0,1.0,0.0],
        [-0.681998,0.0,0.731353],
        [2043.01,33.7511,-703.545]
      ],
      "tag": "country_usa"
    }
  },
  {
    "backgroundObject": {
      "res": "hangar_flag_usa_dynmodel",
      "tm": [
        [-0.681998,0.0,0.731353],
        [0.0,1.0,0.0],
        [-0.731353,0.0,-0.681998],
        [2221.64,34.939,-782.823]
      ],
      "tag": "country_usa"
    }
  },
  {
    "backgroundObject": {
      "res": "hangar_flag_usa_single_dynmodel",
      "tm": [
        [0.681998,0.0,-0.731353],
        [0.0,1.0,0.0],
        [0.731353,0.0,0.681998],
        [2106.81,28.8982,-601.858]
      ],
      "tag": "country_usa"
    }
  },
  {
    "backgroundObject": {
      "res": "hangar_flag_usa_single_dynmodel",
      "tm": [
        [0.681998,0.0,-0.731353],
        [0.0,1.0,0.0],
        [0.731353,0.0,0.681998],
        [2106.81,28.8982,-601.858]
      ],
      "tag": "country_usa"
    }
  },
  {
    "backgroundObject": {
      "res": "hangar_flag_usa_dynmodel",
      "tm": [
        [-0.0379086,0.0,0.99928],
        [0.0,1.0,0.0],
        [-0.99928,0.0,-0.0379086],
        [1772.53,72.6117,-1178.74]
      ],
      "tag": "country_usa"
    }
  },
  {
    "backgroundObject": {
      "res": "hangar_flag_usa_single_dynmodel",
      "tm": [
        [0.569695,0.0,-0.119841],
        [0.0,0.582164,0.0],
        [0.119841,0.0,0.569695],
        [1793.54,65.149,-1055.96]
      ],
      "tag": "country_usa"
    }
  },
  {
    "backgroundObject": {
      "res": "hangar_flag_usa_single_dynmodel",
      "tm": [
        [-0.120045,0.0,-0.569652],
        [0.0,0.582164,0.0],
        [0.569652,0.0,-0.120045],
        [1790.16,65.149,-1058.49]
      ],
      "tag": "country_usa"
    }
  },
  {
    "backgroundObject": {
      "res": "hangar_flag_usa_single_dynmodel",
      "tm": [
        [-0.0115365,0.0,-0.582049],
        [0.0,0.582164,0.0],
        [0.582049,0.0,-0.0115365],
        [1829.64,68.8831,-1045.93]
      ],
      "tag": "country_usa"
    }
  },
  {
    "backgroundObject": {
      "res": "hangar_flag_usa_single_dynmodel",
      "tm": [
        [0.573814,0.0,-0.0982453],
        [0.0,0.582164,0.0],
        [0.0982453,0.0,0.573814],
        [1761.97,70.2151,-1079.23]
      ],
      "tag": "country_usa"
    }
  },
  {
    "backgroundObject": {
      "res": "hangar_flag_usa_single_dynmodel",
      "tm": [
        [0.581834,0.0,0.019597],
        [0.0,0.582164,0.0],
        [-0.019597,0.0,0.581834],
        [1755.83,69.7095,-1137.39]
      ],
      "tag": "country_usa"
    }
  },
  {
    "backgroundObject": {
      "res": "hangar_flag_usa_single_dynmodel",
      "tm": [
        [-0.0120028,0.0,0.866803],
        [0.0,0.866887,0.0],
        [-0.866803,0.0,-0.0120028],
        [1843.29,73.4518,-1144.41]
      ],
      "tag": "country_usa"
    }
  },
  {
    "backgroundObject": {
      "res": "hangar_flag_germany_dynmodel",
      "tm": [
        [0.731353,0.0,0.681998],
        [0.0,1.0,0.0],
        [-0.681998,0.0,0.731353],
        [2080.68,39.3112,-751.524]
      ],
      "tag": "country_germany"
    }
  },
  {
    "backgroundObject": {
      "res": "hangar_flag_germany_single_dynmodel",
      "tm": [
        [0.731353,0.0,0.681998],
        [0.0,1.0,0.0],
        [-0.681998,0.0,0.731353],
        [2126.03,33.7511,-792.773]
      ],
      "tag": "country_germany"
    }
  },
  {
    "backgroundObject": {
      "res": "hangar_flag_germany_single_dynmodel",
      "tm": [
        [0.731353,0.0,0.681998],
        [0.0,1.0,0.0],
        [-0.681998,0.0,0.731353],
        [2043.01,33.7511,-703.545]
      ],
      "tag": "country_germany"
    }
  },
  {
    "backgroundObject": {
      "res": "hangar_flag_germany_dynmodel",
      "tm": [
        [-0.681998,0.0,0.731353],
        [0.0,1.0,0.0],
        [-0.731353,0.0,-0.681998],
        [2221.64,34.939,-782.823]
      ],
      "tag": "country_germany"
    }
  },
  {
    "backgroundObject": {
      "res": "hangar_flag_germany_single_dynmodel",
      "tm": [
        [0.681998,0.0,-0.731353],
        [0.0,1.0,0.0],
        [0.731353,0.0,0.681998],
        [2106.81,28.8982,-601.858]
      ],
      "tag": "country_germany"
    }
  },
  {
    "backgroundObject": {
      "res": "hangar_flag_germany_single_dynmodel",
      "tm": [
        [0.681998,0.0,-0.731353],
        [0.0,1.0,0.0],
        [0.731353,0.0,0.681998],
        [2106.81,28.8982,-601.858]
      ],
      "tag": "country_germany"
    }
  },
  {
    "backgroundObject": {
      "res": "hangar_flag_germany_dynmodel",
      "tm": [
        [-0.0379086,0.0,0.99928],
        [0.0,1.0,0.0],
        [-0.99928,0.0,-0.0379086],
        [1772.53,72.6117,-1178.74]
      ],
      "tag": "country_germany"
    }
  },
  {
    "backgroundObject": {
      "res": "hangar_flag_germany_single_dynmodel",
      "tm": [
        [0.569695,0.0,-0.119841],
        [0.0,0.582164,0.0],
        [0.119841,0.0,0.569695],
        [1793.54,65.149,-1055.96]
      ],
      "tag": "country_germany"
    }
  },
  {
    "backgroundObject": {
      "res": "hangar_flag_germany_single_dynmodel",
      "tm": [
        [-0.120045,0.0,-0.569652],
        [0.0,0.582164,0.0],
        [0.569652,0.0,-0.120045],
        [1790.16,65.149,-1058.49]
      ],
      "tag": "country_germany"
    }
  },
  {
    "backgroundObject": {
      "res": "hangar_flag_germany_single_dynmodel",
      "tm": [
        [-0.0115365,0.0,-0.582049],
        [0.0,0.582164,0.0],
        [0.582049,0.0,-0.0115365],
        [1829.64,68.8831,-1045.93]
      ],
      "tag": "country_germany"
    }
  },
  {
    "backgroundObject": {
      "res": "hangar_flag_germany_single_dynmodel",
      "tm": [
        [0.573814,0.0,-0.0982453],
        [0.0,0.582164,0.0],
        [0.0982453,0.0,0.573814],
        [1761.97,70.2151,-1079.23]
      ],
      "tag": "country_germany"
    }
  },
  {
    "backgroundObject": {
      "res": "hangar_flag_germany_single_dynmodel",
      "tm": [
        [0.581834,0.0,0.019597],
        [0.0,0.582164,0.0],
        [-0.019597,0.0,0.581834],
        [1755.83,69.7095,-1137.39]
      ],
      "tag": "country_germany"
    }
  },
  {
    "backgroundObject": {
      "res": "hangar_flag_germany_single_dynmodel",
      "tm": [
        [-0.0120028,0.0,0.866803],
        [0.0,0.866887,0.0],
        [-0.866803,0.0,-0.0120028],
        [1843.29,73.4518,-1144.41]
      ],
      "tag": "country_germany"
    }
  },
  {
    "backgroundObject": {
      "res": "hangar_flag_italian_dynmodel",
      "tm": [
        [0.731353,0.0,0.681998],
        [0.0,1.0,0.0],
        [-0.681998,0.0,0.731353],
        [2080.68,39.3112,-751.524]
      ],
      "tag": "country_italy"
    }
  },
  {
    "backgroundObject": {
      "res": "hangar_flag_italian_single_dynmodel",
      "tm": [
        [0.731353,0.0,0.681998],
        [0.0,1.0,0.0],
        [-0.681998,0.0,0.731353],
        [2126.03,33.7511,-792.773]
      ],
      "tag": "country_italy"
    }
  },
  {
    "backgroundObject": {
      "res": "hangar_flag_italian_single_dynmodel",
      "tm": [
        [0.731353,0.0,0.681998],
        [0.0,1.0,0.0],
        [-0.681998,0.0,0.731353],
        [2043.01,33.7511,-703.545]
      ],
      "tag": "country_italy"
    }
  },
  {
    "backgroundObject": {
      "res": "hangar_flag_italian_dynmodel",
      "tm": [
        [-0.681998,0.0,0.731353],
        [0.0,1.0,0.0],
        [-0.731353,0.0,-0.681998],
        [2221.64,34.939,-782.823]
      ],
      "tag": "country_italy"
    }
  },
  {
    "backgroundObject": {
      "res": "hangar_flag_italian_single_dynmodel",
      "tm": [
        [0.681998,0.0,-0.731353],
        [0.0,1.0,0.0],
        [0.731353,0.0,0.681998],
        [2106.81,28.8982,-601.858]
      ],
      "tag": "country_italy"
    }
  },
  {
    "backgroundObject": {
      "res": "hangar_flag_italian_single_dynmodel",
      "tm": [
        [0.681998,0.0,-0.731353],
        [0.0,1.0,0.0],
        [0.731353,0.0,0.681998],
        [2106.81,28.8982,-601.858]
      ],
      "tag": "country_italy"
    }
  },
  {
    "backgroundObject": {
      "res": "hangar_flag_italian_dynmodel",
      "tm": [
        [-0.0379086,0.0,0.99928],
        [0.0,1.0,0.0],
        [-0.99928,0.0,-0.0379086],
        [1772.53,72.6117,-1178.74]
      ],
      "tag": "country_italy"
    }
  },
  {
    "backgroundObject": {
      "res": "hangar_flag_italian_single_dynmodel",
      "tm": [
        [0.569695,0.0,-0.119841],
        [0.0,0.582164,0.0],
        [0.119841,0.0,0.569695],
        [1793.54,65.149,-1055.96]
      ],
      "tag": "country_italy"
    }
  },
  {
    "backgroundObject": {
      "res": "hangar_flag_italian_single_dynmodel",
      "tm": [
        [-0.120045,0.0,-0.569652],
        [0.0,0.582164,0.0],
        [0.569652,0.0,-0.120045],
        [1790.16,65.149,-1058.49]
      ],
      "tag": "country_italy"
    }
  },
  {
    "backgroundObject": {
      "res": "hangar_flag_italian_single_dynmodel",
      "tm": [
        [-0.0115365,0.0,-0.582049],
        [0.0,0.582164,0.0],
        [0.582049,0.0,-0.0115365],
        [1829.64,68.8831,-1045.93]
      ],
      "tag": "country_italy"
    }
  },
  {
    "backgroundObject": {
      "res": "hangar_flag_italian_single_dynmodel",
      "tm": [
        [0.573814,0.0,-0.0982453],
        [0.0,0.582164,0.0],
        [0.0982453,0.0,0.573814],
        [1761.97,70.2151,-1079.23]
      ],
      "tag": "country_italy"
    }
  },
  {
    "backgroundObject": {
      "res": "hangar_flag_italian_single_dynmodel",
      "tm": [
        [0.581834,0.0,0.019597],
        [0.0,0.582164,0.0],
        [-0.019597,0.0,0.581834],
        [1755.83,69.7095,-1137.39]
      ],
      "tag": "country_italy"
    }
  },
  {
    "backgroundObject": {
      "res": "hangar_flag_italian_single_dynmodel",
      "tm": [
        [-0.0120028,0.0,0.866803],
        [0.0,0.866887,0.0],
        [-0.866803,0.0,-0.0120028],
        [1843.29,73.4518,-1144.41]
      ],
      "tag": "country_italy"
    }
  },
  {
    "backgroundObject": {
      "res": "hangar_flag_china_dynmodel",
      "tm": [
        [0.731353,0.0,0.681998],
        [0.0,1.0,0.0],
        [-0.681998,0.0,0.731353],
        [2080.68,39.3112,-751.524]
      ],
      "tag": "country_china"
    }
  },
  {
    "backgroundObject": {
      "res": "hangar_flag_china_single_dynmodel",
      "tm": [
        [0.731353,0.0,0.681998],
        [0.0,1.0,0.0],
        [-0.681998,0.0,0.731353],
        [2126.03,33.7511,-792.773]
      ],
      "tag": "country_china"
    }
  },
  {
    "backgroundObject": {
      "res": "hangar_flag_china_single_dynmodel",
      "tm": [
        [0.731353,0.0,0.681998],
        [0.0,1.0,0.0],
        [-0.681998,0.0,0.731353],
        [2043.01,33.7511,-703.545]
      ],
      "tag": "country_china"
    }
  },
  {
    "backgroundObject": {
      "res": "hangar_flag_china_dynmodel",
      "tm": [
        [-0.681998,0.0,0.731353],
        [0.0,1.0,0.0],
        [-0.731353,0.0,-0.681998],
        [2221.64,34.939,-782.823]
      ],
      "tag": "country_china"
    }
  },
  {
    "backgroundObject": {
      "res": "hangar_flag_china_single_dynmodel",
      "tm": [
        [0.681998,0.0,-0.731353],
        [0.0,1.0,0.0],
        [0.731353,0.0,0.681998],
        [2106.81,28.8982,-601.858]
      ],
      "tag": "country_china"
    }
  },
  {
    "backgroundObject": {
      "res": "hangar_flag_china_single_dynmodel",
      "tm": [
        [0.681998,0.0,-0.731353],
        [0.0,1.0,0.0],
        [0.731353,0.0,0.681998],
        [2106.81,28.8982,-601.858]
      ],
      "tag": "country_china"
    }
  },
  {
    "backgroundObject": {
      "res": "hangar_flag_china_dynmodel",
      "tm": [
        [-0.0379086,0.0,0.99928],
        [0.0,1.0,0.0],
        [-0.99928,0.0,-0.0379086],
        [1772.53,72.6117,-1178.74]
      ],
      "tag": "country_china"
    }
  },
  {
    "backgroundObject": {
      "res": "hangar_flag_china_single_dynmodel",
      "tm": [
        [0.569695,0.0,-0.119841],
        [0.0,0.582164,0.0],
        [0.119841,0.0,0.569695],
        [1793.54,65.149,-1055.96]
      ],
      "tag": "country_china"
    }
  },
  {
    "backgroundObject": {
      "res": "hangar_flag_china_single_dynmodel",
      "tm": [
        [-0.120045,0.0,-0.569652],
        [0.0,0.582164,0.0],
        [0.569652,0.0,-0.120045],
        [1790.16,65.149,-1058.49]
      ],
      "tag": "country_china"
    }
  },
  {
    "backgroundObject": {
      "res": "hangar_flag_china_single_dynmodel",
      "tm": [
        [-0.0115365,0.0,-0.582049],
        [0.0,0.582164,0.0],
        [0.582049,0.0,-0.0115365],
        [1829.64,68.8831,-1045.93]
      ],
      "tag": "country_china"
    }
  },
  {
    "backgroundObject": {
      "res": "hangar_flag_china_single_dynmodel",
      "tm": [
        [0.573814,0.0,-0.0982453],
        [0.0,0.582164,0.0],
        [0.0982453,0.0,0.573814],
        [1761.97,70.2151,-1079.23]
      ],
      "tag": "country_china"
    }
  },
  {
    "backgroundObject": {
      "res": "hangar_flag_china_single_dynmodel",
      "tm": [
        [0.581834,0.0,0.019597],
        [0.0,0.582164,0.0],
        [-0.019597,0.0,0.581834],
        [1755.83,69.7095,-1137.39]
      ],
      "tag": "country_china"
    }
  },
  {
    "backgroundObject": {
      "res": "hangar_flag_china_single_dynmodel",
      "tm": [
        [-0.0120028,0.0,0.866803],
        [0.0,0.866887,0.0],
        [-0.866803,0.0,-0.0120028],
        [1843.29,73.4518,-1144.41]
      ],
      "tag": "country_china"
    }
  },
  {
    "backgroundObject": {
      "res": "hangar_flag_ussr_dynmodel",
      "tm": [
        [0.731353,0.0,0.681998],
        [0.0,1.0,0.0],
        [-0.681998,0.0,0.731353],
        [2080.68,39.3112,-751.524]
      ],
      "tag": "country_ussr"
    }
  },
  {
    "backgroundObject": {
      "res": "hangar_flag_ussr_single_dynmodel",
      "tm": [
        [0.731353,0.0,0.681998],
        [0.0,1.0,0.0],
        [-0.681998,0.0,0.731353],
        [2126.03,33.7511,-792.773]
      ],
      "tag": "country_ussr"
    }
  },
  {
    "backgroundObject": {
      "res": "hangar_flag_ussr_single_dynmodel",
      "tm": [
        [0.731353,0.0,0.681998],
        [0.0,1.0,0.0],
        [-0.681998,0.0,0.731353],
        [2043.01,33.7511,-703.545]
      ],
      "tag": "country_ussr"
    }
  },
  {
    "backgroundObject": {
      "res": "hangar_flag_ussr_dynmodel",
      "tm": [
        [-0.681998,0.0,0.731353],
        [0.0,1.0,0.0],
        [-0.731353,0.0,-0.681998],
        [2221.64,34.939,-782.823]
      ],
      "tag": "country_ussr"
    }
  },
  {
    "backgroundObject": {
      "res": "hangar_flag_ussr_single_dynmodel",
      "tm": [
        [0.681998,0.0,-0.731353],
        [0.0,1.0,0.0],
        [0.731353,0.0,0.681998],
        [2106.81,28.8982,-601.858]
      ],
      "tag": "country_ussr"
    }
  },
  {
    "backgroundObject": {
      "res": "hangar_flag_ussr_single_dynmodel",
      "tm": [
        [0.681998,0.0,-0.731353],
        [0.0,1.0,0.0],
        [0.731353,0.0,0.681998],
        [2106.81,28.8982,-601.858]
      ],
      "tag": "country_ussr"
    }
  },
  {
    "backgroundObject": {
      "res": "hangar_flag_ussr_dynmodel",
      "tm": [
        [-0.0379086,0.0,0.99928],
        [0.0,1.0,0.0],
        [-0.99928,0.0,-0.0379086],
        [1772.53,72.6117,-1178.74]
      ],
      "tag": "country_ussr"
    }
  },
  {
    "backgroundObject": {
      "res": "hangar_flag_ussr_single_dynmodel",
      "tm": [
        [0.569695,0.0,-0.119841],
        [0.0,0.582164,0.0],
        [0.119841,0.0,0.569695],
        [1793.54,65.149,-1055.96]
      ],
      "tag": "country_ussr"
    }
  },
  {
    "backgroundObject": {
      "res": "hangar_flag_ussr_single_dynmodel",
      "tm": [
        [-0.120045,0.0,-0.569652],
        [0.0,0.582164,0.0],
        [0.569652,0.0,-0.120045],
        [1790.16,65.149,-1058.49]
      ],
      "tag": "country_ussr"
    }
  },
  {
    "backgroundObject": {
      "res": "hangar_flag_ussr_single_dynmodel",
      "tm": [
        [-0.0115365,0.0,-0.582049],
        [0.0,0.582164,0.0],
        [0.582049,0.0,-0.0115365],
        [1829.64,68.8831,-1045.93]
      ],
      "tag": "country_ussr"
    }
  },
  {
    "backgroundObject": {
      "res": "hangar_flag_ussr_single_dynmodel",
      "tm": [
        [0.573814,0.0,-0.0982453],
        [0.0,0.582164,0.0],
        [0.0982453,0.0,0.573814],
        [1761.97,70.2151,-1079.23]
      ],
      "tag": "country_ussr"
    }
  },
  {
    "backgroundObject": {
      "res": "hangar_flag_ussr_single_dynmodel",
      "tm": [
        [0.581834,0.0,0.019597],
        [0.0,0.582164,0.0],
        [-0.019597,0.0,0.581834],
        [1755.83,69.7095,-1137.39]
      ],
      "tag": "country_ussr"
    }
  },
  {
    "backgroundObject": {
      "res": "hangar_flag_ussr_single_dynmodel",
      "tm": [
        [-0.0120028,0.0,0.866803],
        [0.0,0.866887,0.0],
        [-0.866803,0.0,-0.0120028],
        [1843.29,73.4518,-1144.41]
      ],
      "tag": "country_ussr"
    }
  },
  {
    "backgroundObject": {
      "res": "hangar_flag_japan_dynmodel",
      "tm": [
        [0.731353,0.0,0.681998],
        [0.0,1.0,0.0],
        [-0.681998,0.0,0.731353],
        [2080.68,39.3112,-751.524]
      ],
      "tag": "country_japan"
    }
  },
  {
    "backgroundObject": {
      "res": "hangar_flag_japan_single_dynmodel",
      "tm": [
        [0.731353,0.0,0.681998],
        [0.0,1.0,0.0],
        [-0.681998,0.0,0.731353],
        [2126.03,33.7511,-792.773]
      ],
      "tag": "country_japan"
    }
  },
  {
    "backgroundObject": {
      "res": "hangar_flag_japan_single_dynmodel",
      "tm": [
        [0.731353,0.0,0.681998],
        [0.0,1.0,0.0],
        [-0.681998,0.0,0.731353],
        [2043.01,33.7511,-703.545]
      ],
      "tag": "country_japan"
    }
  },
  {
    "backgroundObject": {
      "res": "hangar_flag_japan_dynmodel",
      "tm": [
        [-0.681998,0.0,0.731353],
        [0.0,1.0,0.0],
        [-0.731353,0.0,-0.681998],
        [2221.64,34.939,-782.823]
      ],
      "tag": "country_japan"
    }
  },
  {
    "backgroundObject": {
      "res": "hangar_flag_japan_single_dynmodel",
      "tm": [
        [0.681998,0.0,-0.731353],
        [0.0,1.0,0.0],
        [0.731353,0.0,0.681998],
        [2106.81,28.8982,-601.858]
      ],
      "tag": "country_japan"
    }
  },
  {
    "backgroundObject": {
      "res": "hangar_flag_japan_single_dynmodel",
      "tm": [
        [0.681998,0.0,-0.731353],
        [0.0,1.0,0.0],
        [0.731353,0.0,0.681998],
        [2106.81,28.8982,-601.858]
      ],
      "tag": "country_japan"
    }
  },
  {
    "backgroundObject": {
      "res": "hangar_flag_japan_dynmodel",
      "tm": [
        [-0.0379086,0.0,0.99928],
        [0.0,1.0,0.0],
        [-0.99928,0.0,-0.0379086],
        [1772.53,72.6117,-1178.74]
      ],
      "tag": "country_japan"
    }
  },
  {
    "backgroundObject": {
      "res": "hangar_flag_japan_single_dynmodel",
      "tm": [
        [0.569695,0.0,-0.119841],
        [0.0,0.582164,0.0],
        [0.119841,0.0,0.569695],
        [1793.54,65.149,-1055.96]
      ],
      "tag": "country_japan"
    }
  },
  {
    "backgroundObject": {
      "res": "hangar_flag_japan_single_dynmodel",
      "tm": [
        [-0.120045,0.0,-0.569652],
        [0.0,0.582164,0.0],
        [0.569652,0.0,-0.120045],
        [1790.16,65.149,-1058.49]
      ],
      "tag": "country_japan"
    }
  },
  {
    "backgroundObject": {
      "res": "hangar_flag_japan_single_dynmodel",
      "tm": [
        [-0.0115365,0.0,-0.582049],
        [0.0,0.582164,0.0],
        [0.582049,0.0,-0.0115365],
        [1829.64,68.8831,-1045.93]
      ],
      "tag": "country_japan"
    }
  },
  {
    "backgroundObject": {
      "res": "hangar_flag_japan_single_dynmodel",
      "tm": [
        [0.573814,0.0,-0.0982453],
        [0.0,0.582164,0.0],
        [0.0982453,0.0,0.573814],
        [1761.97,70.2151,-1079.23]
      ],
      "tag": "country_japan"
    }
  },
  {
    "backgroundObject": {
      "res": "hangar_flag_japan_single_dynmodel",
      "tm": [
        [0.581834,0.0,0.019597],
        [0.0,0.582164,0.0],
        [-0.019597,0.0,0.581834],
        [1755.83,69.7095,-1137.39]
      ],
      "tag": "country_japan"
    }
  },
  {
    "backgroundObject": {
      "res": "hangar_flag_japan_single_dynmodel",
      "tm": [
        [-0.0120028,0.0,0.866803],
        [0.0,0.866887,0.0],
        [-0.866803,0.0,-0.0120028],
        [1843.29,73.4518,-1144.41]
      ],
      "tag": "country_japan"
    }
  },
  {
    "backgroundObject": {
      "res": "hangar_flag_britain_dynmodel",
      "tm": [
        [0.731353,0.0,0.681998],
        [0.0,1.0,0.0],
        [-0.681998,0.0,0.731353],
        [2080.68,39.3112,-751.524]
      ],
      "tag": "country_britain"
    }
  },
  {
    "backgroundObject": {
      "res": "hangar_flag_britain_single_dynmodel",
      "tm": [
        [0.731353,0.0,0.681998],
        [0.0,1.0,0.0],
        [-0.681998,0.0,0.731353],
        [2126.03,33.7511,-792.773]
      ],
      "tag": "country_britain"
    }
  },
  {
    "backgroundObject": {
      "res": "hangar_flag_britain_single_dynmodel",
      "tm": [
        [0.731353,0.0,0.681998],
        [0.0,1.0,0.0],
        [-0.681998,0.0,0.731353],
        [2043.01,33.7511,-703.545]
      ],
      "tag": "country_britain"
    }
  },
  {
    "backgroundObject": {
      "res": "hangar_flag_britain_dynmodel",
      "tm": [
        [-0.681998,0.0,0.731353],
        [0.0,1.0,0.0],
        [-0.731353,0.0,-0.681998],
        [2221.64,34.939,-782.823]
      ],
      "tag": "country_britain"
    }
  },
  {
    "backgroundObject": {
      "res": "hangar_flag_britain_single_dynmodel",
      "tm": [
        [0.681998,0.0,-0.731353],
        [0.0,1.0,0.0],
        [0.731353,0.0,0.681998],
        [2106.81,28.8982,-601.858]
      ],
      "tag": "country_britain"
    }
  },
  {
    "backgroundObject": {
      "res": "hangar_flag_britain_single_dynmodel",
      "tm": [
        [0.681998,0.0,-0.731353],
        [0.0,1.0,0.0],
        [0.731353,0.0,0.681998],
        [2106.81,28.8982,-601.858]
      ],
      "tag": "country_britain"
    }
  },
  {
    "backgroundObject": {
      "res": "hangar_flag_britain_dynmodel",
      "tm": [
        [-0.0379086,0.0,0.99928],
        [0.0,1.0,0.0],
        [-0.99928,0.0,-0.0379086],
        [1772.53,72.6117,-1178.74]
      ],
      "tag": "country_britain"
    }
  },
  {
    "backgroundObject": {
      "res": "hangar_flag_britain_single_dynmodel",
      "tm": [
        [0.569695,0.0,-0.119841],
        [0.0,0.582164,0.0],
        [0.119841,0.0,0.569695],
        [1793.54,65.149,-1055.96]
      ],
      "tag": "country_britain"
    }
  },
  {
    "backgroundObject": {
      "res": "hangar_flag_britain_single_dynmodel",
      "tm": [
        [-0.120045,0.0,-0.569652],
        [0.0,0.582164,0.0],
        [0.569652,0.0,-0.120045],
        [1790.16,65.149,-1058.49]
      ],
      "tag": "country_britain"
    }
  },
  {
    "backgroundObject": {
      "res": "hangar_flag_britain_single_dynmodel",
      "tm": [
        [-0.0115365,0.0,-0.582049],
        [0.0,0.582164,0.0],
        [0.582049,0.0,-0.0115365],
        [1829.64,68.8831,-1045.93]
      ],
      "tag": "country_britain"
    }
  },
  {
    "backgroundObject": {
      "res": "hangar_flag_britain_single_dynmodel",
      "tm": [
        [0.573814,0.0,-0.0982453],
        [0.0,0.582164,0.0],
        [0.0982453,0.0,0.573814],
        [1761.97,70.2151,-1079.23]
      ],
      "tag": "country_britain"
    }
  },
  {
    "backgroundObject": {
      "res": "hangar_flag_britain_single_dynmodel",
      "tm": [
        [0.581834,0.0,0.019597],
        [0.0,0.582164,0.0],
        [-0.019597,0.0,0.581834],
        [1755.83,69.7095,-1137.39]
      ],
      "tag": "country_britain"
    }
  },
  {
    "backgroundObject": {
      "res": "hangar_flag_britain_single_dynmodel",
      "tm": [
        [-0.0120028,0.0,0.866803],
        [0.0,0.866887,0.0],
        [-0.866803,0.0,-0.0120028],
        [1843.29,73.4518,-1144.41]
      ],
      "tag": "country_britain"
    }
  },
  {
    "backgroundObject": {
      "res": "hangar_flag_britain_dynmodel",
      "tm": [
        [0.731353,0.0,0.681998],
        [0.0,1.0,0.0],
        [-0.681998,0.0,0.731353],
        [2080.68,39.3112,-751.524]
      ],
      "tag": "country_australia"
    }
  },
  {
    "backgroundObject": {
      "res": "hangar_flag_britain_single_dynmodel",
      "tm": [
        [0.731353,0.0,0.681998],
        [0.0,1.0,0.0],
        [-0.681998,0.0,0.731353],
        [2126.03,33.7511,-792.773]
      ],
      "tag": "country_australia"
    }
  },
  {
    "backgroundObject": {
      "res": "hangar_flag_britain_single_dynmodel",
      "tm": [
        [0.731353,0.0,0.681998],
        [0.0,1.0,0.0],
        [-0.681998,0.0,0.731353],
        [2043.01,33.7511,-703.545]
      ],
      "tag": "country_australia"
    }
  },
  {
    "backgroundObject": {
      "res": "hangar_flag_britain_dynmodel",
      "tm": [
        [-0.681998,0.0,0.731353],
        [0.0,1.0,0.0],
        [-0.731353,0.0,-0.681998],
        [2221.64,34.939,-782.823]
      ],
      "tag": "country_australia"
    }
  },
  {
    "backgroundObject": {
      "res": "hangar_flag_britain_single_dynmodel",
      "tm": [
        [0.681998,0.0,-0.731353],
        [0.0,1.0,0.0],
        [0.731353,0.0,0.681998],
        [2106.81,28.8982,-601.858]
      ],
      "tag": "country_australia"
    }
  },
  {
    "backgroundObject": {
      "res": "hangar_flag_britain_single_dynmodel",
      "tm": [
        [0.681998,0.0,-0.731353],
        [0.0,1.0,0.0],
        [0.731353,0.0,0.681998],
        [2106.81,28.8982,-601.858]
      ],
      "tag": "country_australia"
    }
  },
  {
    "backgroundObject": {
      "res": "hangar_flag_britain_dynmodel",
      "tm": [
        [-0.0379086,0.0,0.99928],
        [0.0,1.0,0.0],
        [-0.99928,0.0,-0.0379086],
        [1772.53,72.6117,-1178.74]
      ],
      "tag": "country_australia"
    }
  },
  {
    "backgroundObject": {
      "res": "hangar_flag_britain_single_dynmodel",
      "tm": [
        [0.569695,0.0,-0.119841],
        [0.0,0.582164,0.0],
        [0.119841,0.0,0.569695],
        [1793.54,65.149,-1055.96]
      ],
      "tag": "country_australia"
    }
  },
  {
    "backgroundObject": {
      "res": "hangar_flag_britain_single_dynmodel",
      "tm": [
        [-0.120045,0.0,-0.569652],
        [0.0,0.582164,0.0],
        [0.569652,0.0,-0.120045],
        [1790.16,65.149,-1058.49]
      ],
      "tag": "country_australia"
    }
  },
  {
    "backgroundObject": {
      "res": "hangar_flag_britain_single_dynmodel",
      "tm": [
        [-0.0115365,0.0,-0.582049],
        [0.0,0.582164,0.0],
        [0.582049,0.0,-0.0115365],
        [1829.64,68.8831,-1045.93]
      ],
      "tag": "country_australia"
    }
  },
  {
    "backgroundObject": {
      "res": "hangar_flag_britain_single_dynmodel",
      "tm": [
        [0.573814,0.0,-0.0982453],
        [0.0,0.582164,0.0],
        [0.0982453,0.0,0.573814],
        [1761.97,70.2151,-1079.23]
      ],
      "tag": "country_australia"
    }
  },
  {
    "backgroundObject": {
      "res": "hangar_flag_britain_single_dynmodel",
      "tm": [
        [0.581834,0.0,0.019597],
        [0.0,0.582164,0.0],
        [-0.019597,0.0,0.581834],
        [1755.83,69.7095,-1137.39]
      ],
      "tag": "country_australia"
    }
  },
  {
    "backgroundObject": {
      "res": "hangar_flag_britain_single_dynmodel",
      "tm": [
        [-0.0120028,0.0,0.866803],
        [0.0,0.866887,0.0],
        [-0.866803,0.0,-0.0120028],
        [1843.29,73.4518,-1144.41]
      ],
      "tag": "country_australia"
    }
  },
  {
    "backgroundObject": {
      "res": "hangar_flag_france_dynmodel",
      "tm": [
        [0.731353,0.0,0.681998],
        [0.0,1.0,0.0],
        [-0.681998,0.0,0.731353],
        [2080.68,39.3112,-751.524]
      ],
      "tag": "country_france"
    }
  },
  {
    "backgroundObject": {
      "res": "hangar_flag_france_single_dynmodel",
      "tm": [
        [0.731353,0.0,0.681998],
        [0.0,1.0,0.0],
        [-0.681998,0.0,0.731353],
        [2126.03,33.7511,-792.773]
      ],
      "tag": "country_france"
    }
  },
  {
    "backgroundObject": {
      "res": "hangar_flag_france_single_dynmodel",
      "tm": [
        [0.731353,0.0,0.681998],
        [0.0,1.0,0.0],
        [-0.681998,0.0,0.731353],
        [2043.01,33.7511,-703.545]
      ],
      "tag": "country_france"
    }
  },
  {
    "backgroundObject": {
      "res": "hangar_flag_france_dynmodel",
      "tm": [
        [-0.681998,0.0,0.731353],
        [0.0,1.0,0.0],
        [-0.731353,0.0,-0.681998],
        [2221.64,34.939,-782.823]
      ],
      "tag": "country_france"
    }
  },
  {
    "backgroundObject": {
      "res": "hangar_flag_france_single_dynmodel",
      "tm": [
        [0.681998,0.0,-0.731353],
        [0.0,1.0,0.0],
        [0.731353,0.0,0.681998],
        [2106.81,28.8982,-601.858]
      ],
      "tag": "country_france"
    }
  },
  {
    "backgroundObject": {
      "res": "hangar_flag_france_single_dynmodel",
      "tm": [
        [0.681998,0.0,-0.731353],
        [0.0,1.0,0.0],
        [0.731353,0.0,0.681998],
        [2106.81,28.8982,-601.858]
      ],
      "tag": "country_france"
    }
  },
  {
    "backgroundObject": {
      "res": "hangar_flag_france_dynmodel",
      "tm": [
        [-0.0379086,0.0,0.99928],
        [0.0,1.0,0.0],
        [-0.99928,0.0,-0.0379086],
        [1772.53,72.6117,-1178.74]
      ],
      "tag": "country_france"
    }
  },
  {
    "backgroundObject": {
      "res": "hangar_flag_france_single_dynmodel",
      "tm": [
        [0.569695,0.0,-0.119841],
        [0.0,0.582164,0.0],
        [0.119841,0.0,0.569695],
        [1793.54,65.149,-1055.96]
      ],
      "tag": "country_france"
    }
  },
  {
    "backgroundObject": {
      "res": "hangar_flag_france_single_dynmodel",
      "tm": [
        [-0.120045,0.0,-0.569652],
        [0.0,0.582164,0.0],
        [0.569652,0.0,-0.120045],
        [1790.16,65.149,-1058.49]
      ],
      "tag": "country_france"
    }
  },
  {
    "backgroundObject": {
      "res": "hangar_flag_france_single_dynmodel",
      "tm": [
        [-0.0115365,0.0,-0.582049],
        [0.0,0.582164,0.0],
        [0.582049,0.0,-0.0115365],
        [1829.64,68.8831,-1045.93]
      ],
      "tag": "country_france"
    }
  },
  {
    "backgroundObject": {
      "res": "hangar_flag_france_single_dynmodel",
      "tm": [
        [0.573814,0.0,-0.0982453],
        [0.0,0.582164,0.0],
        [0.0982453,0.0,0.573814],
        [1761.97,70.2151,-1079.23]
      ],
      "tag": "country_france"
    }
  },
  {
    "backgroundObject": {
      "res": "hangar_flag_france_single_dynmodel",
      "tm": [
        [0.581834,0.0,0.019597],
        [0.0,0.582164,0.0],
        [-0.019597,0.0,0.581834],
        [1755.83,69.7095,-1137.39]
      ],
      "tag": "country_france"
    }
  },
  {
    "backgroundObject": {
      "res": "hangar_flag_france_single_dynmodel",
      "tm": [
        [-0.0120028,0.0,0.866803],
        [0.0,0.866887,0.0],
        [-0.866803,0.0,-0.0120028],
        [1843.29,73.4518,-1144.41]
      ],
      "tag": "country_france"
    }
  },
  {
    "env": {
      "env": "11",
      "weight": 2.0
    }
  },
  {
    "procCamera": {
      "fov": 80.0,
      "zNear": 0.05,
      "time": 8.0,
      "from": {
        "start": {
          "nodeName": "wing_l_dm",
          "offset": [0.0,1.0,0.5]
        },
        "end": {
          "nodeName": "wing_l_dm",
          "offset": [1.0,1.0,0.7]
        }
      },
      "to": {
        "start": {
          "nodeName": "pilot_dm",
          "offset": [0.0,1.0,0.0]
        },
        "end": {
          "nodeName": "pilot_dm",
          "offset": [0.0,1.0,1.0]
        }
      }
    }
  },
  {
    "procCamera": {
      "fov": 80.0,
      "zNear": 0.05,
      "time": 8.0,
      "from": {
        "start": {
          "nodeName": "wing_r_dm",
          "offset": [0.0,1.0,0.5]
        },
        "end": {
          "nodeName": "wing_r_dm",
          "offset": [1.0,1.0,0.3]
        }
      },
      "to": {
        "start": {
          "nodeName": "pilot_dm",
          "offset": [0.0,1.0,0.0]
        },
        "end": {
          "nodeName": "pilot_dm",
          "offset": [0.0,1.0,1.0]
        }
      }
    }
  },
  {
    "procCamera": {
      "fov": 80.0,
      "zNear": 0.05,
      "time": 10.0,
      "from": {
        "start": {
          "nodeName": "fuse_dm",
          "offset": [1.3,1.5,0.3]
        },
        "end": {
          "nodeName": "fuse_dm",
          "offset": [-0.2,1.5,0.3]
        }
      },
      "to": {
        "start": {
          "nodeName": "fuse_dm",
          "offset": [1.0,0.3,0.3]
        },
        "end": {
          "nodeName": "fuse_dm",
          "offset": [-0.5,0.3,0.3]
        }
      }
    }
  },
  {
    "procCamera": {
      "fov": 80.0,
      "zNear": 0.05,
      "time": 10.0,
      "from": {
        "start": {
          "nodeName": "fuse_dm",
          "offset": [1.3,1.1,-0.3]
        },
        "end": {
          "nodeName": "fuse_dm",
          "offset": [0.2,1.1,-0.3]
        }
      },
      "to": {
        "start": {
          "nodeName": "fuse_dm",
          "offset": [1.1,0.8,0.3]
        },
        "end": {
          "nodeName": "fuse_dm",
          "offset": [0.0,0.8,0.3]
        }
      }
    }
  },
  {
    "procCamera": {
      "fov": 80.0,
      "zNear": 0.05,
      "time": 10.0,
      "from": {
        "start": {
          "nodeName": "fuse_dm",
          "offset": [1.3,1.1,1.3]
        },
        "end": {
          "nodeName": "fuse_dm",
          "offset": [0.2,1.1,1.3]
        }
      },
      "to": {
        "start": {
          "nodeName": "fuse_dm",
          "offset": [1.1,0.8,0.7]
        },
        "end": {
          "nodeName": "fuse_dm",
          "offset": [0.0,0.8,0.7]
        }
      }
    }
  },
  {
    "procCamera": {
      "fov": 80.0,
      "zNear": 0.05,
      "time": 8.0,
      "from": {
        "start": {
          "nodeName": "fuse_dm",
          "offset": [0.5,1.7,2.0]
        },
        "end": {
          "nodeName": "fuse_dm",
          "offset": [1.0,0.5,3.0]
        }
      },
      "to": {
        "start": {
          "nodeName": "tail_dm",
          "offset": [0.0,0.0,0.0]
        },
        "end": {
          "nodeName": "wing_r_dm",
          "offset": [0.0,0.0,0.0]
        }
      }
    }
  },
  {
    "procCamera": {
      "fov": 80.0,
      "zNear": 0.05,
      "time": 8.0,
      "from": {
        "start": {
          "nodeName": "wing_r_dm",
          "offset": [1.4,1.5,0.0]
        },
        "end": {
          "nodeName": "wing_r_dm",
          "offset": [1.4,1.5,0.8]
        }
      },
      "to": {
        "start": {
          "nodeName": "wing_r_dm",
          "offset": [0.0,0.0,0.0]
        },
        "end": {
          "nodeName": "wing_r_dm",
          "offset": [0.0,0.0,0.8]
        }
      }
    }
  },
  {
    "procCamera": {
      "fov": 80.0,
      "zNear": 0.05,
      "time": 8.0,
      "from": {
        "start": {
          "nodeName": "wing_l_dm",
          "offset": [1.4,1.5,1.0]
        },
        "end": {
          "nodeName": "wing_l_dm",
          "offset": [1.4,1.5,0.2]
        }
      },
      "to": {
        "start": {
          "nodeName": "wing_l_dm",
          "offset": [0.0,0.0,1.0]
        },
        "end": {
          "nodeName": "wing_l_dm",
          "offset": [0.0,0.0,0.2]
        }
      }
    }
  },
  {
    "procCamera": {
      "fov": 80.0,
      "zNear": 0.05,
      "time": 12.0,
      "from": {
        "start": {
          "nodeName": "tail_dm",
          "offset": [0.5,1.0,0.9]
        },
        "end": {
          "nodeName": "pilot_dm",
          "offset": [0.5,1.0,1.7]
        }
      },
      "to": {
        "start": {
          "nodeName": "pilot_dm",
          "offset": [1.5,1.0,0.5]
        },
        "end": {
          "nodeName": "pilot_dm",
          "offset": [1.5,1.0,0.5]
