{
  "selected_tag": "",
  "bin_dump_file": "",
  "mission_settings": {
    "player": {
      "army": 1,
      "wing": "bdt_armada"
    },
    "player_teamB": {
      "army": 2
    },
    "mission": {
      "level": "levels/air_afghan.bin",
      "type": "singleMission",
      "environment": "Day",
      "weather": "hazy",
      "restoreType": "attempts",
      "optionalTakeOff": true
    },
    "spectator_points": {}
  },
  "imports": {
    "import_record": [
      {
        "file": "gameData/missions/templates/enduring_confrontation/bdt_bases_destroy_template.blk",
        "importAreas": true,
        "importUnits": true,
        "importTriggers": true,
        "importMissionObjectives": true,
        "importWayPoints": true,
        "showAreas": true,
        "showUnits": true,
        "showTriggers": true,
        "showMissionObjectives": true,
        "showWayPoints": true,
        "excludes": {}
      },
      {
        "file": "gameData/missions/templates/units_sets/land_sets_aaa_bases/bdt_t1_ussr_rank_01.blk",
        "rankRange": [
          0,
          4
        ],
        "importAreas": true,
        "importUnits": true,
        "importTriggers": true,
        "importMissionObjectives": true,
        "importWayPoints": true,
        "showAreas": true,
        "showUnits": true,
        "showTriggers": true,
        "showMissionObjectives": true,
        "showWayPoints": true,
        "excludes": {}
      },
      {
        "file": "gameData/missions/templates/units_sets/land_sets_aaa_bases/bdt_t1_ussr_rank_02.blk",
        "rankRange": [
          5,
          8
        ],
        "importAreas": true,
        "importUnits": true,
        "importTriggers": true,
        "importMissionObjectives": true,
        "importWayPoints": true,
        "showAreas": true,
        "showUnits": true,
        "showTriggers": true,
        "showMissionObjectives": true,
        "showWayPoints": true,
        "excludes": {}
      },
      {
        "file": "gameData/missions/templates/units_sets/land_sets_aaa_bases/bdt_t1_ussr_rank_03.blk",
        "rankRange": [
          9,
          13
        ],
        "importAreas": true,
        "importUnits": true,
        "importTriggers": true,
        "importMissionObjectives": true,
        "importWayPoints": true,
        "showAreas": true,
        "showUnits": true,
        "showTriggers": true,
        "showMissionObjectives": true,
        "showWayPoints": true,
        "excludes": {}
      },
      {
        "file": "gameData/missions/templates/units_sets/land_sets_aaa_bases/bdt_t1_ussr_rank_04.blk",
        "rankRange": [
          14,
          19
        ],
        "importAreas": true,
        "importUnits": true,
        "importTriggers": true,
        "importMissionObjectives": true,
        "importWayPoints": true,
        "showAreas": true,
        "showUnits": true,
        "showTriggers": true,
        "showMissionObjectives": true,
        "showWayPoints": true,
        "excludes": {}
      },
      {
        "file": "gameData/missions/templates/units_sets/land_sets_aaa_bases/bdt_t1_ussr_rank_05.blk",
        "rankRange": [
          20,
          24
        ],
        "importAreas": true,
        "importUnits": true,
        "importTriggers": true,
        "importMissionObjectives": true,
        "importWayPoints": true,
        "showAreas": true,
        "showUnits": true,
        "showTriggers": true,
        "showMissionObjectives": true,
        "showWayPoints": true,
        "excludes": {}
      },
      {
        "file": "gameData/missions/templates/units_sets/land_sets_aaa_bases/bdt_t1_ussr_rank_06.blk",
        "rankRange": [
          25,
          50
        ],
        "importAreas": true,
        "importUnits": true,
        "importTriggers": true,
        "importMissionObjectives": true,
        "importWayPoints": true,
        "showAreas": true,
        "showUnits": true,
        "showTriggers": true,
        "showMissionObjectives": true,
        "showWayPoints": true,
        "excludes": {}
      },
      {
        "file": "gameData/missions/templates/units_sets/land_sets_aaa_bases/bdt_t2_germ_rank_01.blk",
        "rankRange": [
          0,
          4
        ],
        "importAreas": true,
        "importUnits": true,
        "importTriggers": true,
        "importMissionObjectives": true,
        "importWayPoints": true,
        "showAreas": true,
        "showUnits": true,
        "showTriggers": true,
        "showMissionObjectives": true,
        "showWayPoints": true,
        "excludes": {}
      },
      {
        "file": "gameData/missions/templates/units_sets/land_sets_aaa_bases/bdt_t2_germ_rank_02.blk",
        "rankRange": [
          5,
          8
        ],
        "importAreas": true,
        "importUnits": true,
        "importTriggers": true,
        "importMissionObjectives": true,
        "importWayPoints": true,
        "showAreas": true,
        "showUnits": true,
        "showTriggers": true,
        "showMissionObjectives": true,
        "showWayPoints": true,
        "excludes": {}
      },
      {
        "file": "gameData/missions/templates/units_sets/land_sets_aaa_bases/bdt_t2_germ_rank_03.blk",
        "rankRange": [
          9,
          13
        ],
        "importAreas": true,
        "importUnits": true,
        "importTriggers": true,
        "importMissionObjectives": true,
        "importWayPoints": true,
        "showAreas": true,
        "showUnits": true,
        "showTriggers": true,
        "showMissionObjectives": true,
        "showWayPoints": true,
        "excludes": {}
      },
      {
        "file": "gameData/missions/templates/units_sets/land_sets_aaa_bases/bdt_t2_germ_rank_04.blk",
        "rankRange": [
          14,
          19
        ],
        "importAreas": true,
        "importUnits": true,
        "importTriggers": true,
        "importMissionObjectives": true,
        "importWayPoints": true,
        "showAreas": true,
        "showUnits": true,
        "showTriggers": true,
        "showMissionObjectives": true,
        "showWayPoints": true,
        "excludes": {}
      },
      {
        "file": "gameData/missions/templates/units_sets/land_sets_aaa_bases/bdt_t2_germ_rank_05.blk",
        "rankRange": [
          20,
          24
        ],
        "importAreas": true,
        "importUnits": true,
        "importTriggers": true,
        "importMissionObjectives": true,
        "importWayPoints": true,
        "showAreas": true,
        "showUnits": true,
        "showTriggers": true,
        "showMissionObjectives": true,
        "showWayPoints": true,
        "excludes": {}
      },
      {
        "file": "gameData/missions/templates/units_sets/land_sets_aaa_bases/bdt_t2_germ_rank_06.blk",
        "rankRange": [
          25,
          50
        ],
        "importAreas": true,
        "importUnits": true,
        "importTriggers": true,
        "importMissionObjectives": true,
        "importWayPoints": true,
        "showAreas": true,
        "showUnits": true,
        "showTriggers": true,
        "showMissionObjectives": true,
        "showWayPoints": true,
        "excludes": {}
      }
    ]
  },
  "triggers": {
    "isCategory": true,
    "is_enabled": true,
    "bdt_part_init": {
      "is_enabled": true,
      "comments": "",
      "props": {
        "actionsType": "PERFORM_ONE_BY_ONE",
        "conditionsType": "ALL",
        "enableAfterComplete": false
      },
      "events": {
        "initMission": {}
      },
      "conditions": {},
      "actions": {
        "comment": [
          {
            "value": "set max bases amount +1"
          },
          {
            "value": "enable self restarting for template"
          },
          {
            "value": "increase one-moment bases amount"
          },
          {
            "value": "set min distance between bases"
          }
        ],
        "varSetInt": [
          {
            "value": 21,
            "var": "bdt_t1_total_bases_max_count"
          },
          {
            "value": 21,
            "var": "bdt_t2_total_bases_max_count"
          },
          {
            "value": 5,
            "var": [
              "bdt_t1_active_bases_max_count",
              "bdt_t2_active_bases_max_count"
            ]
          }
        ],
        "varSetBool": {
          "value": true,
          "var": "bdt_self_restart"
        },
        "varSetReal": {
          "value": 15000.0,
          "var": [
            "bdt_t1_min_zone_distance",
            "bdt_t2_min_zone_distance"
          ]
        }
      },
      "else_actions": {}
    }
  },
  "mission_objectives": {
    "isCategory": true,
    "is_enabled": true
  },
  "variables": {},
  "dialogs": {},
  "airfields": {},
  "effects": {},
  "units": {
    "objectGroups": [
      {
        "name": "bdt_t1_bomb_object_01",
        "tm": [
          [
            -0.615672,
            0.0,
            0.788003
          ],
          [
            0.0,
            1.0,
            0.0
          ],
          [
            -0.788003,
            0.0,
            -0.615672
          ],
          [
            21953.4,
            1256.95,
            18180.0
          ]
        ],
        "unit_class": "dynBase_small_factory_square",
        "objLayer": 2,
        "props": {
          "army": 1,
          "active": false
        }
      },
      {
        "name": "bdt_t1_bomb_object_02",
        "tm": [
          [
            -0.500001,
            0.0,
            0.866026
          ],
          [
            0.0,
            1.0,
            0.0
          ],
          [
            -0.866026,
            0.0,
            -0.500001
          ],
          [
            18762.2,
            462.745,
            2663.14
          ]
        ],
        "unit_class": "dynBase_hq_camp_square",
        "objLayer": 2,
        "props": {
          "army": 1,
          "active": false
        }
      },
      {
        "name": "bdt_t1_bomb_object_03",
        "tm": [
          [
            0.087155,
            0.0,
            0.996195
          ],
          [
            0.0,
            1.0,
            0.0
          ],
          [
            -0.996195,
            0.0,
            0.087155
          ],
          [
            32135.2,
            587.45,
            3013.6
          ]
        ],
        "unit_class": "dynBase_petrol_camp_square",
        "objLayer": 2,
        "props": {
          "army": 1,
          "active": false
        }
      },
      {
        "name": "bdt_t1_bomb_object_04",
        "tm": [
          [
            -0.422618,
            0.0,
            0.906309
          ],
          [
            0.0,
            1.0,
            0.0
          ],
          [
            -0.906309,
            0.0,
            -0.422618
          ],
          [
            34339.8,
            124.483,
            -5252.51
          ]
        ],
        "unit_class": "dynBase_field_camp_square",
        "objLayer": 2,
        "props": {
          "army": 1,
          "active": false
        }
      },
      {
        "name": "bdt_t1_bomb_object_05",
        "tm": [
          [
            0.642787,
            0.0,
            0.766044
          ],
          [
            0.0,
            1.0,
            0.0
          ],
          [
            -0.766044,
            0.0,
            0.642787
          ],
          [
            -5447.23,
            472.071,
            35096.0
          ]
        ],
        "unit_class": "dynBase_military_base_square",
        "objLayer": 2,
        "props": {
          "army": 1,
          "active": false
        }
      },
      {
        "name": "bdt_t1_bomb_object_06",
        "tm": [
          [
            -0.737278,
            0.0,
            0.675591
          ],
          [
            0.0,
            1.0,
            0.0
          ],
          [
            -0.675591,
            0.0,
            -0.737278
          ],
          [
            -5359.6,
            544.95,
            26139.8
          ]
        ],
        "unit_class": "dynBase_oil_storage_large_square",
        "objLayer": 2,
        "props": {
          "army": 1,
          "active": false
        }
      },
      {
        "name": "bdt_t1_bomb_object_07",
        "tm": [
          [
            -0.737277,
            0.0,
            0.675589
          ],
          [
            0.0,
            1.0,
            0.0
          ],
          [
            -0.675589,
            0.0,
            -0.737277
          ],
          [
            3726.97,
            848.806,
            24989.3
          ]
        ],
        "unit_class": "dynBase_ammunition_storage_square",
        "objLayer": 2,
        "props": {
          "army": 1,
          "active": false
        }
      },
      {
        "name": "bdt_t1_bomb_object_08",
        "tm": [
          [
            -0.939692,
            0.0,
            0.34202
          ],
          [
            0.0,
            1.0,
            0.0
          ],
          [
            -0.34202,
            0.0,
            -0.939692
          ],
          [
            2510.23,
            789.028,
            29703.2
          ]
        ],
        "unit_class": "dynBase_oil_storage_small_square",
        "objLayer": 2,
        "props": {
          "army": 1,
          "active": false
        }
      },
      {
        "name": "bdt_t2_bomb_object_01",
        "tm": [
          [
            -0.173649,
            0.0,
            0.984809
          ],
          [
            0.0,
            1.0,
            0.0
          ],
          [
            -0.984809,
            0.0,
            -0.173649
          ],
          [
            -23002.1,
            617.458,
            48.9067
          ]
        ],
        "unit_class": "dynBase_hq_camp_square",
        "objLayer": 2,
        "props": {
          "army": 2,
          "active": false
        }
      },
      {
        "name": "bdt_t2_bomb_object_02",
        "tm": [
          [
            0.252379,
            0.0,
            0.96763
          ],
          [
            0.0,
            1.0,
            0.0
          ],
          [
            -0.96763,
            0.0,
            0.252379
          ],
          [
            -3678.12,
            118.348,
            -31925.6
          ]
        ],
        "unit_class": "dynBase_military_base_square",
        "objLayer": 2,
        "props": {
          "army": 2,
          "active": false
        }
      },
      {
        "name": "bdt_t2_bomb_object_03",
        "tm": [
          [
            -0.537301,
            0.0,
            -0.843393
          ],
          [
            0.0,
            1.0,
            0.0
          ],
          [
            0.843393,
            0.0,
            -0.537301
          ],
          [
            -4648.95,
            139.9,
            -16586.4
          ]
        ],
        "unit_class": "dynBase_ammunition_camp_square",
        "objLayer": 2,
        "props": {
          "army": 2,
          "active": false
        }
      },
      {
        "name": "bdt_t2_bomb_object_04",
        "tm": [
          [
            -0.382684,
            0.0,
            0.923881
          ],
          [
            0.0,
            1.0,
            0.0
          ],
          [
            -0.923881,
            0.0,
            -0.382684
          ],
          [
            8260.27,
            203.221,
            -30910.3
          ]
        ],
        "unit_class": "dynBase_oil_storage_large_square",
        "objLayer": 2,
        "props": {
          "army": 2,
          "active": false
        }
      },
      {
        "name": "bdt_t2_bomb_object_05",
        "tm": [
          [
            -0.608762,
            0.0,
            0.793353
          ],
          [
            0.0,
            1.0,
            0.0
          ],
          [
            -0.793353,
            0.0,
            -0.608762
          ],
          [
            -17935.0,
            780.536,
            -13601.8
          ]
        ],
        "unit_class": "dynBase_oil_storage_small_square",
        "objLayer": 2,
        "props": {
          "army": 2,
          "active": false
        }
      },
      {
        "name": "bdt_t2_bomb_object_06",
        "tm": [
          [
            -0.258819,
            0.0,
            0.965927
          ],
          [
            0.0,
            1.0,
            0.0
          ],
          [
            -0.965927,
            0.0,
            -0.258819
          ],
          [
            -21851.4,
            543.945,
            -10948.6
          ]
        ],
        "unit_class": "dynBase_petrol_camp_square",
        "objLayer": 2,
        "props": {
          "army": 2,
          "active": false
        }
      },
      {
        "name": "bdt_t2_bomb_object_07",
        "tm": [
          [
            -0.5,
            0.0,
            0.866026
          ],
          [
            0.0,
            1.0,
            0.0
          ],
          [
            -0.866026,
            0.0,
            -0.5
          ],
          [
            -5010.26,
            62.4568,
            -21039.7
          ]
        ],
        "unit_class": "dynBase_ammunition_storage_square",
        "objLayer": 2,
        "props": {
          "army": 2,
          "active": false
        }
      },
      {
        "name": "bdt_t2_bomb_object_08",
        "tm": [
          [
            -0.130526,
            0.0,
            0.991445
          ],
          [
            0.0,
            1.0,
            0.0
          ],
          [
            -0.991445,
            0.0,
            -0.130526
          ],
          [
            -14782.0,
            857.65,
            -4176.25
          ]
        ],
        "unit_class": "dynBase_small_factory_square",
        "objLayer": 2,
        "props": {
          "army": 2,
          "active": false
        }
      },
      {
        "name": "bdt_t1_bomb_object_09",
        "tm": [
          [
            -0.939692,
            0.0,
            0.34202
          ],
          [
            0.0,
            1.0,
            0.0
          ],
          [
            -0.34202,
            0.0,
            -0.939692
          ],
          [
            13839.5,
            474.629,
            23394.8
          ]
        ],
        "unit_class": "dynBase_oil_storage_small_square",
        "objLayer": 2,
        "props": {
          "army": 1,
          "active": false
        }
      },
      {
        "name": "bdt_t1_bomb_object_10",
        "tm": [
          [
            0.087155,
            0.0,
            0.996195
          ],
          [
            0.0,
            1.0,
            0.0
          ],
          [
            -0.996195,
            0.0,
            0.087155
          ],
          [
            5125.43,
            659.694,
            17374.8
          ]
        ],
        "unit_class": "dynBase_petrol_camp_square",
        "objLayer": 2,
        "props": {
          "army": 1,
          "active": false
        }
      },
      {
        "name": "bdt_t2_bomb_object_09",
        "tm": [
          [
            0.252379,
            0.0,
            0.96763
          ],
          [
            0.0,
            1.0,
            0.0
          ],
          [
            -0.96763,
            0.0,
            0.252379
          ],
          [
            2454.5,
            75.3594,
            -38590.6
          ]
        ],
        "unit_class": "dynBase_military_base_square",
        "objLayer": 2,
        "props": {
          "army": 2,
          "active": false
        }
      },
      {
        "name": "bdt_t2_bomb_object_10",
        "tm": [
          [
            -0.608762,
            0.0,
            0.793353
          ],
          [
            0.0,
            1.0,
            0.0
          ],
          [
            -0.793353,
            0.0,
            -0.608762
          ],
          [
            -33004.8,
            445.446,
            594.817
          ]
        ],
        "unit_class": "dynBase_oil_storage_small_square",
        "objLayer": 2,
        "props": {
          "army": 2,
          "active": false
        }
      },
      {
        "name": "bdt_t1_bomb_object_11",
        "tm": [
          [
            0.087155,
            0.0,
            0.996195
          ],
          [
            0.0,
            1.0,
            0.0
          ],
          [
            -0.996195,
            0.0,
            0.087155
          ],
          [
            40150.2,
            980.9,
            21129.8
          ]
        ],
        "unit_class": "dynBase_petrol_camp_square",
        "objLayer": 2,
        "props": {
          "army": 1,
          "active": false
        }
      },
      {
        "name": "bdt_t1_bomb_object_12",
        "tm": [
          [
            -0.615672,
            0.0,
            0.788003
          ],
          [
            0.0,
            1.0,
            0.0
          ],
          [
            -0.788003,
            0.0,
            -0.615672
          ],
          [
            32203.7,
            1151.12,
            24590.8
          ]
        ],
        "unit_class": "dynBase_small_factory_square",
        "objLayer": 2,
        "props": {
          "army": 1,
          "active": false
        }
      },
      {
        "name": "bdt_t1_bomb_object_13",
        "tm": [
          [
            -0.500001,
            0.0,
            0.866026
          ],
          [
            0.0,
            1.0,
            0.0
          ],
          [
            -0.866026,
            0.0,
            -0.500001
          ],
          [
            30003.9,
            235.464,
            11010.3
          ]
        ],
        "unit_class": "dynBase_hq_camp_square",
        "objLayer": 2,
        "props": {
          "army": 1,
          "active": false
        }
      },
      {
        "name": "bdt_t1_bomb_object_14",
        "tm": [
          [
            -0.422618,
            0.0,
            0.906309
          ],
          [
            0.0,
            1.0,
            0.0
          ],
          [
            -0.906309,
            0.0,
            -0.422618
          ],
          [
            43846.8,
            93.6506,
            -2577.71
          ]
        ],
        "unit_class": "dynBase_field_camp_square",
        "objLayer": 2,
        "props": {
          "army": 1,
          "active": false
        }
      },
      {
        "name": "bdt_t1_bomb_object_15",
        "tm": [
          [
            0.087155,
            0.0,
            0.996195
          ],
          [
            0.0,
            1.0,
            0.0
          ],
          [
            -0.996195,
            0.0,
            0.087155
          ],
          [
            20485.1,
            752.459,
            29670.8
          ]
        ],
        "unit_class": "dynBase_petrol_camp_square",
        "objLayer": 2,
        "props": {
          "army": 1,
          "active": false
        }
      },
      {
        "name": "bdt_t2_bomb_object_11",
        "tm": [
          [
            -0.608762,
            0.0,
            0.793353
          ],
          [
            0.0,
            1.0,
            0.0
          ],
          [
            -0.793353,
            0.0,
            -0.608762
          ],
          [
            -42201.0,
            804.669,
            -12753.0
          ]
        ],
        "unit_class": "dynBase_oil_storage_small_square",
        "objLayer": 2,
        "props": {
          "army": 2,
          "active": false
        }
      },
      {
        "name": "bdt_t2_bomb_object_12",
        "tm": [
          [
            -0.5,
            0.0,
            0.866026
          ],
          [
            0.0,
            1.0,
            0.0
          ],
          [
            -0.866026,
            0.0,
            -0.5
          ],
          [
            -24743.8,
            1182.81,
            -37352.8
          ]
        ],
        "unit_class": "dynBase_ammunition_storage_square",
        "objLayer": 2,
        "props": {
          "army": 2,
          "active": false
        }
      },
      {
        "name": "bdt_t2_bomb_object_13",
        "tm": [
          [
            0.252379,
            0.0,
            0.96763
          ],
          [
            0.0,
            1.0,
            0.0
          ],
          [
            -0.96763,
            0.0,
            0.252379
          ],
          [
            -15914.6,
            720.529,
            -42378.6
          ]
        ],
        "unit_class": "dynBase_military_base_square",
        "objLayer": 2,
        "props": {
          "army": 2,
          "active": false
        }
      },
      {
        "name": "bdt_t2_bomb_object_14",
        "tm": [
          [
            -0.258819,
            0.0,
            0.965927
          ],
          [
            0.0,
            1.0,
            0.0
          ],
          [
            -0.965927,
            0.0,
            -0.258819
          ],
          [
            -59728.6,
            782.288,
            -5099.8
          ]
        ],
        "unit_class": "dynBase_petrol_camp_square",
        "objLayer": 2,
        "props": {
          "army": 2,
          "active": false
        }
      },
      {
        "name": "bdt_t2_bomb_object_15",
        "tm": [
          [
            0.252379,
            0.0,
            0.96763
          ],
          [
            0.0,
            1.0,
            0.0
          ],
          [
            -0.96763,
            0.0,
            0.252379
          ],
          [
            -35448.0,
            630.674,
            -10384.5
          ]
        ],
        "unit_class": "dynBase_military_base_square",
        "objLayer": 2,
        "props": {
          "army": 2,
          "active": false
        }
      },
      {
        "name": "bdt_t1_bomb_object_16",
        "tm": [
          [
            -0.422618,
            0.0,
            0.906309
          ],
          [
            0.0,
            1.0,
            0.0
          ],
          [
            -0.906309,
            0.0,
            -0.422618
          ],
          [
            -25102.3,
            413.573,
            46347.1
          ]
        ],
        "unit_class": "dynBase_field_camp_square",
        "objLayer": 2,
        "props": {
          "army": 1,
          "active": false
        }
      },
      {
        "name": "bdt_t1_bomb_object_17",
        "tm": [
          [
            -0.422618,
            0.0,
            0.906309
          ],
          [
            0.0,
            1.0,
            0.0
          ],
          [
            -0.906309,
            0.0,
            -0.422618
          ],
          [
            6478.93,
            347.047,
            57615.8
          ]
        ],
        "unit_class": "dynBase_field_camp_square",
        "objLayer": 2,
        "props": {
          "army": 1,
          "active": false
        }
      },
      {
        "name": "bdt_t1_bomb_object_18",
        "tm": [
          [
            -0.615672,
            0.0,
            0.788003
          ],
          [
            0.0,
            1.0,
            0.0
          ],
          [
            -0.788003,
            0.0,
            -0.615672
          ],
          [
            9541.29,
            505.915,
            34621.5
          ]
        ],
        "unit_class": "dynBase_small_factory_square",
        "objLayer": 2,
        "props": {
          "army": 1,
          "active": false
        }
      },
      {
        "name": "bdt_t1_bomb_object_19",
        "tm": [
          [
            -0.422618,
            0.0,
            0.906309
          ],
          [
            0.0,
            1.0,
            0.0
          ],
          [
            -0.906309,
            0.0,
            -0.422618
          ],
          [
            45196.5,
            536.328,
            10820.8
          ]
        ],
        "unit_class": "dynBase_field_camp_square",
        "objLayer": 2,
        "props": {
          "army": 1,
          "active": false
        }
      },
      {
        "name": "bdt_t1_bomb_object_20",
        "tm": [
          [
            -0.615672,
            0.0,
            0.788003
          ],
          [
            0.0,
            1.0,
            0.0
          ],
          [
            -0.788003,
            0.0,
            -0.615672
          ],
          [
            -14805.0,
            536.693,
            47329.9
          ]
        ],
        "unit_class": "dynBase_small_factory_square",
        "objLayer": 2,
        "props": {
          "army": 1,
          "active": false
        }
      },
      {
        "name": "bdt_t2_bomb_object_16",
        "tm": [
          [
            -0.5,
            0.0,
            0.866026
          ],
          [
            0.0,
            1.0,
            0.0
          ],
          [
            -0.866026,
            0.0,
            -0.5
          ],
          [
            -41263.8,
            78.9384,
            8386.15
          ]
        ],
        "unit_class": "dynBase_ammunition_storage_square",
        "objLayer": 2,
        "props": {
          "army": 2,
          "active": false
        }
      },
      {
        "name": "bdt_t2_bomb_object_17",
        "tm": [
          [
            -0.258819,
            0.0,
            0.965927
          ],
          [
            0.0,
            1.0,
            0.0
          ],
          [
            -0.965927,
            0.0,
            -0.258819
          ],
          [
            14004.0,
            127.132,
            -44997.9
          ]
        ],
        "unit_class": "dynBase_petrol_camp_square",
        "objLayer": 2,
        "props": {
          "army": 2,
          "active": false
        }
      },
      {
        "name": "bdt_t2_bomb_object_18",
        "tm": [
          [
            -0.537301,
            0.0,
            -0.843393
          ],
          [
            0.0,
            1.0,
            0.0
          ],
          [
            0.843393,
            0.0,
            -0.537301
          ],
          [
            9669.34,
            105.948,
            -47349.1
          ]
        ],
        "unit_class": "dynBase_ammunition_camp_square",
        "objLayer": 2,
        "props": {
          "army": 2,
          "active": false
        }
      },
      {
        "name": "bdt_t2_bomb_object_19",
        "tm": [
          [
            -0.5,
            0.0,
            0.866026
          ],
          [
            0.0,
            1.0,
            0.0
          ],
          [
            -0.866026,
            0.0,
            -0.5
          ],
          [
            2573.33,
            94.0905,
            -50750.0
          ]
        ],
        "unit_class": "dynBase_ammunition_storage_square",
        "objLayer": 2,
        "props": {
          "army": 2,
          "active": false
        }
      },
      {
        "name": "bdt_t2_bomb_object_20",
        "tm": [
          [
            0.252379,
            0.0,
            0.96763
          ],
          [
            0.0,
            1.0,
            0.0
          ],
          [
            -0.96763,
            0.0,
            0.252379
          ],
          [
            15635.0,
            124.735,
            -32998.1
          ]
        ],
        "unit_class": "dynBase_military_base_square",
        "objLayer": 2,
        "props": {
          "army": 2,
          "active": false
        }
      }
    ],
    "armada": {
      "name": "bdt_armada",
      "tm": [
        [
          -8.34465E-07,
          0.0,
          1.0
        ],
        [
          0.0,
          1.0,
          0.0
        ],
        [
          -1.0,
          0.0,
          -8.34465E-07
        ],
        [
          14870.1,
          5280.21,
          -11506.7
        ]
      ],
      "unit_class": "b-17g",
      "objLayer": 1,
      "closed_waypoints": false,
      "isShipSpline": false,
      "shipTurnRadius": 100.0,
      "weapons": "B17G_8x1000lbs",
      "bullets0": "",
      "bullets1": "",
      "bullets2": "",
      "bullets3": "",
      "bulletsCount0": 0,
      "bulletsCount1": 0,
      "bulletsCount2": 0,
      "bulletsCount3": 0,
      "crewSkillK": 0.0,
      "applyAllMods": false,
      "props": {
        "army": 2,
        "count": 1,
        "free_distance": 70.0,
        "floating_distance": 50.0,
        "minimum_distance_to_earth": 20.0,
        "altLimit": 6000.0,
        "attack_type": "fire_at_will",
        "skill": 4,
        "plane": {
          "wing_formation": "Diamond",
          "row_distances": 3.0,
          "col_distances": 3.0,
          "super_formation": "Diamond",
          "super_row_distances": 1.5,
          "super_col_distances": 1.5,
          "ai_skill": "NORMAL",
          "task": "FLY_WAYPOINT"
        }
      },
      "way": {}
    }
  },
  "areas": {
    "bdt_t1_bomb_zone_01": {
      "type": "Sphere",
      "tm": [
        [
          129.409,
          0.0,
          482.962
        ],
        [
          0.0,
          500.0,
          0.0
        ],
        [
          -482.962,
          0.0,
          129.409
        ],
        [
          21958.9,
          1257.1,
          18187.3
        ]
      ],
      "objLayer": 0,
      "props": {}
    },
    "bdt_t1_bomb_zone_02": {
      "type": "Sphere",
      "tm": [
        [
          -211.31,
          0.0,
          453.154
        ],
        [
          0.0,
          500.0,
          0.0
        ],
        [
          -453.154,
          0.0,
          -211.31
        ],
        [
          18759.7,
          462.555,
          2661.08
        ]
      ],
      "objLayer": 0,
      "props": {}
    },
    "bdt_t1_bomb_zone_03": {
      "type": "Sphere",
      "tm": [
        [
          86.8242,
          0.0,
          492.404
        ],
        [
          0.0,
          500.0,
          0.0
        ],
        [
          -492.404,
          0.0,
          86.8242
        ],
        [
          32153.5,
          587.54,
          3003.0
        ]
      ],
      "objLayer": 0,
      "props": {}
    },
    "bdt_t1_bomb_zone_04": {
      "type": "Sphere",
      "tm": [
        [
          -3.05176E-05,
          0.0,
          500.001
        ],
        [
          0.0,
          500.0,
          0.0
        ],
        [
          -500.001,
          0.0,
          -3.05176E-05
        ],
        [
          34335.8,
          124.463,
          -5244.17
        ]
      ],
      "objLayer": 0,
      "props": {}
    },
    "bdt_t1_bomb_zone_05": {
      "type": "Sphere",
      "tm": [
        [
          453.154,
          0.0,
          211.31
        ],
        [
          0.0,
          500.0,
          0.0
        ],
        [
          -211.31,
          0.0,
          453.154
        ],
        [
          -5444.91,
          472.111,
          35093.5
        ]
      ],
      "objLayer": 0,
      "props": {}
    },
    "bdt_t1_bomb_zone_06": {
      "type": "Sphere",
      "tm": [
        [
          -304.38,
          0.0,
          396.676
        ],
        [
          0.0,
          500.0,
          0.0
        ],
        [
          -396.676,
          0.0,
          -304.38
        ],
        [
          -5359.88,
          544.85,
          26135.1
        ]
      ],
      "objLayer": 0,
      "props": {}
    },
    "bdt_t1_bomb_zone_07": {
      "type": "Sphere",
      "tm": [
        [
          -86.8243,
          0.0,
          492.405
        ],
        [
          0.0,
          500.0,
          0.0
        ],
        [
          -492.405,
          0.0,
          -86.8243
        ],
        [
          3727.47,
          848.976,
          24998.1
        ]
      ],
      "objLayer": 0,
      "props": {}
    },
    "bdt_t1_bomb_zone_08": {
      "type": "Sphere",
      "tm": [
        [
          -268.65,
          0.0,
          421.697
        ],
        [
          0.0,
          500.0,
          0.0
        ],
        [
          -421.697,
          0.0,
          -268.65
        ],
        [
          2508.18,
          789.278,
          29709.4
        ]
      ],
      "objLayer": 0,
      "props": {}
    },
    "bdt_t2_bomb_zone_01": {
      "type": "Sphere",
      "tm": [
        [
          230.875,
          0.0,
          443.506
        ],
        [
          0.0,
          500.0,
          0.0
        ],
        [
          -443.506,
          0.0,
          230.875
        ],
        [
          -22993.1,
          617.418,
          54.4946
        ]
      ],
      "objLayer": 0,
      "props": {}
    },
    "bdt_t2_bomb_zone_02": {
      "type": "Sphere",
      "tm": [
        [
          394.64,
          0.0,
          307.017
        ],
        [
          0.0,
          500.0,
          0.0
        ],
        [
          -307.017,
          0.0,
          394.64
        ],
        [
          -3684.2,
          117.487,
          -31930.0
        ]
      ],
      "objLayer": 0,
      "props": {}
    },
    "bdt_t2_bomb_zone_03": {
      "type": "Sphere",
      "tm": [
        [
          211.309,
          0.0,
          453.154
        ],
        [
          0.0,
          500.0,
          0.0
        ],
        [
          -453.154,
          0.0,
          211.309
        ],
        [
          -4635.73,
          113.55,
          -16583.9
        ]
      ],
      "objLayer": 0,
      "props": {}
    },
    "bdt_t2_bomb_zone_04": {
      "type": "Sphere",
      "tm": [
        [
          129.41,
          0.0,
          482.963
        ],
        [
          0.0,
          500.0,
          0.0
        ],
        [
          -482.963,
          0.0,
          129.41
        ],
        [
          8261.97,
          204.971,
          -30897.1
        ]
      ],
      "objLayer": 0,
      "props": {}
    },
    "bdt_t2_bomb_zone_05": {
      "type": "Sphere",
      "tm": [
        [
          -3.05176E-05,
          0.0,
          500.001
        ],
        [
          0.0,
          500.0,
          0.0
        ],
        [
          -500.001,
          0.0,
          -3.05176E-05
        ],
        [
          -17939.5,
          779.346,
          -13596.3
        ]
      ],
      "objLayer": 0,
      "props": {}
    },
    "bdt_t2_bomb_zone_06": {
      "type": "Sphere",
      "tm": [
        [
          286.787,
          0.0,
          409.576
        ],
        [
          0.0,
          500.0,
          0.0
        ],
        [
          -409.576,
          0.0,
          286.787
        ],
        [
          -21857.7,
          545.415,
          -10943.5
        ]
      ],
      "objLayer": 0,
      "props": {}
    },
    "bdt_t2_bomb_zone_07": {
      "type": "Sphere",
      "tm": [
        [
          -3.05176E-05,
          0.0,
          500.001
        ],
        [
          0.0,
          500.0,
          0.0
        ],
        [
          -500.001,
          0.0,
          -3.05176E-05
        ],
        [
          -5032.23,
          60.0667,
          -21050.7
        ]
      ],
      "objLayer": 0,
      "props": {}
    },
    "bdt_t2_bomb_zone_08": {
      "type": "Sphere",
      "tm": [
        [
          -3.05176E-05,
          0.0,
          500.001
        ],
        [
          0.0,
          500.0,
          0.0
        ],
        [
          -500.001,
          0.0,
          -3.05176E-05
        ],
        [
          -14777.2,
          855.76,
          -4188.96
        ]
      ],
      "objLayer": 0,
      "props": {}
    },
    "bdt_center_area": {
      "type": "Box",
      "tm": [
        [
          87681.2,
          0.0,
          -87681.2
        ],
        [
          0.0,
          1500.0,
          0.0
        ],
        [
          14142.1,
          0.0,
          14142.1
        ],
        [
          0.0,
